           0,0
           0,0
           0,0
           0,0
           0,0
           0,0
           0,0
           0,0
           0,0
           0,0
           0,0
           0,0
           0,0
           0,0
           0,0
           0,0
           0,0
           0,0
           0,0
           0,0
           0,0
           0,0
           0,0
           0,0
           0,0
           0,0
           0,0
           0,0
           0,0
           0,0
           0,0
           0,0
           0,0
           0,0
           0,0
           0,0
           0,0
           0,0
  8.5423e-05,1.11552e-05
  0.00347348,7.04448e-05
   0.0475268,0.00027928
    0.293345,0.00086072
     1.00624,0.00157364
     2.23792,0.00203006
      3.6265,0.00236691
     4.62155,0.00197253
     4.89543,0.0030356
     4.49195,0.00311388
     3.65888,0.00260671
     2.69465,0.00207246
     1.81527,0.00126239
      1.1321,0.00105178
    0.653375,0.00125625
    0.353151,0.000935318
    0.179801,0.000677507
   0.0885193,0.000517015
   0.0487776,0.000317826
   0.0417205,0.000328545
   0.0604272,0.000431835
    0.105573,0.000512693
    0.183827,0.000512887
     0.30072,0.000640366
    0.453446,0.000581859
    0.628304,0.000616718
    0.797514,0.00077599
    0.921991,0.000916186
    0.970965,0.00111123
    0.929929,0.00121483
    0.808528,0.000789195
    0.641218,0.000548215
    0.465099,0.000545443
    0.316573,0.00060363
    0.219314,0.000608648
    0.191518,0.000713531
    0.254651,0.00080897
    0.433916,0.000962649
    0.749062,0.00116936
     1.19656,0.000997223
     1.72711,0.000867463
     2.23465,0.00132938
     2.59794,0.00156244
     2.71562,0.00213759
     2.55908,0.0019231
     2.18198,0.00137928
     1.69028,0.000871111
     1.20035,0.000959133
    0.801243,0.00100647
     0.54198,0.00116348
    0.433445,0.00088612
    0.460307,0.000843874
    0.586797,0.000595753
    0.758309,0.000483719
    0.916559,0.000511072
     1.01517,0.000858768
       1.023,0.000960748
    0.919228,0.000605535
    0.780484,0.000464852
    0.653833,0.000618015
    0.571036,0.000862532
    0.572848,0.00100249
