        2000     7.56976     7.56976           0
        2000     7.56628     7.56802  0.00174352
        2000     7.57816      7.5714  0.00352537
        2000     7.53169     7.56147    0.010236
        2000     7.58734     7.56665  0.00946794
        2000     7.61655     7.57496    0.011355
        2000     7.58688     7.57667  0.00974666
        2000     7.55896     7.57445   0.0087262
        2000     7.60662     7.57803  0.00848528
        2000      7.5377     7.57399   0.0085942
        2000     7.54891     7.57171  0.00810121
        2000     7.50583     7.56622  0.00921073
        2000     7.62166     7.57049  0.00948519
        2000     7.56983     7.57044   0.0087817
        2000     7.58278     7.57126  0.00821659
        2000     7.53685     7.56911  0.00798127
        2000     7.55695      7.5684  0.00753116
        2000     7.62943     7.57179  0.00786853
        2000     7.60588     7.57358  0.00765611
        2000     7.58289     7.57405  0.00727813
        2000     7.58511     7.57457  0.00694291
        2000     7.62926     7.57706  0.00707103
        2000     7.54058     7.57547  0.00694029
        2000     7.65504     7.57879  0.00742593
        2000     7.60666      7.5799  0.00720945
        2000     7.61599     7.58129  0.00706428
        2000     7.67053      7.5846  0.00755855
        2000     7.62414     7.58601  0.00741925
        2000     7.56466     7.58527  0.00719659
        2000     7.52428     7.58324  0.00724371
        2000     7.58844     7.58341  0.00700816
        2000     7.61063     7.58426  0.00683875
        2000     7.58902      7.5844  0.00662985
        2000     7.57558     7.58414  0.00643713
        2000     7.61059      7.5849  0.00629603
        2000     7.60513     7.58546   0.0061444
        2000     7.57381     7.58515  0.00598432
        2000     7.64464     7.58671  0.00603146
        2000      7.5787     7.58651  0.00587837
        2000        7.65     7.58809  0.00594533
        2000     7.64301     7.58943  0.00595122
        2000     7.59815     7.58964   0.0058115
        2000     7.67271     7.59157  0.00599455
        2000     7.61598     7.59213  0.00588293
        2000     7.61084     7.59254  0.00576572
        2000      7.6035     7.59278  0.00564402
        2000     7.62771     7.59352  0.00557242
        2000     7.61046     7.59388  0.00546649
        2000      7.5391     7.59276  0.00546922
        2000     7.58335     7.59257  0.00536203
