        2000     -7.5507     -7.5507           0
        2000    -7.55197    -7.55134  0.00063405
        2000    -7.54881     -7.5505 0.000917746
        2000    -7.55749    -7.55224  0.00186533
        2000     -7.5471    -7.55122  0.00177343
        2000    -7.54264    -7.54979  0.00203424
        2000    -7.54788    -7.54951   0.0017406
        2000    -7.55322    -7.54998  0.00157692
        2000    -7.54364    -7.54927  0.00155865
        2000    -7.55614    -7.54996  0.00155391
        2000    -7.55432    -7.55036  0.00146036
        2000     -7.5625    -7.55137  0.00167393
        2000    -7.54186    -7.55064  0.00170476
        2000    -7.55122    -7.55068  0.00157885
        2000    -7.54856    -7.55054   0.0014766
        2000    -7.55672    -7.55092  0.00143418
        2000    -7.55297    -7.55104  0.00135256
        2000    -7.54027    -7.55045  0.00140872
        2000    -7.54505    -7.55016  0.00136247
        2000    -7.54837    -7.55007  0.00129564
        2000     -7.5487    -7.55001  0.00123413
        2000    -7.54039    -7.54957  0.00125521
        2000    -7.55593    -7.54985  0.00123082
        2000    -7.53588    -7.54926  0.00131421
        2000    -7.54387    -7.54905  0.00127887
        2000    -7.54263     -7.5488  0.00125326
        2000    -7.53259     -7.5482  0.00134722
        2000    -7.54124    -7.54795  0.00132181
        2000    -7.55144    -7.54807  0.00128108
        2000     -7.5593    -7.54845    0.001293
        2000    -7.54749    -7.54842  0.00125097
        2000    -7.54388    -7.54828   0.0012195
        2000    -7.54799    -7.54827    0.001182
        2000    -7.54963    -7.54831  0.00114741
        2000    -7.54414    -7.54819  0.00112048
        2000    -7.54477    -7.54809  0.00109303
        2000    -7.54959    -7.54813  0.00106385
        2000    -7.53789    -7.54786  0.00106997
        2000    -7.54945     -7.5479  0.00104297
        2000    -7.53623    -7.54761  0.00105762
        2000    -7.53768    -7.54737  0.00105957
        2000    -7.54605    -7.54734  0.00103451
        2000     -7.5322    -7.54699   0.0010698
        2000    -7.54209    -7.54688  0.00105111
        2000    -7.54401    -7.54681  0.00102946
        2000    -7.54426    -7.54676  0.00100835
        2000    -7.54011    -7.54662 0.000996737
        2000    -7.54294    -7.54654 0.000978756
        2000    -7.55611    -7.54673 0.000978281
        2000    -7.54825    -7.54676 0.000958997
