1.19039
1.1575
1.10253
1.02723
0.934275
0.827831
0.71361
0.598761
0.491401
0.399585
0.329985
0.286625
0.270145
0.277891
0.304751
0.344361
0.390328
0.437082
0.480344
0.51724
0.546219
0.566841
0.579531
0.5853
0.585613
0.582118
0.576501
0.570371
0.565175
0.562009
0.561593
0.564255
0.569938
0.578313
0.588709
0.600405
0.612652
0.624758
0.636136
0.646278
0.654835
0.661476
0.665893
0.667863
0.667157
0.663648
0.657322
0.648469
0.637748
0.626171
0.61503
0.605698
0.599443
0.597264
0.599652
0.606478
0.61699
0.630058
0.644248
0.658069
0.670137
0.679387
0.68507
0.686816
0.684587
0.678754
0.66999
0.659229
0.647473
0.635654
0.624439
0.614147
0.604845
0.596432
0.588881
0.582404
0.577498
0.574844
0.575035
0.578192
0.583787
0.590677
0.597538
0.603419
0.607993
0.611483
0.614379
0.617098
0.619679
0.621834
0.622985
0.622584
0.620288
0.616042
0.610147
0.60307
0.595352
0.587464
0.579884
0.573032
0.567324
0.563154
0.560966
0.561096
0.563716
0.56878
0.57601
0.584881
0.594773
0.605037
0.615076
0.624475
0.633018
0.640582
0.647049
0.652279
0.656052
0.658137
0.658351
0.656559
0.65281
0.647427
0.640833
0.633649
0.626488
0.619947
0.614423
0.610088
0.606906
0.604699
0.603164
0.601972
0.600825
0.599597
0.598312
0.597234
0.596836
0.597662
0.600131
0.604432
0.610334
0.617145
0.623908
0.629525
0.633046
0.633834
0.631741
0.627149
0.620777
0.613569
0.606411
0.599824
0.594009
0.588756
0.583608
0.578173
0.572335
0.566378
0.560992
0.557174
0.55595
0.558099
0.563996
0.573532
0.586123
0.600867
0.61674
0.632705
0.647881
0.661585
0.67329
0.682708
0.689646
0.693984
0.695602
0.694534
0.690859
0.684783
0.676589
0.66662
0.655239
0.642702
0.629222
0.615027
0.600417
0.585868
0.571997
0.559527
0.549125
0.541315
0.536371
0.534289
0.534853
0.537693
0.542429
0.548717
0.556247
0.564752
0.573994
0.583739
0.593698
0.603617
0.613249
0.622394
0.63103
0.639195
0.647
0.654533
0.661825
0.668764
0.675073
0.680334
0.684121
0.685978
0.685596
0.682673
0.67702
0.668611
0.657678
0.644813
0.630777
0.616459
0.60275
0.590372
0.579874
0.571643
0.566026
0.563428
0.564123
0.568075
0.574924
0.583934
0.594121
0.604491
0.614077
0.622066
0.62784
0.630956
0.631252
0.628828
0.624019
0.617345
0.609558
0.601458
0.59382
0.587235
0.582196
0.579059
0.578127
0.579617
0.583597
0.589988
0.59847
0.608389
0.61899
0.629512
0.639274
0.647779
0.654819
0.660423
0.664644
0.667559
0.669151
0.66928
0.667672
0.664056
0.658293
0.650517
0.641078
0.630602
0.619859
0.609549
0.600239
0.592284
0.58578
0.580551
0.576382
0.573034
0.570299
0.568205
0.566971
0.566953
0.568595
0.572258
0.578118
0.586011
0.595372
0.60541
0.615112
0.623413
0.629387
0.632479
0.632578
0.630122
0.625949
0.621035
0.616308
0.612404
0.609616
0.607926
0.607176
0.607137
0.607582
0.608325
0.609274
0.610448
0.611909
0.613731
0.61593
0.618444
0.6211
0.6235
0.625129
0.625415
0.623899
0.620279
0.614617
0.607441
0.599593
0.592153
0.586199
0.582577
0.581729
0.583681
0.587964
0.593792
0.600115
0.605905
0.610367
0.613069
0.614088
0.613917
0.613299
0.612988
0.613556
0.615259
0.61815
0.622058
0.626663
0.631513
0.636071
0.639739
0.641889
0.641909
0.639407
0.634344
0.627022
0.618194
0.608923
0.600508
0.594182
0.590918
0.591172
0.594834
0.60128
0.609443
0.618067
0.625891
0.631856
0.635155
0.635389
0.632551
0.627001
0.619306
0.61022
0.600427
0.590563
0.58122
0.572995
0.566598
0.562791
0.562259
0.565469
0.572536
0.583163
0.596638
0.611991
0.628034
0.643465
0.657029
0.667662
0.67456
0.677249
0.675661
0.670143
0.661445
0.650617
0.638862
0.627354
0.617059
0.608686
0.602643
0.598974
0.597483
0.597693
0.598961
0.600448
0.601283
0.600793
0.598621
0.594817
0.589758
0.584107
0.578623
0.573962
0.570666
0.569059
0.569306
0.571503
0.575652
0.581714
0.589493
0.598695
0.608929
0.619648
0.630234
0.639981
0.648186
0.654336
0.658038
0.65918
0.657882
0.654479
0.649514
0.643586
0.637375
0.631523
0.626567
0.622762
0.620163
0.618613
0.617718
0.616954
0.615703
0.613423
0.609719
0.604539
0.598097
0.590919
0.583872
0.577998
0.574317
0.573581
0.576088
0.581495
0.588927
0.59706
0.60456
0.610447
0.6143
0.61641
0.617677
0.619267
0.622171
0.626721
0.632565
0.638844
0.644568
0.649035
0.65189
0.653008
0.652515
0.650586
0.647329
0.642927
0.637649
0.631792
0.625822
0.620021
0.614599
0.609649
0.605259
0.601567
0.598786
0.597275
0.597497
0.599857
0.604565
0.611593
0.620506
0.630566
0.640739
0.649782
0.656597
0.660082
0.659427
0.654189
0.644411
0.63062
0.613799
0.595395
0.577175
0.56095
0.548414
0.540876
0.539148
0.543347
0.552782
0.566064
0.581282
0.596199
0.6087
0.617172
0.620795
0.619674
0.61478
0.607714
0.600324
0.594245
0.590651
0.590001
0.592105
0.596318
0.601636
0.607028
0.611606
0.614735
0.616173
0.61604
0.614784
0.613043
0.611506
0.610785
0.6113
0.613211
0.616434
0.620818
0.626117
0.632175
0.638827
0.645926
0.653256
0.660546
0.667395
0.673362
0.678065
0.681162
0.682279
0.681136
0.677545
0.671397
0.66279
0.652128
0.640079
0.627492
0.615092
0.603341
0.592333
0.581837
0.571561
0.561343
0.551294
0.541835
0.533563
0.527167
0.523298
0.522411
0.524703
0.530137
0.538494
0.549318
0.562118
0.576306
0.591238
0.606267
0.620766
0.634139
0.645833
0.655291
0.662076
0.665933
0.666764
0.664654
0.659769
0.652393
0.642926
0.631813
0.619654
0.607189
0.595242
0.584718
0.576561
0.571497
0.570119
0.572733
0.579209
0.588815
0.600336
0.61228
0.623249
0.632187
0.638528
0.642171
0.643335
0.642477
0.640087
0.636772
0.633117
0.629639
0.62681
0.624872
0.623783
0.623316
0.623205
0.623167
0.623016
0.622728
0.622311
0.621874
0.621587
0.621643
0.622148
0.623172
0.624616
0.626191
0.627397
0.627594
0.626187
0.622704
0.616923
0.608997
0.59945
0.589147
0.579171
0.570674
0.564661
0.5618
0.562328
0.566064
0.57247
0.580703
0.58975
0.598454
0.605599
0.610127
0.611342
0.609142
0.60412
0.597461
0.590748
0.585652
0.583567
0.5854
0.591384
0.601042
0.613366
0.626901
0.64012
0.651671
0.660603
0.666407
0.66906
0.668913
0.666529
0.66252
0.657354
0.651353
0.644623
0.637235
0.629317
0.621104
0.612976
0.605508
0.599387
0.595217
0.593407
0.594096
0.59706
0.601716
0.607212
0.612622
0.6171
0.619962
0.620852
0.619689
0.616637
0.612006
0.606211
0.599769
0.59322
0.587131
0.582004
0.578447
0.576999
0.578108
0.582107
0.589109
0.598937
0.611111
0.624773
0.638765
0.651825
0.662764
0.670704
0.675018
0.675294
0.671311
0.663086
0.65092
0.635587
0.618364
0.601028
0.585627
0.574187
0.568138
0.568141
0.573887
0.584261
0.59758
0.612053
0.626041
0.638244
0.647725
0.653849
0.656217
0.654634
0.649156
0.640175
0.628396
0.614858
0.600805
0.587523
0.576121
0.567386
0.561767
0.55939
0.560072
0.563387
0.568715
0.575332
0.58251
0.589678
0.596499
0.60291
0.609095
0.615246
0.621581
0.628152
0.634826
0.64126
0.646959
0.651387
0.654025
0.654385
0.65215
0.647199
0.639646
0.629866
0.618467
0.606316
0.594387
0.583741
0.575408
0.57025
0.568718
0.57068
0.575484
0.582006
0.588947
0.59515
0.59983
0.602725
0.60404
0.604335
0.604407
0.605105
0.607146
0.610935
0.616434
0.623236
0.63068
0.638027
0.644627
0.649987
0.653718
0.655499
0.655065
0.652136
0.64665
0.638718
0.628841
0.61785
0.606895
0.59735
0.590434
0.587062
0.58751
0.591332
0.597467
0.604591
0.611374
0.616775
0.620124
0.621197
0.620154
0.617396
0.613499
0.609067
0.604697
0.60084
0.597907
0.596243
0.59617
0.597856
0.601365
0.606475
0.612779
0.619597
0.626173
0.631659
0.635326
0.636713
0.635711
0.632575
0.627762
0.621833
0.615536
0.609701
0.605181
0.602691
0.602734
0.605375
0.610327
0.616922
0.624335
0.631707
0.63831
0.643571
0.647153
0.648993
0.64923
0.648158
0.64614
0.643342
0.639675
0.634988
0.629163
0.622242
0.614529
0.606601
0.599195
0.592918
0.588118
0.584823
0.582745
0.581432
0.580508
0.579755
0.579212
0.579069
0.579729
0.581597
0.584994
0.590054
0.59663
0.604304
0.612504
0.620576
0.627871
0.633789
0.637864
0.639769
0.639324
0.636583
0.631784
0.625321
0.617783
0.6099
0.602441
0.596107
0.591376
0.588539
0.587777
0.589139
0.592565
0.597939
0.604994
0.613314
0.622227
0.630912
0.638488
0.644119
0.647217
0.647481
0.645049
0.640332
0.63385
0.626238
0.618084
0.609933
0.602269
0.595558
0.590271
0.586775
0.585202
0.58543
0.586934
0.588934
0.590554
0.590939
0.589491
0.586053
0.581057
0.575502
0.570819
0.568581
0.570115
0.576249
0.587111
0.602039
0.619712
0.638352
0.656012
0.670875
0.681498
0.687092
0.687608
0.683656
0.676419
0.667303
0.657661
0.648577
0.640681
0.634235
0.629268
0.625711
0.623483
0.622452
0.622366
0.622761
0.622883
0.62192
0.619034
0.613637
0.605464
0.594707
0.581953
0.568249
0.554947
0.543409
0.534797
0.529915
0.52906
0.53221
0.539068
0.549174
0.561989
0.576963
0.593503
0.611013
0.628887
0.646402
0.662768
0.67703
0.688184
0.695341
0.697868
0.695457
0.688203
0.676498
0.661112
0.643041
0.623489
0.603887
0.585737
0.570554
0.559736
0.55435
0.554807
0.560791
0.571316
0.584931
0.600082
0.615299
0.629346
0.641182
0.650055
0.655468
0.657177
0.655294
0.65022
0.642587
0.633129
0.622606
0.611736
0.601275
0.592039
0.584744
0.579992
0.578101
0.579087
0.582692
0.588378
0.595575
0.603793
0.6127
0.622078
0.631758
0.641486
0.650825
1.23138
1.25686
1.27134
1.27205
1.25728
1.22644
1.18032
1.12119
1.05293
0.980928
0.911995
0.853356
0.810868
0.787262
0.781377
0.78868
0.80291
0.817952
0.828941
0.832808
0.828219
0.815544
0.796735
0.775317
0.756092
0.744415
0.744875
0.759995
0.789377
0.830091
0.87764
0.927212
0.974372
1.0157
1.04891
1.07282
1.08716
1.09248
1.08994
1.08107
1.06764
1.05134
1.0336
1.01565
0.998254
0.98194
0.967002
0.95334
0.940435
0.927097
0.911762
0.892932
0.869596
0.84175
0.810906
0.780328
0.754912
0.73999
0.739371
0.753541
0.779606
0.812815
0.848336
0.882336
0.912125
0.935912
0.9527
0.962245
0.964962
0.962001
0.95509
0.946194
0.937276
0.930155
0.926259
0.926623
0.931776
0.941679
0.955633
0.972416
0.990412
1.00776
1.02265
1.03338
1.03855
1.03722
1.02889
1.01365
0.992194
0.965725
0.935822
0.904326
0.873074
0.843649
0.816984
0.793176
0.771716
0.75205
0.73438
0.719952
0.710969
0.709869
0.718371
0.736737
0.763716
0.796981
0.833781
0.871356
0.907139
0.938902
0.964767
0.983503
0.994755
0.999366
0.999308
0.99729
0.995878
0.996544
0.999198
1.00241
1.00417
1.00279
0.997491
0.988623
0.977186
0.964469
0.951737
0.94008
0.930214
0.922542
0.917114
0.91373
0.912167
0.912223
0.913464
0.915092
0.915802
0.914047
0.908541
0.898741
0.88503
0.868246
0.849221
0.828754
0.807937
0.78844
0.772526
0.762611
0.76062
0.767515
0.782974
0.805433
0.832453
0.861304
0.889467
0.914803
0.935679
0.951086
0.960715
0.964978
0.964958
0.962153
0.958179
0.954585
0.952408
0.952315
0.954579
0.959155
0.965656
0.973464
0.981667
0.989262
0.99514
0.998128
0.996943
0.990367
0.977425
0.9578
0.932188
0.902324
0.870776
0.84035
0.813498
0.791876
0.776177
0.766282
0.761551
0.761125
0.764143
0.769947
0.778102
0.788418
0.800921
0.815723
0.832853
0.852047
0.87271
0.894038
0.915274
0.935998
0.956089
0.975595
0.994287
1.0115
1.02619
1.03716
1.04338
1.04427
1.03995
1.03129
1.01955
1.00603
0.991906
0.977861
0.964142
0.950616
0.936967
0.923056
0.90909
0.895459
0.882454
0.869822
0.856631
0.841817
0.824794
0.805909
0.786557
0.76876
0.754595
0.745742
0.743273
0.747547
0.758296
0.774698
0.795537
0.819498
0.84539
0.872255
0.899242
0.925625
0.950657
0.973701
0.994312
1.0123
1.02755
1.04007
1.04972
1.05617
1.05893
1.05744
1.05122
1.04032
1.02528
1.00717
0.987235
0.966889
0.947377
0.929772
0.91468
0.902117
0.89155
0.881779
0.87133
0.858851
0.843651
0.825848
0.806575
0.787489
0.77036
0.756524
0.746547
0.740405
0.737777
0.738475
0.742822
0.751556
0.765551
0.785166
0.809821
0.837999
0.867693
0.897102
0.925025
0.950768
0.974001
0.99457
1.01232
1.02713
1.03887
1.04747
1.0528
1.05485
1.05347
1.04843
1.03942
1.02629
1.00942
0.989897
0.96922
0.949046
0.93073
0.91507
0.902217
0.891735
0.882701
0.873948
0.864266
0.852746
0.838938
0.823024
0.805807
0.788759
0.773873
0.763332
0.758874
0.761428
0.770874
0.786344
0.806436
0.829543
0.854027
0.878383
0.901309
0.921958
0.93984
0.954761
0.966962
0.976878
0.985071
0.992043
0.998286
1.00412
1.00964
1.01482
1.0194
1.02294
1.02474
1.02397
1.01973
1.01128
0.998255
0.980892
0.959965
0.936675
0.912321
0.888099
0.864964
0.843853
0.825655
0.810846
0.798953
0.788507
0.777913
0.76655
0.755287
0.746146
0.741441
0.742996
0.75164
0.767209
0.788644
0.814248
0.841923
0.869413
0.894544
0.915403
0.930709
0.94011
0.944376
0.945223
0.945033
0.946105
0.950291
0.958562
0.970917
0.986579
1.00427
1.02236
1.03895
1.05198
1.05941
1.05928
1.05032
1.0323
1.00618
0.974239
0.93965
0.905965
0.876538
0.854012
0.840019
0.834992
0.83823
0.848035
0.861877
0.876738
0.889791
0.898913
0.903002
0.901997
0.896895
0.889442
0.881873
0.876241
0.873767
0.874545
0.877787
0.882453
0.887723
0.893104
0.898239
0.902789
0.906372
0.90859
0.908952
0.907168
0.90314
0.897283
0.890572
0.884601
0.881366
0.882753
0.889808
0.902226
0.918367
0.935616
0.951075
0.96217
0.967076
0.964963
0.955963
0.941165
0.922179
0.900959
0.879594
0.860069
0.844104
0.832975
0.827399
0.827452
0.832651
0.842112
0.854753
0.869505
0.88537
0.901396
0.916682
0.930301
0.941334
0.949056
0.953184
0.953861
0.951684
0.947672
0.943001
0.938998
0.936633
0.936606
0.938956
0.942841
0.9467
0.948729
0.947244
0.941151
0.930177
0.91493
0.896937
0.87821
0.861102
0.847806
0.839747
0.837149
0.839024
0.843397
0.847982
0.850877
0.851053
0.848491
0.844068
0.839205
0.835495
0.834402
0.837058
0.844197
0.856077
0.872218
0.891577
0.912494
0.933096
0.951534
0.966365
0.976753
0.982432
0.983595
0.980749
0.974474
0.965421
0.954231
0.941812
0.929203
0.917782
0.909155
0.904925
0.906351
0.914013
0.927527
0.945565
0.965879
0.985767
1.00239
1.0132
1.01644
1.01122
0.99757
0.97642
0.949578
0.919537
0.889259
0.861904
0.840356
0.826501
0.820783
0.822316
0.829153
0.838972
0.849807
0.86047
0.870521
0.879865
0.888572
0.896682
0.904064
0.91032
0.914768
0.916646
0.915494
0.911419
0.905259
0.898408
0.892363
0.888391
0.887109
0.888476
0.891979
0.896853
0.902354
0.908022
0.913547
0.918735
0.92326
0.926492
0.927814
0.926857
0.923646
0.918567
0.912384
0.905968
0.899988
0.894699
0.889981
0.885515
0.88105
0.87673
0.873092
0.870978
0.871411
0.875177
0.882544
0.893171
0.906147
0.92012
0.933429
0.944476
0.952036
0.955141
0.953293
0.946403
0.934831
0.919461
0.901842
0.884038
0.868475
0.857489
0.852594
0.854018
0.860524
0.869907
0.879658
0.887736
0.892864
0.894716
0.893913
0.891573
0.889126
0.887886
0.888658
0.891732
0.897214
0.905111
0.915227
0.926936
0.939044
0.949901
0.957571
0.960386
0.957311
0.948178
0.933733
0.915545
0.895766
0.876721
0.86051
0.848812
0.84267
0.842509
0.848182
0.85927
0.875065
0.894393
0.915664
0.936756
0.955211
0.968581
0.974984
0.973604
0.965067
0.951547
0.936285
0.922725
0.913567
0.909977
0.911431
0.916294
0.922241
0.927078
0.929113
0.927333
0.921375
0.911408
0.897994
0.882053
0.864896
0.848036
0.833046
0.821266
0.813553
0.810206
0.811038
0.815688
0.823903
0.835582
0.850819
0.869539
0.891105
0.914139
0.936689
0.956739
0.972622
0.983393
0.98893
0.989845
0.987091
0.981696
0.974442
0.965827
0.95597
0.944556
0.931042
0.914907
0.896076
0.875137
0.853423
0.832952
0.815877
0.804166
0.79916
0.801432
0.81084
0.826503
0.846953
0.870281
0.894256
0.916583
0.935276
0.948962
0.956949
0.959107
0.955733
0.947277
0.934244
0.917363
0.897866
0.877856
0.860331
0.848618
0.845327
0.851443
0.866162
0.887318
0.91186
0.936484
0.95807
0.974096
0.982845
0.9834
0.975583
0.959858
0.93744
0.91061
0.882735
0.857927
0.840121
0.831984
0.834348
0.846349
0.865963
0.890807
0.918653
0.947427
0.974982
0.99895
1.01704
1.0273
1.0285
1.02023
1.00312
0.97867
0.949114
0.917131
0.885384
0.856254
0.831604
0.812715
0.800327
0.7946
0.795268
0.801687
0.812602
0.826447
0.841492
0.856161
0.869331
0.880378
0.889166
0.895897
0.900964
0.9047
0.907206
0.908355
0.907862
0.905618
0.901804
0.897058
0.892321
0.88869
0.887185
0.888589
0.893124
0.90051
0.909935
0.920178
0.929958
0.938194
0.944282
0.948175
0.950159
0.950391
0.948649
0.944324
0.9369
0.926379
0.913657
0.900382
0.888512
0.8796
0.87429
0.872225
0.872371
0.873437
0.874518
0.875273
0.87587
0.876699
0.877962
0.879446
0.880543
0.880575
0.879125
0.876221
0.872441
0.868842
0.866804
0.86767
0.872507
0.881792
0.895341
0.912172
0.930766
0.949398
0.966347
0.980081
0.989255
0.992936
0.99071
0.983013
0.970977
0.956456
0.941561
0.928263
0.918009
0.911527
0.908618
0.908291
0.909105
0.909616
0.908845
0.906446
0.902594
0.897713
0.89224
0.886395
0.880301
0.874047
0.867969
0.862738
0.859357
0.858967
0.862436
0.870031
0.88141
0.895787
0.912216
0.929677
0.94719
0.963718
0.977994
0.988612
0.994176
0.993496
0.985847
0.971155
0.950066
0.92393
0.894617
0.864408
0.835555
0.810007
0.789201
0.774093
0.765257
0.762983
0.767244
0.777674
0.793331
0.812603
0.833528
0.854334
0.873765
0.891194
0.906417
0.919469
0.930338
0.938984
0.945512
0.950221
0.953748
0.956784
0.960015
0.963922
0.968573
0.973545
0.977941
0.980555
0.980032
0.975358
0.966173
0.953027
0.937435
0.921609
0.907845
0.89786
0.892285
0.890489
0.890771
0.891166
0.889902
0.886194
0.880251
0.872968
0.865491
0.858738
0.853247
0.849143
0.846184
0.844121
0.842802
0.842516
0.843818
0.847403
0.853842
0.863383
0.876168
0.892083
0.910613
0.930607
0.95003
0.966263
0.976726
0.979464
0.97383
0.96062
0.941924
0.920776
0.900422
0.883767
0.872973
0.869219
0.872546
0.881877
0.895374
0.910742
0.925562
0.937582
0.945044
0.946732
0.942028
0.931261
0.915647
0.89737
0.879145
0.863769
0.853399
0.848998
0.849836
0.853759
0.858133
0.860906
0.861459
0.860645
0.86039
0.862793
0.869443
0.880979
0.896811
0.915289
0.934031
0.950579
0.962915
0.969872
0.971421
0.968553
0.9629
0.956254
0.949892
0.944379
0.939654
0.935223
0.930453
0.924779
0.917985
0.910215
0.90217
0.894805
0.888815
0.884408
0.881208
0.878378
0.874886
0.869947
0.863267
0.855204
0.846756
0.839501
0.835139
0.834812
0.83862
0.845391
0.853161
0.860097
0.865157
0.868365
0.870689
0.87363
0.878835
0.887569
0.90028
0.916343
0.933978
0.950615
0.963315
0.969512
0.96762
0.957321
0.939709
0.917393
0.894093
0.87374
0.859475
0.852732
0.853088
1.24263
1.29112
1.3375
1.37557
1.39952
1.40479
1.38871
1.35121
1.29546
1.22794
1.15797
1.09545
1.04797
1.01871
1.00662
1.008
1.01809
1.03218
1.04623
1.05723
1.06337
1.06392
1.05885
1.04886
1.03524
1.0199
1.00519
0.9937
0.987943
0.990081
1.0014
1.02191
1.05027
1.08397
1.11995
1.15534
1.18808
1.21672
1.24035
1.25828
1.26965
1.27357
1.26957
1.2579
1.23997
1.21829
1.19568
1.1743
1.15462
1.13542
1.11434
1.08852
1.05576
1.01596
0.972799
0.934242
0.910054
0.906973
0.924964
0.957708
0.996143
1.03223
1.06128
1.08183
1.09454
1.10079
1.10155
1.09723
1.08837
1.07673
1.06576
1.06013
1.06363
1.07776
1.10132
1.13146
1.16432
1.19598
1.22315
1.24364
1.25655
1.26176
1.25976
1.25143
1.23796
1.22099
1.20239
1.18408
1.16724
1.15169
1.13575
1.11669
1.09175
1.05953
1.02147
0.982336
0.948989
0.927707
0.92124
0.928286
0.945127
0.967442
0.991818
1.01611
1.03929
1.06099
1.08116
1.09975
1.11642
1.1305
1.141
1.14686
1.14728
1.14208
1.13184
1.11799
1.10247
1.0871
1.0732
1.0615
1.05243
1.04661
1.04473
1.04735
1.05455
1.06576
1.0798
1.09514
1.10999
1.12248
1.13098
1.13423
1.13147
1.12252
1.10766
1.08723
1.06179
1.03226
1.00031
0.968788
0.941416
0.922117
0.913775
0.917205
0.930886
0.951602
0.975488
0.998852
1.01871
1.03324
1.0418
1.04493
1.04424
1.0421
1.04137
1.04488
1.05467
1.07131
1.09357
1.11896
1.14462
1.16845
1.18998
1.21033
1.23113
1.25245
1.27152
1.28346
1.28355
1.26905
1.24021
1.20007
1.15384
1.10811
1.06946
1.04251
1.02841
1.02472
1.02709
1.03161
1.03619
1.04073
1.04599
1.05229
1.05869
1.06353
1.06535
1.06355
1.05857
1.0516
1.04433
1.03855
1.03591
1.03759
1.04408
1.0552
1.06993
1.08686
1.10429
1.12074
1.13483
1.14541
1.15158
1.15273
1.14856
1.13913
1.12486
1.10652
1.08506
1.06148
1.03694
1.01299
0.991487
0.974493
0.963777
0.960416
0.964463
0.975115
0.990895
1.00971
1.02907
1.04634
1.05921
1.06629
1.06734
1.06333
1.05611
1.04783
1.04059
1.03621
1.03631
1.04218
1.05428
1.0718
1.09293
1.11575
1.13883
1.16118
1.18196
1.20031
1.21533
1.22635
1.23333
1.23708
1.23921
1.24162
1.24487
1.24752
1.24662
1.23926
1.22389
1.20059
1.17077
1.13648
1.09991
1.06312
1.02791
0.995742
0.967919
0.945658
0.929874
0.921066
0.919104
0.923281
0.93247
0.945121
0.95927
0.972906
0.984652
0.994484
1.00392
1.0151
1.02948
1.04713
1.06672
1.08645
1.10465
1.12019
1.13253
1.14131
1.14652
1.14843
1.14774
1.14559
1.1432
1.14159
1.14157
1.14429
1.15153
1.16472
1.18316
1.20342
1.22068
1.23038
1.22919
1.21511
1.18759
1.14762
1.09793
1.04301
0.98865
0.941339
0.907301
0.891091
0.894396
0.915132
0.947854
0.985716
1.02278
1.05563
1.08334
1.10631
1.12519
1.14013
1.15092
1.15748
1.16028
1.1604
1.15925
1.1581
1.15783
1.15873
1.16045
1.16233
1.16378
1.16454
1.16474
1.16502
1.1659
1.16766
1.17009
1.17251
1.17397
1.17325
1.16922
1.16114
1.14877
1.13226
1.11201
1.08864
1.06307
1.03668
1.01118
0.988527
0.970521
0.958496
0.953116
0.954303
0.961278
0.972575
0.986262
1.0002
1.01254
1.02203
1.02846
1.03265
1.03616
1.04068
1.04762
1.05742
1.06955
1.08285
1.09608
1.10844
1.11956
1.12923
1.13694
1.14179
1.14288
1.13995
1.13365
1.12553
1.11762
1.11184
1.1094
1.11027
1.11308
1.11556
1.11526
1.11077
1.10246
1.09168
1.07946
1.06651
1.05432
1.04582
1.04393
1.04953
1.06062
1.07384
1.08677
1.09891
1.11137
1.12567
1.14242
1.16073
1.17859
1.19357
1.20372
1.208
1.20666
1.20115
1.19365
1.18644
1.18136
1.17923
1.17963
1.18086
1.18035
1.17549
1.16446
1.14724
1.12584
1.10374
1.08471
1.07135
1.06424
1.0623
1.06386
1.06743
1.0719
1.07632
1.07949
1.07973
1.07508
1.06399
1.04581
1.02136
0.992993
0.964121
0.938739
0.920529
0.911981
0.913799
0.924849
0.942723
0.964511
0.987679
1.01041
1.03165
1.05072
1.06727
1.08109
1.09203
1.10024
1.10627
1.11093
1.11505
1.1193
1.12409
1.1294
1.13503
1.14053
1.14515
1.14809
1.14865
1.14637
1.14137
1.13445
1.12674
1.11951
1.1137
1.10984
1.10801
1.10792
1.10894
1.1103
1.11113
1.11027
1.10632
1.09795
1.08435
1.06589
1.04409
1.02132
1.00033
0.984012
0.974998
0.975356
0.986191
1.00726
1.03702
1.07253
1.10979
1.14423
1.17155
1.18895
1.19574
1.19341
1.18478
1.17267
1.15877
1.14347
1.12656
1.10838
1.09031
1.07455
1.06314
1.05701
1.0557
1.05751
1.0603
1.06214
1.062
1.05996
1.057
1.05468
1.05448
1.05729
1.06298
1.07032
1.07781
1.08446
1.09015
1.09552
1.1015
1.10863
1.11665
1.12444
1.13042
1.13294
1.13089
1.12381
1.11198
1.09617
1.07765
1.05812
1.03984
1.0255
1.01773
1.01838
1.02797
1.04544
1.06862
1.09499
1.12189
1.14652
1.16607
1.17787
1.18004
1.17195
1.15451
1.13031
1.10326
1.07785
1.058
1.04618
1.04307
1.0477
1.0581
1.07183
1.08654
1.10028
1.11157
1.11935
1.12284
1.12128
1.11403
1.10063
1.08136
1.05759
1.03185
1.0075
0.98789
0.975534
0.971465
0.975316
0.98575
1.00114
1.02014
1.04187
1.06595
1.09191
1.11859
1.14419
1.16644
1.18345
1.1943
1.19903
1.19841
1.19318
1.18368
1.16961
1.15047
1.12616
1.09755
1.06681
1.03728
1.01276
0.996628
0.990969
0.996036
1.01037
1.03122
1.05546
1.08012
1.10281
1.12164
1.13528
1.14279
1.14364
1.13769
1.12536
1.10771
1.08648
1.06391
1.04257
1.02521
1.01406
1.01
1.01195
1.01746
1.02393
1.02963
1.034
1.03746
1.04134
1.04726
1.05646
1.06907
1.0839
1.09887
1.11195
1.12176
1.12783
1.13041
1.13011
1.1277
1.12401
1.11992
1.11619
1.11352
1.11247
1.11319
1.11539
1.11824
1.12061
1.12159
1.12086
1.11879
1.11615
1.11335
1.10993
1.10478
1.09661
1.08442
1.0677
1.04707
1.02435
1.00246
0.984894
0.974912
0.974824
0.985673
1.00726
1.03816
1.07575
1.11653
1.15651
1.19179
1.21919
1.2365
1.24261
1.23757
1.22234
1.19856
1.16845
1.13462
1.09975
1.06616
1.03563
1.00911
0.986873
0.968725
0.954157
0.942791
0.934575
0.929861
0.929271
0.933548
0.943184
0.958157
0.977858
1.00123
1.027
1.05383
1.08035
1.10518
1.12698
1.14457
1.15712
1.16442
1.16675
1.16467
1.1589
1.15001
1.13863
1.1258
1.11311
1.1023
1.09477
1.09095
1.09025
1.09135
1.09258
1.09223
1.08868
1.08077
1.06818
1.05182
1.03391
1.01754
1.00572
1.0003
1.0015
1.00804
1.01787
1.0289
1.03982
1.05042
1.06151
1.07441
1.09024
1.1093
1.1311
1.15448
1.17765
1.19798
1.21247
1.21844
1.21457
1.20128
1.18045
1.15474
1.12707
1.10013
1.07628
1.05749
1.04563
1.0423
1.04819
1.06234
1.08212
1.10365
1.1229
1.13658
1.14263
1.14008
1.12878
1.10915
1.0825
1.05117
1.01861
0.989141
0.967347
0.957342
0.961767
0.981
1.01295
1.05339
1.0968
1.13765
1.17116
1.19392
1.20392
1.20031
1.18317
1.15382
1.11512
1.0717
1.0292
0.993227
0.968043
0.955724
0.95618
0.967792
0.988147
1.01476
1.04545
1.07835
1.11194
1.14483
1.17547
1.20224
1.22353
1.23788
1.24415
1.24171
1.23054
1.21124
1.18494
1.15346
1.11913
1.08458
1.05233
1.02449
1.00229
0.986122
0.975729
0.970681
0.970572
0.975277
0.984849
0.999148
1.01776
1.0398
1.06376
1.08766
1.10917
1.12602
1.13657
1.14021
1.13753
1.12997
1.11927
1.10696
1.0939
1.0804
1.06644
1.0523
1.0387
1.02691
1.01819
1.01354
1.01344
1.01804
1.02712
1.04034
1.05699
1.07603
1.09598
1.11522
1.13243
1.14666
1.15732
1.16385
1.16561
1.16192
1.15226
1.13653
1.11549
1.09128
1.06734
1.04749
1.03427
1.02768
1.02578
1.02664
1.02971
1.03547
1.04426
1.05537
1.06697
1.07687
1.08319
1.08485
1.08189
1.07539
1.06716
1.05936
1.05396
1.05251
1.05598
1.06465
1.07812
1.09562
1.11641
1.13992
1.16559
1.19238
1.21834
1.24081
1.25698
1.26459
1.26249
1.25056
1.2297
1.20156
1.16815
1.13174
1.09463
1.0588
1.02577
0.996659
0.972153
0.952772
0.939004
0.931584
0.931312
0.938491
0.952438
0.97133
0.992563
1.0134
1.0316
1.04582
1.05569
1.06167
1.06492
1.06684
1.06871
1.07127
1.07463
1.07855
1.08296
1.08829
1.09503
1.1035
1.11349
1.12427
1.13474
1.1436
1.14957
1.15157
1.14889
1.14151
1.13042
1.1175
1.10513
1.09588
1.09214
1.09558
1.10663
1.12392
1.14458
1.16508
1.18214
1.19343
1.19761
1.19439
1.18424
1.16822
1.1477
1.12416
1.09906
1.0735
1.04846
1.0249
1.00395
0.987077
0.975815
0.971499
0.974657
0.98474
1.00014
1.01859
1.03753
1.05463
1.06795
1.07603
1.07813
1.07439
1.06585
1.05442
1.04262
1.03327
1.02919
1.03266
1.0449
1.06519
1.09064
1.11679
1.13889
1.1531
1.15741
1.15171
1.13776
1.11893
1.09963
1.0842
1.07541
1.07387
1.07826
1.08639
1.09632
1.10681
1.1173
1.12748
1.13696
1.14534
1.15229
1.15756
1.16119
1.16323
1.16344
1.16137
1.15631
1.1476
1.13518
1.11981
1.10286
1.08554
1.06857
1.05226
1.03732
1.02503
1.01685
1.014
1.01714
1.0263
1.23424
1.27378
1.30951
1.33517
1.34661
1.34226
1.32291
1.29176
1.25434
1.21754
1.18828
1.17119
1.16697
1.17225
1.18122
1.1877
1.18714
1.17753
1.15933
1.13502
1.10857
1.08491
1.06925
1.06612
1.07837
1.10629
1.14738
1.19724
1.25052
1.30184
1.34647
1.38073
1.40228
1.4102
1.40503
1.38868
1.36418
1.33517
1.30562
1.27899
1.25792
1.24394
1.23715
1.23579
1.23644
1.2346
1.22585
1.20697
1.17657
1.13546
1.08711
1.03765
0.994748
0.965262
0.952694
0.95624
0.97196
0.994999
1.02136
1.04871
1.07626
1.10433
1.13361
1.16429
1.19537
1.22464
1.2493
1.26733
1.2788
1.28591
1.29139
1.29642
1.30031
1.30214
1.30219
1.30182
1.30248
1.3047
1.308
1.3113
1.31326
1.31295
1.31001
1.30457
1.29688
1.28705
1.27487
1.2599
1.24147
1.21919
1.19308
1.16392
1.13311
1.10246
1.07391
1.04916
1.02934
1.01526
1.00781
1.00807
1.01662
1.03259
1.05374
1.07714
1.10008
1.12057
1.13745
1.15045
1.16037
1.16902
1.1788
1.19203
1.21023
1.23356
1.26066
1.28898
1.3151
1.3357
1.34802
1.35041
1.34261
1.32569
1.30174
1.27359
1.24428
1.21644
1.19202
1.1722
1.1574
1.14743
1.1414
1.13749
1.13332
1.12636
1.1149
1.09866
1.07902
1.05892
1.04208
1.03186
1.02979
1.03516
1.04578
1.05936
1.07418
1.08888
1.10246
1.1147
1.12653
1.13957
1.15546
1.17495
1.19754
1.22172
1.24558
1.26756
1.28682
1.30325
1.3173
1.32947
1.34004
1.34865
1.35413
1.35482
1.34882
1.33476
1.31239
1.28276
1.24784
1.20996
1.1715
1.13476
1.10256
1.07849
1.06621
1.06781
1.08199
1.10412
1.12811
1.14896
1.16375
1.1716
1.17318
1.16993
1.1635
1.15553
1.14755
1.14089
1.13636
1.13418
1.13403
1.13546
1.13854
1.14412
1.15364
1.16869
1.19049
1.21901
1.25251
1.28735
1.31899
1.34311
1.35684
1.35935
1.35151
1.33498
1.31156
1.28304
1.25112
1.21749
1.18337
1.14956
1.11674
1.08602
1.05901
1.03744
1.02238
1.01398
1.01199
1.01646
1.02753
1.04437
1.06435
1.08351
1.09794
1.10509
1.10439
1.09738
1.08735
1.07872
1.076
1.08273
1.10067
1.12961
1.16763
1.21167
1.25824
1.30384
1.34514
1.37936
1.4044
1.41931
1.42405
1.4196
1.40768
1.39011
1.36867
1.34454
1.3183
1.29005
1.25968
1.22694
1.19181
1.15485
1.11807
1.085
1.06002
1.0461
1.04325
1.04871
1.0586
1.06912
1.07706
1.08005
1.07691
1.06802
1.05543
1.04239
1.03217
1.02706
1.0281
1.03557
1.04963
1.07052
1.09803
1.13076
1.16614
1.20091
1.2321
1.25775
1.27737
1.29193
1.30336
1.31361
1.32358
1.33254
1.33846
1.33889
1.33184
1.31638
1.29279
1.26218
1.22648
1.1883
1.15117
1.11948
1.09767
1.08897
1.09401
1.11078
1.13557
1.16414
1.1926
1.21766
1.23662
1.24763
1.24993
1.24408
1.23169
1.21487
1.19599
1.17728
1.1609
1.14892
1.14275
1.14265
1.14768
1.15598
1.16553
1.17444
1.18174
1.18738
1.19204
1.19688
1.20301
1.21119
1.22167
1.234
1.24724
1.25996
1.27029
1.27614
1.27552
1.26721
1.25078
1.22673
1.19642
1.16187
1.12558
1.09036
1.05884
1.03296
1.01358
1.00063
0.993525
0.99153
0.994001
1.00023
1.00952
1.02161
1.03683
1.05597
1.07938
1.1064
1.13558
1.16532
1.19431
1.22123
1.24469
1.26377
1.27881
1.29174
1.30538
1.32232
1.34395
1.36958
1.39631
1.41982
1.43553
1.43969
1.43032
1.40745
1.37321
1.3317
1.28786
1.24607
1.20915
1.17811
1.15267
1.1317
1.11394
1.09871
1.08623
1.07743
1.07324
1.07408
1.07959
1.08881
1.10033
1.1122
1.12186
1.12665
1.12462
1.11531
1.10038
1.08336
1.06892
1.06152
1.06388
1.07632
1.09698
1.1228
1.15055
1.17739
1.20123
1.22054
1.23432
1.24209
1.24372
1.23932
1.22907
1.21343
1.19375
1.17296
1.15479
1.1423
1.13604
1.13416
1.13422
1.13479
1.13582
1.13814
1.14273
1.14984
1.15857
1.1669
1.17267
1.17489
1.17452
1.17345
1.17296
1.17291
1.17249
1.17152
1.17102
1.17303
1.17993
1.19321
1.21234
1.23481
1.25731
1.27714
1.29257
1.30242
1.30568
1.30175
1.29091
1.27458
1.25489
1.23427
1.21493
1.19853
1.18606
1.17795
1.17416
1.17411
1.17684
1.1811
1.18553
1.18873
1.18966
1.18763
1.18242
1.17427
1.16379
1.15177
1.139
1.12633
1.11464
1.10464
1.09679
1.09105
1.087
1.08399
1.08158
1.07981
1.07973
1.08318
1.09227
1.10824
1.13047
1.15626
1.18184
1.20355
1.21882
1.22655
1.22698
1.22146
1.21214
1.20165
1.19282
1.18818
1.18951
1.19717
1.2101
1.22614
1.24272
1.25768
1.26951
1.2774
1.28092
1.2796
1.273
1.2608
1.2435
1.22286
1.20137
1.18124
1.16386
1.15005
1.14048
1.13596
1.13701
1.14317
1.15276
1.16304
1.17112
1.17477
1.17325
1.16746
1.15944
1.15157
1.1459
1.14379
1.14593
1.15227
1.16196
1.17337
1.18427
1.19246
1.19634
1.19543
1.19024
1.18182
1.17127
1.15942
1.14678
1.13394
1.12164
1.11078
1.10258
1.0985
1.10029
1.10924
1.12527
1.14641
1.1693
1.19047
1.20728
1.21835
1.22351
1.22353
1.21999
1.215
1.21049
1.20757
1.20613
1.20509
1.20313
1.19934
1.19354
1.18652
1.17979
1.17516
1.17404
1.17698
1.18339
1.19196
1.20113
1.20969
1.21687
1.22227
1.22556
1.22638
1.2244
1.21953
1.21206
1.20284
1.19305
1.18408
1.17727
1.17392
1.17509
1.18105
1.19109
1.2035
1.21603
1.22653
1.23296
1.23328
1.22539
1.20774
1.18029
1.14527
1.10725
1.07271
1.0483
1.03862
1.0444
1.06246
1.08727
1.11334
1.13678
1.15611
1.17171
1.18473
1.19607
1.20572
1.21252
1.21487
1.21156
1.20259
1.18943
1.17438
1.15999
1.14825
1.14042
1.13702
1.13821
1.14366
1.15266
1.16421
1.17701
1.1897
1.20082
1.20925
1.21463
1.21758
1.21948
1.22207
1.22661
1.23351
1.24209
1.25075
1.25749
1.26069
1.25978
1.25525
1.24807
1.23857
1.226
1.20922
1.18806
1.16439
1.14202
1.12546
1.11821
1.12136
1.13322
1.15038
1.16908
1.18635
1.20047
1.21064
1.2166
1.21811
1.21518
1.20832
1.1989
1.18902
1.18091
1.1761
1.17467
1.17525
1.17553
1.17328
1.16722
1.15743
1.14547
1.134
1.12603
1.12421
1.12999
1.14298
1.16066
1.17873
1.19227
1.19706
1.1907
1.1733
1.14744
1.11762
1.08891
1.06564
1.05023
1.04311
1.0436
1.05079
1.06384
1.0819
1.10375
1.12763
1.15124
1.17209
1.18766
1.1959
1.19559
1.18666
1.17031
1.14892
1.12579
1.10486
1.09031
1.08582
1.09371
1.11385
1.14338
1.17753
1.2112
1.2402
1.26203
1.27581
1.28197
1.28184
1.27721
1.26949
1.25931
1.2469
1.23273
1.21816
1.20528
1.19588
1.1905
1.18816
1.18701
1.18548
1.18312
1.18068
1.17963
1.18109
1.18507
1.19026
1.19446
1.19571
1.19306
1.1868
1.17843
1.17033
1.16501
1.16442
1.1695
1.1799
1.19414
1.21001
1.22499
1.23655
1.24245
1.24092
1.23097
1.21246
1.1862
1.15408
1.11888
1.0839
1.05248
1.02744
1.01101
1.00478
1.00942
1.02428
1.04743
1.07603
1.10687
1.13702
1.16412
1.18681
1.20465
1.21795
1.22698
1.23185
1.23265
1.23016
1.22631
1.22352
1.22314
1.22439
1.22519
1.22364
1.21912
1.21219
1.20401
1.19583
1.18859
1.18282
1.17845
1.17485
1.17124
1.16711
1.16263
1.15852
1.1555
1.15382
1.15298
1.15198
1.14993
1.14674
1.14326
1.14068
1.1398
1.14065
1.14283
1.14626
1.15178
1.16071
1.17395
1.19094
1.20975
1.22789
1.24327
1.2549
1.26288
1.26797
1.27099
1.27245
1.27211
1.26913
1.26226
1.25042
1.23322
1.21103
1.18508
1.15764
1.13221
1.11329
1.10537
1.11102
1.12944
1.15658
1.18669
1.21417
1.235
1.24725
1.25104
1.24819
1.24125
1.23253
1.22327
1.21346
1.20219
1.18845
1.17187
1.15314
1.13399
1.1167
1.10335
1.09501
1.09128
1.09048
1.09083
1.09156
1.0933
1.09768
1.10645
1.12054
1.1394
1.16105
1.18274
1.20207
1.21773
1.23
1.24006
1.24872
1.2555
1.2588
1.25667
1.24775
1.23193
1.21033
1.18539
1.16055
1.13949
1.12536
1.11988
1.12292
1.13255
1.14552
1.15832
1.16819
1.17386
1.17553
1.17447
1.17259
1.17171
1.17338
1.17847
1.18719
1.1992
1.21351
1.22827
1.24112
1.24965
1.25212
1.24794
1.23771
1.22295
1.20569
1.18803
1.17204
1.15979
1.15302
1.15235
1.15695
1.16487
1.17394
1.182
1.18711
1.18756
1.18214
1.17066
1.15435
1.13572
1.11806
1.10452
1.09742
1.09773
1.10499
1.11746
1.13227
1.14635
1.15735
1.16454
1.16872
1.17115
1.17243
1.17216
1.16977
1.16515
1.15888
1.15201
1.14554
1.14008
1.13563
1.13169
1.12757
1.12304
1.11889
1.11715
1.1203
1.12998
1.14614
1.16711
1.19023
1.21246
1.23075
1.24273
1.24685
1.24286
1.23195
1.21654
1.19966
1.18457
1.17415
1.17057
1.17488
1.18672
1.20428
1.22436
1.24301
1.25651
1.26206
1.25848
1.24637
1.22782
1.20588
1.18373
1.16403
1.14874
1.13898
1.13535
1.1382
1.14762
1.16319
1.184
1.20837
1.2339
1.25728
1.27458
1.28214
1.27757
1.26037
1.23205
1.19583
1.15601
1.11715
1.08321
1.05665
1.03836
1.02786
1.02393
1.0253
1.03128
1.04199
1.05827
1.08097
1.1102
1.14523
1.18472
1.22685
1.26914
1.30854
1.2083
1.21983
1.22991
1.23471
1.2319
1.22096
1.20266
1.17849
1.14988
1.11863
1.08769
1.06195
1.04726
1.04756
1.06189
1.08431
1.10686
1.12304
1.12955
1.12628
1.11542
1.1004
1.08505
1.0726
1.06524
1.06415
1.06998
1.08295
1.10286
1.12893
1.15958
1.19243
1.22457
1.25308
1.27563
1.29071
1.29775
1.29733
1.29113
1.28143
1.27025
1.25838
1.24492
1.22734
1.20277
1.16943
1.12763
1.08035
1.0331
0.99302
0.96678
0.958049
0.966012
0.986233
1.0132
1.04268
1.07242
1.10147
1.12857
1.15145
1.16741
1.17462
1.17298
1.16421
1.15107
1.13651
1.12325
1.11336
1.10814
1.10807
1.11282
1.12155
1.13328
1.14711
1.16219
1.17757
1.19222
1.20504
1.21535
1.22304
1.22868
1.23303
1.23676
1.24008
1.24238
1.24209
1.23696
1.22453
1.20263
1.16989
1.12624
1.07349
1.01557
0.958159
0.907916
0.871379
0.853565
0.856786
0.879878
0.91849
0.966214
1.01624
1.06271
1.1015
1.13032
1.14883
1.15844
1.16183
1.16202
1.16162
1.16228
1.165
1.17043
1.17934
1.19254
1.2103
1.2321
1.25643
1.281
1.30345
1.32151
1.33326
1.33702
1.33151
1.31626
1.29155
1.25859
1.2192
1.17545
1.12969
1.08405
1.04057
1.00123
0.96782
0.941764
0.923886
0.914058
0.911197
0.913512
0.918968
0.925911
0.933477
0.941563
0.950616
0.961431
0.975165
0.993391
1.01779
1.04894
1.08555
1.12447
1.16201
1.19515
1.22217
1.24259
1.25677
1.26561
1.27027
1.27181
1.27107
1.26832
1.26328
1.25517
1.24323
1.22695
1.20627
1.18154
1.15365
1.12389
1.09381
1.06506
1.03914
1.01731
1.00085
0.991323
0.990321
0.998666
1.0156
1.03859
1.06413
1.0887
1.1095
1.12464
1.13318
1.13474
1.12967
1.11919
1.10531
1.09085
1.07894
1.07262
1.0742
1.08498
1.10495
1.13288
1.16659
1.20337
1.24019
1.27399
1.30181
1.32104
1.32954
1.32595
1.30994
1.28255
1.24632
1.20512
1.16328
1.12435
1.0898
1.05914
1.03098
1.00417
0.978569
0.955075
0.935304
0.921091
0.914114
0.915671
0.926445
0.946255
0.973678
1.00586
1.03902
1.06939
1.09418
1.11209
1.12325
1.12891
1.13105
1.13188
1.13363
1.13832
1.14759
1.1622
1.18164
1.20407
1.22659
1.24616
1.26031
1.26777
1.26876
1.26472
1.25786
1.2502
1.24279
1.23539
1.2265
1.21434
1.19787
1.17736
1.15435
1.13104
1.10901
1.08885
1.06987
1.05089
1.03103
1.0105
0.990625
0.973622
0.961899
0.957313
0.96077
0.972168
0.99064
1.01473
1.04246
1.0713
1.09846
1.12125
1.13763
1.14666
1.14873
1.14532
1.13894
1.13262
1.12926
1.13095
1.13855
1.15131
1.16714
1.18338
1.19776
1.20888
1.21649
1.22121
1.22375
1.22444
1.22293
1.2183
1.2093
1.19475
1.17405
1.14764
1.11723
1.08558
1.05587
1.03069
1.01137
0.997958
0.989968
0.98708
0.989364
0.997209
1.01079
1.02962
1.0526
1.07805
1.10412
1.12886
1.15038
1.16729
1.17877
1.18493
1.18661
1.18497
1.181
1.17533
1.16832
1.1606
1.1535
1.14914
1.15007
1.15815
1.17335
1.19319
1.21322
1.2285
1.23507
1.23101
1.21683
1.19525
1.17044
1.14665
1.12695
1.11248
1.10239
1.09438
1.08565
1.07371
1.05731
1.03698
1.01516
0.995852
0.98372
0.983142
0.996646
1.02357
1.05953
1.09784
1.13213
1.15822
1.17435
1.1807
1.17875
1.17089
1.1603
1.15053
1.14484
1.14566
1.15403
1.16949
1.19048
1.21473
1.23962
1.26224
1.27935
1.28748
1.2837
1.26667
1.23727
1.19884
1.1564
1.11523
1.07966
1.05209
1.03319
1.02231
1.01818
1.01909
1.02291
1.0273
1.02972
1.02811
1.02177
1.01156
0.99998
0.990498
0.986685
0.991286
1.00537
1.028
1.05642
1.08677
1.11516
1.13881
1.15651
1.16864
1.17671
1.1829
1.18929
1.19763
1.20902
1.22356
1.24023
1.25713
1.27178
1.28158
1.28426
1.27804
1.26193
1.23601
1.20198
1.16332
1.12483
1.09162
1.06782
1.05562
1.05496
1.06364
1.07819
1.09484
1.11033
1.12232
1.12908
1.12951
1.12319
1.11052
1.09289
1.07266
1.0525
1.03493
1.02184
1.01437
1.01316
1.01848
1.03
1.04662
1.0665
1.08769
1.10851
1.12785
1.14516
1.16031
1.17334
1.18419
1.19265
1.19842
1.2013
1.20108
1.19744
1.19015
1.1793
1.16567
1.15081
1.13661
1.12468
1.11571
1.10928
1.10449
1.10068
1.09803
1.09744
1.09982
1.10525
1.11276
1.121
1.12917
1.13761
1.14758
1.16058
1.17718
1.19609
1.21434
1.22786
1.2329
1.22727
1.21111
1.18671
1.15757
1.127
1.09758
1.07134
1.0501
1.03553
1.02833
1.02775
1.03156
1.03701
1.0421
1.04625
1.05025
1.05589
1.06513
1.07946
1.09899
1.12253
1.14792
1.17264
1.19435
1.21112
1.22151
1.22468
1.22019
1.20805
1.18891
1.16424
1.13655
1.10904
1.08526
1.06823
1.06004
1.06152
1.07229
1.09068
1.11342
1.13613
1.15437
1.16482
1.16631
1.15998
1.14857
1.13554
1.12393
1.11596
1.11293
1.11533
1.12259
1.13307
1.14435
1.1539
1.15991
1.16176
1.1603
1.15747
1.15566
1.15684
1.16223
1.1722
1.18608
1.20199
1.217
1.2275
1.23009
1.22246
1.20365
1.1744
1.13701
1.09509
1.05289
1.01434
0.982273
0.958093
0.942431
0.935932
0.939562
0.95403
0.979235
1.01366
1.0544
1.0975
1.13858
1.17358
1.19923
1.21373
1.21669
1.20906
1.19276
1.17023
1.14412
1.11714
1.09199
1.07128
1.05738
1.05228
1.05715
1.0717
1.09403
1.12104
1.14899
1.17442
1.19449
1.2072
1.21139
1.20673
1.19377
1.17369
1.14805
1.11879
1.08815
1.05885
1.03393
1.01637
1.00834
1.01051
1.0218
1.03985
1.06168
1.08398
1.10373
1.11852
1.12699
1.12893
1.12518
1.11728
1.10711
1.09653
1.0872
1.08063
1.07813
1.08065
1.0885
1.10115
1.11723
1.13455
1.15084
1.164
1.17251
1.17553
1.1729
1.16527
1.15416
1.14172
1.13038
1.1223
1.11875
1.11997
1.12521
1.13309
1.14188
1.14995
1.15612
1.16007
1.16183
1.16142
1.15846
1.15255
1.14381
1.13345
1.12362
1.11668
1.1142
1.11639
1.12215
1.12954
1.13671
1.14252
1.14692
1.15065
1.1549
1.16087
1.16926
1.17989
1.19129
1.2011
1.20669
1.20615
1.19873
1.18481
1.16555
1.14266
1.118
1.09348
1.07082
1.05143
1.03627
1.0257
1.01953
1.01708
1.01725
1.01887
1.02106
1.02369
1.0274
1.03292
1.04066
1.05051
1.06229
1.07608
1.092
1.10985
1.12891
1.14797
1.16534
1.1792
1.18782
1.18984
1.18483
1.17342
1.15747
1.13998
1.12451
1.11385
1.10906
1.10912
1.11154
1.1134
1.11247
1.10794
1.10045
1.09189
1.08491
1.08209
1.08534
1.09558
1.11234
1.13386
1.15727
1.17932
1.19717
1.20879
1.21344
1.21161
1.20468
1.19446
1.18269
1.17067
1.15943
1.14952
1.14142
1.13566
1.13284
1.13325
1.13677
1.14267
1.14966
1.1561
1.16016
1.16031
1.15558
1.14591
1.13231
1.11675
1.10193
1.09064
1.08495
1.08572
1.09217
1.10207
1.11247
1.12063
1.12474
1.12436
1.12033
1.11399
1.10649
1.09817
1.08876
1.07774
1.065
1.0513
1.03837
1.0288
1.02522
1.02932
1.04111
1.05869
1.07915
1.09962
1.11769
1.13146
1.1395
1.14091
1.13555
1.12453
1.11032
1.09627
1.0859
1.08208
1.08639
1.0986
1.11667
1.13734
1.1568
1.17182
1.18028
1.18139
1.17562
1.16458
1.15072
1.1368
1.12529
1.11757
1.11345
1.11135
1.10915
1.10513
1.09862
1.09002
1.08044
1.07128
1.06394
1.05959
1.0591
1.06284
1.07048
1.08095
1.09277
1.1045
1.11531
1.12509
1.13438
1.14377
1.15346
1.16305
1.17172
1.17878
1.1839
1.18725
1.18906
1.1891
1.18664
1.18109
1.17244
1.16168
1.1508
1.14219
1.13764
1.13753
1.14054
1.14436
1.14651
1.14498
1.13872
1.12762
1.11286
1.09638
1.08061
1.06774
1.05911
1.05493
1.0544
1.05605
1.05831
1.05977
1.05962
1.05765
1.05436
1.05089
1.04898
1.05057
1.05703
1.06875
1.08472
1.10263
1.11957
1.13271
1.14003
1.1407
1.13543
1.12637
1.11668
1.10994
1.10936
1.11675
1.13222
1.15397
1.17891
1.20351
1.22451
1.23923
1.24564
1.24238
1.22904
1.20624
1.17574
1.14055
1.10446
1.07154
1.04548
1.02883
1.02243
1.02524
1.0346
1.04711
1.05973
1.07037
1.07847
1.08457
1.08987
1.09565
1.1027
1.11099
1.11978
1.12807
1.1353
1.14167
1.14803
1.15543
1.16445
1.1747
1.18452
1.19121
1.19164
1.18317
1.16475
1.13733
1.10383
1.06834
1.03501
1.00709
0.986533
0.974222
0.970154
0.97357
0.983059
0.996669
1.01217
1.02755
1.0415
1.05388
1.06554
1.07784
1.09177
1.10736
1.12368
1.13944
1.15357
1.16565
1.1759
1.18499
1.19341
1.20117
1.20753
1.21136
1.21141
1.20674
1.19704
1.18278
1.16496
1.14513
1.125
1.10615
1.08968
1.07606
1.0651
1.05609
1.04821
1.04087
1.03405
1.02842
1.02513
1.02559
1.03093
1.04134
1.05571
1.07184
1.08737
1.10044
1.11035
1.11755
1.12356
1.13033
1.13959
1.15199
1.16693
1.18238
1.19566
1.2042
1.20638
1.20192
1.19172
1.17713
1.15969
1.14098
1.12286
1.1073
1.09594
1.08952
1.08769
1.08918
1.09223
1.09533
1.09756
1.09847
1.09808
1.09668
1.09481
1.09317
1.09238
1.09288
1.09454
1.09689
1.09902
1.09982
1.09855
1.09536
1.0913
1.08814
1.0874
1.08963
1.09428
1.1002
1.10607
1.11088
1.11383
1.11418
1.11153
1.10579
1.23852
1.2804
1.31729
1.34356
1.35537
1.35136
1.33297
1.30426
1.27127
1.24013
1.21542
1.19913
1.19091
1.18907
1.1914
1.1959
1.2009
1.20481
1.20587
1.20238
1.19335
1.17916
1.16166
1.14347
1.12714
1.11457
1.10701
1.10556
1.11138
1.12553
1.14812
1.17796
1.21252
1.24871
1.28333
1.31373
1.33803
1.35515
1.36504
1.36841
1.3666
1.36104
1.3524
1.34018
1.32226
1.29553
1.25696
1.20498
1.14042
1.06755
0.994453
0.932074
0.8916
0.880258
0.898498
0.940301
0.996499
1.05831
1.11892
1.17313
1.2168
1.24687
1.26208
1.26341
1.25427
1.23977
1.22538
1.21511
1.2106
1.21143
1.21624
1.22348
1.23136
1.23778
1.2406
1.23837
1.23103
1.22008
1.20824
1.19843
1.1928
1.19207
1.19544
1.20101
1.20626
1.20857
1.20559
1.19546
1.17692
1.14975
1.11528
1.07704
1.04072
1.01292
0.998939
1.00087
1.0171
1.04348
1.0748
1.10615
1.13368
1.15521
1.17055
1.18146
1.19101
1.20242
1.21782
1.23699
1.25739
1.27502
1.28585
1.28726
1.27872
1.26183
1.24003
1.21787
1.20008
1.1905
1.19092
1.20037
1.21529
1.23055
1.24089
1.24229
1.23297
1.21337
1.1859
1.15412
1.12191
1.09287
1.07022
1.05696
1.05571
1.06743
1.08989
1.11725
1.14225
1.15905
1.16506
1.16093
1.1494
1.13375
1.11702
1.10165
1.08975
1.08328
1.08416
1.09354
1.11137
1.13603
1.16495
1.19507
1.2234
1.24725
1.26415
1.27235
1.27115
1.26118
1.24465
1.22511
1.20682
1.19394
1.18928
1.19331
1.20383
1.21668
1.22694
1.23034
1.22419
1.20806
1.18381
1.15492
1.12531
1.0985
1.07703
1.06251
1.05557
1.05587
1.06241
1.07383
1.08865
1.10517
1.12152
1.13606
1.14783
1.15688
1.16432
1.1718
1.18097
1.19269
1.20661
1.22141
1.23506
1.24565
1.25192
1.2534
1.2502
1.24302
1.23301
1.22156
1.21032
1.20089
1.19465
1.19254
1.19461
1.19978
1.20588
1.21031
1.21099
1.20723
1.20014
1.19202
1.18497
1.17972
1.17523
1.16955
1.16102
1.149
1.13413
1.11834
1.10434
1.09461
1.09034
1.09118
1.09571
1.10226
1.10938
1.11618
1.12267
1.12962
1.13839
1.15036
1.16636
1.18607
1.20789
1.22971
1.24995
1.26791
1.2834
1.29622
1.30563
1.31062
1.31023
1.30364
1.29041
1.27049
1.2446
1.21418
1.1813
1.14841
1.11785
1.09183
1.07242
1.06149
1.05998
1.06736
1.08161
1.09977
1.11885
1.13667
1.15209
1.1647
1.17446
1.18133
1.18538
1.18686
1.18641
1.18498
1.18336
1.18209
1.18113
1.18028
1.17952
1.17909
1.17901
1.17898
1.17845
1.17704
1.17508
1.17385
1.17506
1.18023
1.19007
1.20411
1.22067
1.23715
1.25053
1.25786
1.25692
1.24661
1.22759
1.20266
1.17626
1.15295
1.13556
1.12382
1.11519
1.10691
1.09791
1.08947
1.08457
1.08642
1.09672
1.11499
1.13888
1.16529
1.19186
1.21757
1.24248
1.26692
1.29056
1.31212
1.3297
1.34125
1.34487
1.33927
1.32399
1.29976
1.26843
1.23284
1.1964
1.16274
1.13529
1.11689
1.10921
1.11249
1.12544
1.14547
1.16904
1.19221
1.21144
1.22416
1.22913
1.22639
1.21686
1.2016
1.18118
1.15549
1.12399
1.08682
1.04591
1.00547
0.971247
0.94864
0.940846
0.947876
0.967091
0.994361
1.02526
1.0558
1.08289
1.10475
1.12122
1.13357
1.14378
1.154
1.16594
1.18039
1.19712
1.21496
1.23214
1.24704
1.25863
1.26661
1.27119
1.2729
1.27231
1.27001
1.26651
1.26247
1.25856
1.25538
1.25334
1.25222
1.25093
1.24747
1.2394
1.22472
1.20244
1.17308
1.13866
1.10247
1.06861
1.04093
1.02208
1.01298
1.01313
1.02149
1.03718
1.05945
1.08738
1.1195
1.15384
1.18799
1.21936
1.24546
1.26428
1.27475
1.27727
1.27378
1.26739
1.26096
1.2557
1.25106
1.24565
1.23844
1.22931
1.21885
1.20765
1.19596
1.18384
1.17171
1.16062
1.15233
1.14844
1.14939
1.15419
1.16088
1.16765
1.17366
1.17892
1.18372
1.18802
1.19134
1.19312
1.19292
1.19064
1.18645
1.18031
1.17201
1.16133
1.14833
1.13398
1.11999
1.1081
1.09932
1.09406
1.09262
1.09602
1.10541
1.12147
1.14381
1.17081
1.19998
1.22839
1.2532
1.27194
1.28291
1.28527
1.27916
1.26563
1.24628
1.22288
1.19709
1.17076
1.14602
1.12529
1.11049
1.10246
1.10056
1.10308
1.10758
1.11169
1.11364
1.1125
1.10839
1.10223
1.09542
1.08956
1.08618
1.08628
1.08985
1.09561
1.10119
1.10411
1.10278
1.09736
1.08996
1.08404
1.08334
1.09076
1.10751
1.1329
1.16459
1.19909
1.23278
1.26257
1.28641
1.30326
1.31295
1.31577
1.31228
1.30331
1.2901
1.27417
1.25721
1.24081
1.22616
1.21377
1.20368
1.19572
1.18983
1.18616
1.18498
1.18622
1.18904
1.19185
1.19283
1.19061
1.18487
1.17651
1.16716
1.15849
1.15174
1.1474
1.14512
1.14364
1.14112
1.13588
1.12689
1.11425
1.09923
1.08414
1.072
1.06615
1.06951
1.0836
1.10787
1.13978
1.17548
1.21092
1.24241
1.2669
1.28183
1.28547
1.27728
1.25832
1.23139
1.20097
1.17237
1.15007
1.13623
1.13022
1.12971
1.13222
1.13608
1.14032
1.14414
1.14654
1.1462
1.14195
1.13346
1.12162
1.10884
1.09852
1.09444
1.09922
1.11342
1.13531
1.16172
1.18925
1.21487
1.23617
1.25144
1.25975
1.26114
1.25647
1.24728
1.23538
1.22275
1.21177
1.20505
1.20488
1.21232
1.22659
1.24496
1.26322
1.27641
1.28022
1.27222
1.25274
1.22493
1.19348
1.16317
1.13744
1.11835
1.10716
1.10474
1.11111
1.12484
1.14287
1.16133
1.17637
1.18523
1.18657
1.18045
1.16829
1.15258
1.13621
1.12175
1.11075
1.10369
1.10012
1.09928
1.10052
1.10343
1.10775
1.1131
1.11901
1.12507
1.13117
1.13747
1.14394
1.14992
1.15402
1.15461
1.15075
1.14288
1.13273
1.1226
1.11462
1.1103
1.11017
1.11401
1.1209
1.12971
1.1394
1.14925
1.15902
1.16868
1.17803
1.18658
1.1938
1.1995
1.20383
1.20699
1.20872
1.20815
1.2042
1.19663
1.18652
1.17618
1.16837
1.16546
1.1686
1.17743
1.1902
1.20415
1.21619
1.22375
1.22557
1.22189
1.21412
1.20414
1.19336
1.18249
1.17153
1.16046
1.14967
1.14
1.13217
1.12655
1.12296
1.1207
1.11916
1.11837
1.11884
1.12127
1.12627
1.13404
1.14459
1.15776
1.17311
1.19004
1.20768
1.22499
1.24065
1.25302
1.26012
1.26003
1.2514
1.23405
1.20892
1.17815
1.14488
1.11244
1.08411
1.0629
1.05146
1.05141
1.06215
1.08063
1.10252
1.12404
1.14323
1.15989
1.17492
1.18933
1.20356
1.21728
1.22943
1.2384
1.24254
1.24033
1.23074
1.21401
1.19195
1.16807
1.14644
1.13017
1.12077
1.11841
1.12199
1.12899
1.13636
1.14178
1.14436
1.14422
1.14212
1.13887
1.13545
1.13299
1.13263
1.13544
1.14195
1.15179
1.16364
1.17563
1.18583
1.19273
1.19543
1.19387
1.18882
1.18173
1.17436
1.16812
1.16339
1.15977
1.15672
1.15426
1.15315
1.15447
1.15898
1.16649
1.17592
1.18545
1.19294
1.19639
1.19426
1.18589
1.17145
1.15202
1.12949
1.10639
1.0858
1.0709
1.06464
1.06893
1.08424
1.10944
1.14197
1.17819
1.21386
1.2446
1.26626
1.27583
1.27184
1.25493
1.22775
1.19463
1.1605
1.13002
1.10692
1.09377
1.09211
1.10219
1.12246
1.14961
1.17923
1.20672
1.22837
1.24214
1.24786
1.24702
1.24202
1.23541
1.22934
1.22515
1.22321
1.22294
1.22313
1.22252
1.21985
1.21422
1.20508
1.19251
1.17714
1.16028
1.14376
1.12956
1.11937
1.11418
1.11439
1.11986
1.13009
1.14429
1.1614
1.17999
1.19828
1.2141
1.2251
1.22906
1.22427
1.21016
1.18768
1.15936
1.12891
1.10086
1.07969
1.06933
1.07217
1.08838
1.11549
1.14904
1.18394
1.21592
1.24196
1.26033
1.27019
1.27147
1.26476
1.25126
1.23252
1.21009
1.18506
1.15825
1.13106
1.10607
1.0867
1.0762
1.07647
1.08738
1.10688
1.13142
1.1569
1.17961
1.19722
1.20884
1.21471
1.21558
1.21256
1.2069
1.20001
1.19344
1.18862
1.18661
1.1877
1.19137
1.19638
1.20152
1.20607
1.21007
1.21401
1.21832
1.2231
1.22804
1.23246
1.23538
1.23562
1.2318
1.22256
1.2069
1.18461
1.15663
1.12521
1.09362
1.06529
1.04318
1.02919
1.02419
1.02803
1.03937
1.05581
1.07424
1.09174
1.10616
1.1162
1.1214
1.12208
1.11902
1.1136
1.10789
1.10457
1.10636
1.11538
1.13272
1.15826
1.19079
1.22821
1.26773
1.30594
1.33926
1.36424
1.37813
1.37937
1.36792
1.34532
1.31449
1.27935
1.24421
1.21299
1.18837
1.17115
1.16018
1.15326
1.1483
1.14407
1.14009
1.13621
1.13247
1.12888
1.12542
1.12198
1.11828
1.11395
1.10872
1.10261
1.09598
1.08978
1.08557
1.08536
1.0909
1.10266
1.11927
1.13797
1.15556
1.16979
1.17988
1.18644
1.19067
1.1938
1.19641
1.19816
1.19814
1.19556
1.19043
1.1839
1.17801
1.17479
1.17529
1.17908
1.18453
1.18952
1.1923
1.19192
1.18819
1.18119
1.17127
1.15905
1.14545
1.13175
1.11936
1.10986
1.10461
1.10465
1.11039
1.1214
1.13618
1.1525
1.16775
1.17965
1.18679
1.18903
1.1873
1.18309
1.17797
1.17312
1.16942
1.16747
1.16788
1.17133
1.17815
1.18798
1.19966
1.21125
1.22055
1.22562
1.22535
1.21969
1.20963
1.19672
1.18244
1.16784
1.15364
1.14065
1.13015
1.12375
1.12307
1.12896
1.14117
1.22581
1.25981
1.29314
1.31816
1.32924
1.32399
1.304
1.27453
1.24314
1.21744
1.20321
1.20334
1.21737
1.2413
1.26839
1.29053
1.3
1.29151
1.2639
1.22097
1.17073
1.12308
1.08654
1.06621
1.0635
1.07687
1.10274
1.13649
1.17358
1.21043
1.24475
1.27524
1.3012
1.32238
1.33899
1.3516
1.36094
1.36753
1.37152
1.37229
1.36896
1.36056
1.34659
1.32715
1.30295
1.27504
1.24471
1.21327
1.18193
1.15185
1.124
1.09917
1.07823
1.06288
1.05585
1.0595
1.07333
1.09368
1.11619
1.13812
1.15847
1.17711
1.19379
1.20766
1.21756
1.22274
1.22355
1.22149
1.21891
1.21848
1.22255
1.23253
1.24835
1.26858
1.29072
1.31207
1.33039
1.34437
1.35326
1.35654
1.35369
1.34388
1.32613
1.29987
1.26564
1.22574
1.1842
1.14643
1.11797
1.10287
1.1025
1.11499
1.13606
1.16039
1.18315
1.201
1.21246
1.21777
1.21845
1.21679
1.21515
1.2151
1.21653
1.21778
1.21685
1.21323
1.20835
1.20489
1.20522
1.21005
1.21791
1.22565
1.22997
1.22873
1.22163
1.21008
1.1963
1.18262
1.17092
1.16243
1.15795
1.15806
1.16321
1.17362
1.18909
1.2084
1.22914
1.248
1.26141
1.26633
1.26112
1.24581
1.22213
1.1931
1.16227
1.13337
1.10982
1.09476
1.09053
1.09808
1.11635
1.14229
1.17153
1.19956
1.22278
1.2392
1.24844
1.25147
1.25005
1.24646
1.24267
1.23991
1.23854
1.23809
1.23784
1.2376
1.23829
1.24152
1.2487
1.2602
1.27484
1.29037
1.30442
1.31505
1.32107
1.32201
1.31778
1.30828
1.29301
1.27095
1.24072
1.20182
1.15588
1.10751
1.06369
1.03146
1.01502
1.01451
1.02674
1.04734
1.07248
1.09953
1.12684
1.15314
1.17709
1.19724
1.21235
1.22156
1.22455
1.2216
1.21374
1.20282
1.19147
1.18279
1.17967
1.18398
1.19617
1.21519
1.23895
1.26472
1.28991
1.31208
1.32908
1.33908
1.34052
1.3322
1.31371
1.28573
1.25041
1.21144
1.17362
1.14215
1.12143
1.11386
1.11906
1.13411
1.15451
1.17552
1.19335
1.20587
1.2125
1.21369
1.21018
1.20241
1.19049
1.17426
1.15376
1.12968
1.10332
1.07656
1.05184
1.0319
1.0195
1.01735
1.02767
1.05169
1.08904
1.13733
1.19226
1.24873
1.30168
1.34693
1.38143
1.40324
1.41163
1.40707
1.39105
1.36597
1.33495
1.30147
1.26911
1.2408
1.21835
1.20179
1.18965
1.1797
1.16988
1.15929
1.14869
1.14044
1.13795
1.1442
1.16044
1.18527
1.21487
1.24403
1.26768
1.28198
1.28519
1.278
1.26344
1.24595
1.23026
1.21976
1.21562
1.21676
1.2206
1.22449
1.22648
1.22566
1.22212
1.21679
1.2112
1.20694
1.20514
1.20613
1.20955
1.21453
1.21969
1.2229
1.22148
1.21309
1.19707
1.17566
1.15409
1.13847
1.13244
1.13542
1.14434
1.15675
1.17172
1.18841
1.20424
1.21542
1.21882
1.21428
1.20566
1.19907
1.19882
1.20416
1.21122
1.21681
1.21992
1.22023
1.21708
1.20992
1.19917
1.18677
1.17575
1.16964
1.17167
1.18384
1.20612
1.23621
1.26972
1.30133
1.32588
1.33953
1.34041
1.32887
1.30714
1.27838
1.24597
1.21284
1.18154
1.15423
1.13222
1.11571
1.10355
1.09401
1.08581
1.07897
1.07484
1.07543
1.08229
1.0954
1.11322
1.1332
1.15265
1.16969
1.18351
1.19433
1.20317
1.21146
1.22039
1.23033
1.24043
1.24912
1.25485
1.25687
1.25556
1.25234
1.2492
1.24798
1.24986
1.25489
1.26185
1.26868
1.27308
1.27306
1.2675
1.25655
1.24151
1.22427
1.20657
1.18909
1.17106
1.15113
1.12835
1.10325
1.07791
1.05562
1.04012
1.03482
1.04168
1.06052
1.08881
1.12252
1.15706
1.18834
1.21337
1.2306
1.23976
1.24165
1.23776
1.23023
1.22169
1.21485
1.21184
1.21355
1.21955
1.22866
1.23954
1.25099
1.26208
1.27204
1.28013
1.28556
1.28771
1.28635
1.28163
1.27407
1.26434
1.25316
1.24117
1.22899
1.21731
1.20687
1.19826
1.19164
1.18652
1.18184
1.17659
1.17032
1.16356
1.15736
1.1524
1.14818
1.14315
1.13575
1.12563
1.11438
1.10497
1.10053
1.10307
1.11311
1.12989
1.15193
1.17755
1.20488
1.23168
1.25556
1.27426
1.28635
1.29164
1.29137
1.28784
1.28384
1.2817
1.28242
1.28555
1.28982
1.29404
1.29718
1.29817
1.29567
1.28838
1.27523
1.25586
1.23069
1.20083
1.1682
1.13551
1.10647
1.08536
1.07587
1.0798
1.09624
1.12187
1.15203
1.18183
1.20711
1.22519
1.23511
1.23787
1.23618
1.23386
1.23468
1.24097
1.25241
1.26618
1.27844
1.28578
1.28615
1.279
1.2651
1.24617
1.22455
1.20269
1.18272
1.16593
1.15275
1.14271
1.135
1.1292
1.12551
1.12475
1.12795
1.13599
1.14924
1.16727
1.18865
1.21109
1.23176
1.24791
1.25743
1.25928
1.25374
1.24241
1.22786
1.21288
1.19957
1.18887
1.18044
1.17362
1.16832
1.16562
1.16771
1.1768
1.19333
1.21488
1.23681
1.2543
1.26398
1.26487
1.25831
1.2472
1.23504
1.225
1.21911
1.21777
1.22028
1.2254
1.23197
1.23917
1.24645
1.25328
1.25904
1.26298
1.26436
1.2627
1.25781
1.24977
1.23911
1.2264
1.21211
1.19651
1.17952
1.16094
1.1408
1.11992
1.10015
1.08407
1.0742
1.07222
1.07811
1.09
1.10467
1.11853
1.12869
1.13369
1.13394
1.13142
1.12887
1.12851
1.13134
1.13679
1.14334
1.14951
1.15458
1.15875
1.16328
1.17005
1.18095
1.19725
1.21876
1.24349
1.26768
1.28659
1.29597
1.29351
1.27946
1.25673
1.23004
1.20465
1.18503
1.17389
1.17156
1.17648
1.18601
1.19741
1.20883
1.21923
1.22798
1.23425
1.237
1.23545
1.22974
1.22143
1.21295
1.20703
1.20574
1.20992
1.21882
1.23054
1.2427
1.25323
1.26077
1.26495
1.26616
1.26495
1.26167
1.25597
1.24714
1.23452
1.21818
1.19898
1.17887
1.16074
1.14864
1.14699
1.15907
1.18477
1.21978
1.25715
1.29
1.31361
1.32611
1.32808
1.32158
1.30844
1.28922
1.2633
1.23032
1.19175
1.15128
1.11404
1.0851
1.06796
1.06393
1.072
1.08962
1.11332
1.13911
1.16301
1.18122
1.19099
1.19123
1.18315
1.17036
1.15811
1.15182
1.15533
1.16983
1.19379
1.22396
1.25626
1.28633
1.31019
1.32467
1.32798
1.32001
1.30237
1.27785
1.24937
1.21934
1.18941
1.16108
1.13667
1.11977
1.11395
1.12023
1.13554
1.15385
1.16902
1.17686
1.1756
1.16566
1.14934
1.13025
1.11273
1.10064
1.09661
1.10171
1.11549
1.13632
1.16206
1.19047
1.21956
1.24797
1.27473
1.29908
1.32014
1.33651
1.34616
1.34692
1.33726
1.31695
1.28722
1.25081
1.21154
1.17351
1.14046
1.11546
1.10089
1.09791
1.10604
1.12304
1.14548
1.16954
1.19159
1.20899
1.22024
1.22515
1.22476
1.22094
1.21596
1.21204
1.21095
1.21364
1.22017
1.22947
1.23931
1.24684
1.24937
1.2452
1.23439
1.21872
1.20123
1.18567
1.1755
1.1729
1.17815
1.18958
1.2042
1.21887
1.23105
1.23929
1.24323
1.24311
1.23948
1.23308
1.22511
1.21706
1.21005
1.20449
1.20001
1.19564
1.19044
1.18408
1.17691
1.16984
1.16343
1.15752
1.15145
1.14477
1.13772
1.13123
1.1268
1.12578
1.12888
1.13579
1.1452
1.15542
1.16516
1.17404
1.18248
1.1913
1.20101
1.21156
1.22234
1.23246
1.24122
1.24825
1.25366
1.25806
1.26234
1.26743
1.27369
1.28015
1.28453
1.28371
1.27502
1.25748
1.23237
1.20287
1.17293
1.14594
1.12425
1.10965
1.10398
1.10891
1.12494
1.15046
1.18202
1.21536
1.24637
1.27154
1.28831
1.29506
1.29124
1.27771
1.25696
1.23311
1.21126
1.19612
1.19073
1.19559
1.20858
1.2258
1.24286
1.25607
1.26307
1.2629
1.2558
1.24281
1.22569
1.20673
1.18864
1.17413
1.16512
1.1624
1.16542
1.17263
1.18211
1.19202
1.20116
1.20899
1.21554
1.22115
1.22632
1.23144
1.23652
1.24066
1.24183
1.23749
1.22593
1.2074
1.18431
1.16022
1.13861
1.12211
1.11238
1.11037
1.1165
1.1301
1.14912
1.17021
1.18954
1.20381
1.21114
1.2111
1.20459
1.1936
1.18083
1.16926
1.16154
1.15942
1.16314
1.17153
1.18266
1.19448
1.20545
1.21452
1.22103
1.22458
1.22518
1.22348
1.22113
1.2205
1.22405
1.23332
1.24813
1.26641
1.28478
1.29969
1.30847
1.30967
1.3031
1.28946
1.26979
1.24544
1.21831
1.19093
1.16635
1.14741
1.13586
1.13209
1.13505
1.14261
1.15211
1.16103
1.16741
1.16996
1.16813
1.16199
1.15268
1.14253
1.13443
1.13061
1.13208
1.13844
1.14848
1.16087
1.17416
1.18675
1.1971
1.20406
1.20728
1.2077
1.2076
1.21018
1.21822
1.2325
1.25133
1.27145
1.28966
1.30364
1.3118
1.31318
1.30753
1.2956
1.2794
1.26163
1.24463
1.22969
1.21654
1.20424
1.19242
1.18225
1.17658
1.17844
1.189
1.20682
1.22861
1.25081
1.2705
1.28561
1.29449
1.29551
1.28722
1.26908
1.24195
1.20853
1.17279
1.13907
1.11073
1.08961
1.07614
1.07016
1.07125
1.07881
1.09172
1.10842
1.1271
1.14602
1.16376
1.17932
1.19216
1.20202
1.20899
1.21324
1.21495
1.21432
1.21158
1.20706
1.20126
1.19485
1.18852
1.18309
1.17923
1.1771
1.17632
1.17641
1.17792
1.183
1.19427
1.21287
1.23688
1.26179
1.28256
1.29504
1.29665
1.28663
1.26621
1.23852
1.20825
1.18054
1.15959
1.14807
1.14705
1.15621
1.17435
1.19944
1.22887
1.25947
1.28793
1.31115
1.32657
1.33296
1.21621
1.2365
1.25518
1.26796
1.27185
1.26538
1.24877
1.22394
1.1943
1.16446
1.13942
1.12325
1.11746
1.1201
1.12654
1.13127
1.12996
1.12075
1.10456
1.0846
1.06527
1.05073
1.04389
1.04592
1.05641
1.07402
1.09685
1.12283
1.14985
1.17601
1.19974
1.21994
1.23594
1.2474
1.25437
1.25727
1.25674
1.25351
1.24819
1.24097
1.23154
1.21917
1.2031
1.18297
1.15896
1.13207
1.10386
1.07602
1.05026
1.02837
1.01241
1.00425
1.0041
1.00965
1.01714
1.02341
1.02739
1.02992
1.0331
1.03926
1.0502
1.06684
1.08898
1.11548
1.14458
1.17415
1.20198
1.22612
1.24531
1.2591
1.26795
1.273
1.27567
1.27737
1.27916
1.28166
1.28526
1.28981
1.29483
1.2994
1.30201
1.30064
1.29313
1.27743
1.25211
1.2166
1.17186
1.12068
1.06774
1.01868
0.978223
0.948569
0.929152
0.918005
0.913595
0.915727
0.924889
0.940578
0.960381
0.98079
0.999213
1.01499
1.02935
1.04448
1.06251
1.08476
1.11159
1.14254
1.1767
1.21281
1.24931
1.28436
1.31602
1.34242
1.36192
1.37324
1.37555
1.36875
1.35327
1.33013
1.30089
1.26728
1.23121
1.19438
1.15816
1.12375
1.09217
1.06437
1.04136
1.02396
1.01252
1.00653
1.0048
1.00559
1.00702
1.00749
1.00589
1.0018
0.995377
0.987507
0.979894
0.974869
0.97471
0.98076
0.992988
1.01045
1.03206
1.05696
1.0843
1.11274
1.14043
1.16523
1.18551
1.20078
1.21162
1.21941
1.22539
1.22975
1.23161
1.22946
1.22206
1.20934
1.1927
1.17447
1.15677
1.14057
1.12553
1.11048
1.09451
1.07804
1.06321
1.05342
1.05197
1.06049
1.07798
1.10105
1.12528
1.14667
1.1626
1.17207
1.17581
1.17583
1.17462
1.17435
1.17626
1.18051
1.18653
1.19361
1.20129
1.20947
1.21801
1.22641
1.2337
1.23858
1.23982
1.23633
1.22717
1.21165
1.18949
1.16133
1.12929
1.09707
1.0693
1.05012
1.04161
1.04333
1.05299
1.06751
1.08366
1.09868
1.11049
1.11787
1.12016
1.11686
1.10749
1.09174
1.06989
1.04337
1.01489
0.987991
0.96656
0.953905
0.952134
0.961522
0.980664
1.00705
1.03787
1.07066
1.1034
1.13463
1.16332
1.18882
1.21096
1.22981
1.24554
1.25822
1.2674
1.2724
1.27261
1.26801
1.25942
1.2484
1.23644
1.2245
1.21284
1.20142
1.19047
1.18077
1.17364
1.17064
1.17279
1.17966
1.18865
1.19545
1.19526
1.18435
1.16152
1.12837
1.08887
1.04843
1.01265
0.986259
0.972309
0.971624
0.982783
1.00277
1.02797
1.05517
1.08215
1.10765
1.13106
1.15191
1.16968
1.18366
1.19305
1.19728
1.19642
1.19141
1.1841
1.17681
1.17176
1.17016
1.17201
1.17614
1.18058
1.1833
1.1828
1.17829
1.16978
1.15784
1.14338
1.1274
1.11082
1.09446
1.0791
1.06573
1.05547
1.04926
1.04732
1.04903
1.05294
1.05739
1.06095
1.06272
1.06281
1.06242
1.06376
1.06925
1.08065
1.09794
1.11901
1.14007
1.15689
1.166
1.16593
1.15777
1.14519
1.13363
1.12865
1.13384
1.14935
1.17217
1.19794
1.22277
1.24405
1.26056
1.27185
1.27788
1.27895
1.27532
1.2672
1.2545
1.23683
1.21372
1.18508
1.15155
1.11488
1.07811
1.0453
1.02065
1.00698
1.00432
1.00956
1.01789
1.02482
1.02763
1.0259
1.02104
1.01563
1.01235
1.01336
1.02024
1.03432
1.05648
1.08682
1.12385
1.16452
1.20474
1.2404
1.26787
1.28457
1.28925
1.28199
1.26404
1.23743
1.20477
1.16892
1.13286
1.09927
1.07025
1.04678
1.02857
1.01469
1.00411
0.996243
0.991186
0.989526
0.992023
0.999237
1.01116
1.02718
1.04616
1.06659
1.08673
1.10501
1.12019
1.13181
1.14053
1.14814
1.15718
1.17024
1.18877
1.21234
1.23862
1.26406
1.28501
1.29851
1.30283
1.29768
1.28393
1.26317
1.23717
1.20751
1.17545
1.1421
1.10909
1.07888
1.055
1.0413
1.04065
1.05342
1.0771
1.10688
1.13723
1.16331
1.18172
1.19087
1.19087
1.18299
1.16927
1.15201
1.13369
1.11667
1.10294
1.09404
1.09065
1.0923
1.09744
1.10397
1.11012
1.11504
1.11876
1.12139
1.12258
1.12129
1.1164
1.10718
1.09402
1.07879
1.06443
1.05383
1.04842
1.0478
1.05079
1.0566
1.06534
1.07783
1.09485
1.11659
1.14227
1.17002
1.19699
1.21981
1.23561
1.24251
1.23986
1.22821
1.20878
1.18332
1.15399
1.12319
1.09376
1.06868
1.0509
1.04263
1.04496
1.05745
1.07805
1.10375
1.13133
1.158
1.18159
1.20077
1.21487
1.22386
1.22838
1.22949
1.2284
1.22605
1.22265
1.2175
1.20939
1.19701
1.17941
1.15635
1.12865
1.09826
1.06821
1.04216
1.02358
1.01483
1.01671
1.02794
1.04562
1.06596
1.08525
1.10074
1.11093
1.1156
1.11543
1.11176
1.10658
1.10211
1.10028
1.10207
1.10724
1.11472
1.12332
1.13218
1.14051
1.14723
1.15108
1.15091
1.14624
1.13755
1.12615
1.11431
1.10488
1.10077
1.10405
1.11534
1.13362
1.15647
1.18069
1.20307
1.2209
1.23241
1.23677
1.23372
1.22348
1.20679
1.18519
1.16107
1.13717
1.11595
1.09893
1.08666
1.07919
1.07646
1.07827
1.08402
1.09257
1.10241
1.112
1.12011
1.12602
1.12937
1.13013
1.12856
1.12542
1.12197
1.11977
1.12018
1.12379
1.13015
1.13803
1.14599
1.15304
1.15886
1.16367
1.16768
1.17061
1.17152
1.16916
1.1621
1.14929
1.13038
1.10619
1.07912
1.05319
1.03337
1.02422
1.02803
1.04378
1.068
1.09645
1.12527
1.15131
1.17218
1.18586
1.19113
1.18764
1.17627
1.15915
1.13922
1.11974
1.10378
1.09377
1.0913
1.09666
1.10865
1.12463
1.14116
1.15459
1.16203
1.16215
1.15561
1.14478
1.13301
1.12351
1.11866
1.11976
1.12718
1.14048
1.15862
1.17995
1.20235
1.22326
1.24009
1.25071
1.25395
1.24967
1.23875
1.22286
1.20395
1.18377
1.16316
1.14225
1.12085
1.09919
1.07815
1.0588
1.04197
1.02808
1.01741
1.01061
1.00874
1.01306
1.02408
1.04075
1.06057
1.08024
1.09659
1.10721
1.11096
1.10814
1.10041
1.09057
1.08193
1.07744
1.0789
1.08658
1.09926
1.11474
1.13063
1.14496
1.1566
1.16562
1.17293
1.17956
1.18606
1.19208
1.19677
1.19964
1.20111
1.20241
1.20499
1.2095
1.21561
1.22205
1.22714
1.22923
1.22706
1.22007
1.20854
1.19381
1.17805
1.16393
1.15384
1.1488
1.14798
1.14931
1.15041
1.14943
1.14515
1.13705
1.12526
1.11073
1.09518
1.08064
1.06857
1.05928
1.05189
1.04488
1.03722
1.02914
1.0228
1.02152
1.02841
1.04444
1.0677
1.09448
1.12102
1.14459
1.16385
1.17839
1.18831
1.19399
1.19574
1.19374
1.18795
1.17825
1.16475
1.14816
1.12986
1.11191
1.09649
1.08514
1.07811
1.07461
1.07332
1.07321
1.07394
1.07568
1.07888
1.08421
1.09259
1.10486
1.12116
1.14067
1.16196
1.1837
1.20492
1.22467
1.24145
1.25317
1.25748
1.25253
1.23769
1.21412
1.18448
1.15225
1.121
1.09413
1.07506
1.06745
1.07371
1.09304
1.12062
1.14924
1.17211
1.18489
1.1858
1.17533
1.15555
1.12966
1.10175
1.07615
1.05654
1.04508
1.04216
1.04685
1.05725
1.07085
1.08479
1.09629
1.10361
1.10638
1.10573
1.10391
1.10361
1.10736
1.11683
1.13215
1.15195
1.17367
1.19424
1.21096
1.22217
1.22723
1.22656
1.22127
1.21267
1.20196
1.19002
1.17748
1.16491
1.1528
1.14187
1.13288
1.12653
1.1232
1.12279
1.12479
1.12847
1.13285
1.13654
1.13763
1.13414
1.12472
1.10932
1.08928
1.06742
1.04729
1.0325
1.02571
1.0278
1.03771
1.05336
1.07248
1.09317
1.11382
1.13291
1.14915
1.16188
1.17138
1.17859
1.18443
1.18915
1.19229
1.19291
1.19022
1.18385
1.17404
1.16155
1.14754
1.13332
1.12017
1.1089
1.0996
1.09168
1.08437
1.07741
1.07131
1.06727
1.06648
1.06973
1.07699
1.08751
1.1
1.11307
1.12564
1.13729
1.14802
1.15812
1.16767
1.17633
1.18331
1.18752
1.18805
1.1844
1.17673
1.16592
1.15327
1.14032
1.12866
1.11967
1.1142
1.11223
1.11288
1.11457
1.11556
1.11459
1.11136
1.10622
1.09993
1.09315
1.08625
1.07932
1.07225
1.06511
1.05823
1.05223
1.04812
1.04701
1.05005
1.05837
1.07268
1.09285
1.11748
1.14396
1.16898
1.18919
1.20204
1.20614
1.20149
1.18945
1.17258
1.1541
1.13713
1.12406
1.11615
1.11371
1.11664
1.12475
1.13767
1.15446
1.17303
1.19055
1.20407
1.21131
1.21142
1.20499
1.1935
1.17884
1.16264
1.14579
1.12847
1.11055
1.09193
1.07286
1.05416
1.03704
1.023
1.01341
1.00936
1.01126
1.01884
1.03121
1.047
1.06464
1.08278
1.10038
1.11665
1.13095
1.14252
1.15059
1.15443
1.15364
1.14865
1.14064
1.13142
1.12291
1.11665
1.11328
1.11266
1.1143
1.11784
1.12306
1.1298
1.13755
1.14546
1.1523
1.15699
1.15885
1.15773
1.15413
1.14897
1.14341
1.13878
1.13649
1.13778
1.14296
1.15083
1.15863
1.163
1.16135
1.15276
1.13861
1.12226
1.10813
1.10047
1.10208
1.11359
1.13375
1.16005
1.18936
1.21808
1.24229
1.25846
1.26427
1.25964
1.24659
1.22831
1.20793
1.18739
1.16735
1.14787
1.1291
1.11163
1.09625
1.08363
1.07388
1.06641
1.06011
1.05392
1.04726
1.04029
1.03377
1.02867
1.02579
1.02575
1.02906
1.03604
1.04677
1.0611
1.07872
1.09904
1.12125
1.14443
1.16762
1.18993
1.21055
1.22859
1.24308
1.25308
1.25768
1.25622
1.24861
1.23565
1.23579
1.27594
1.31293
1.34182
1.35905
1.36267
1.35213
1.32806
1.29187
1.24609
1.1947
1.14316
1.09743
1.06183
1.03747
1.02262
1.01456
1.01175
1.01411
1.02203
1.03489
1.05064
1.06666
1.08112
1.09395
1.10648
1.12073
1.13826
1.15966
1.18433
1.21067
1.23645
1.25931
1.27716
1.28874
1.29377
1.29291
1.28728
1.27801
1.266
1.25172
1.23539
1.21709
1.19681
1.17451
1.15039
1.12493
1.09893
1.07344
1.04964
1.02893
1.01288
1.00279
0.99914
1.00088
1.00544
1.00995
1.01263
1.01325
1.01275
1.0128
1.01535
1.02229
1.03472
1.05266
1.07504
1.10015
1.12586
1.15002
1.17074
1.18657
1.19698
1.20255
1.20473
1.20559
1.20725
1.21131
1.21828
1.22738
1.23675
1.24404
1.24712
1.2446
1.23589
1.22114
1.20089
1.17607
1.14808
1.11882
1.0907
1.06643
1.04864
1.03897
1.03721
1.04085
1.04551
1.04656
1.04114
1.02967
1.01627
1.00708
1.00728
1.0185
1.0387
1.06401
1.09073
1.11647
1.14018
1.16176
1.18156
1.19991
1.21679
1.23179
1.24408
1.25273
1.25696
1.25656
1.2519
1.2438
1.23316
1.22054
1.20597
1.18907
1.16939
1.14674
1.1213
1.09397
1.06637
1.04088
1.0201
1.00636
1.00099
1.00387
1.01304
1.02497
1.03542
1.04084
1.03918
1.03035
1.01612
0.999612
0.984787
0.975612
0.975194
0.985096
1.0049
1.03255
1.06495
1.09865
1.13045
1.15788
1.17942
1.19459
1.20384
1.20831
1.20961
1.20957
1.20978
1.21109
1.21331
1.2154
1.21602
1.21433
1.21031
1.20479
1.1992
1.19513
1.1937
1.195
1.19767
1.19901
1.19571
1.18476
1.16448
1.13519
1.09973
1.06269
1.02896
1.00213
0.983624
0.972969
0.968669
0.969033
0.972703
0.978947
0.987712
0.99963
1.01561
1.03638
1.06212
1.09217
1.12511
1.15899
1.19177
1.22166
1.24739
1.26825
1.28401
1.29483
1.30097
1.30252
1.29911
1.28999
1.27431
1.25171
1.2226
1.18862
1.15289
1.11941
1.09213
1.07358
1.06408
1.06173
1.06302
1.06394
1.06084
1.05132
1.03469
1.01219
0.986504
0.960999
0.93893
0.922923
0.914887
0.916418
0.928884
0.95265
0.986343
1.0268
1.07027
1.11334
1.15348
1.18896
1.21854
1.24138
1.25701
1.26555
1.26766
1.2644
1.25718
1.24734
1.23567
1.22237
1.20709
1.1896
1.17016
1.14977
1.13057
1.11522
1.10611
1.10393
1.10707
1.1121
1.11485
1.11188
1.10121
1.08268
1.05791
1.02986
1.00234
0.979203
0.963616
0.957285
0.96042
0.971772
0.989147
1.01002
1.03202
1.05322
1.0722
1.08804
1.10041
1.10967
1.11678
1.12317
1.13036
1.13963
1.15179
1.16684
1.18415
1.20263
1.22102
1.23794
1.25215
1.2625
1.26813
1.26853
1.26355
1.25324
1.2377
1.21706
1.19133
1.16082
1.12627
1.08924
1.052
1.01751
0.988972
0.969035
0.959065
0.95862
0.965485
0.976456
0.988529
0.999935
1.01035
1.02035
1.03065
1.04169
1.05398
1.06805
1.08411
1.10186
1.12071
1.14004
1.15948
1.17875
1.19738
1.21449
1.22923
1.24113
1.25018
1.25645
1.25981
1.25977
1.25559
1.24686
1.23345
1.21562
1.1939
1.16914
1.14266
1.11623
1.09212
1.07269
1.05985
1.05442
1.05568
1.06135
1.06831
1.07363
1.07529
1.07257
1.06585
1.05639
1.04595
1.03644
1.02951
1.02609
1.02623
1.02921
1.03393
1.03938
1.04495
1.05063
1.05692
1.06455
1.07434
1.08694
1.10257
1.12111
1.142
1.16409
1.18584
1.20558
1.22196
1.234
1.2411
1.24319
1.2408
1.23491
1.22683
1.21813
1.21023
1.20391
1.19862
1.19232
1.18234
1.16641
1.14355
1.11445
1.0815
1.0483
1.01913
0.997992
0.987555
0.988187
0.997843
1.01295
1.02957
1.04451
1.05564
1.0621
1.06392
1.06211
1.05857
1.05591
1.05688
1.06363
1.07704
1.09646
1.11997
1.14506
1.16936
1.19094
1.20823
1.21982
1.22459
1.2218
1.21123
1.19328
1.16912
1.14108
1.11275
1.08852
1.07269
1.06803
1.07477
1.09044
1.11084
1.1312
1.14672
1.15361
1.14948
1.13363
1.10716
1.07262
1.03381
0.995775
0.964352
0.944277
0.937398
0.942338
0.956309
0.976972
1.00288
1.03304
1.06654
1.10221
1.13893
1.17565
1.21137
1.24503
1.27525
1.30048
1.3192
1.33036
1.33337
1.32817
1.31522
1.29533
1.26984
1.24046
1.2089
1.17698
1.14635
1.1187
1.09587
1.0798
1.07205
1.07318
1.08238
1.09719
1.11393
1.12819
1.13574
1.13338
1.11984
1.09612
1.0654
1.03203
1.00041
0.974196
0.956077
0.947817
0.950284
0.963145
0.984781
1.01263
1.04411
1.07726
1.11096
1.14435
1.17609
1.2042
1.22646
1.24126
1.24824
1.24825
1.24282
1.23368
1.22243
1.21008
1.19696
1.18262
1.16637
1.14788
1.12761
1.10689
1.0877
1.07203
1.06166
1.05782
1.06108
1.07117
1.08675
1.10533
1.12348
1.1377
1.14528
1.14482
1.13635
1.12104
1.10077
1.07777
1.05451
1.0334
1.01668
1.00622
1.00358
1.00946
1.02341
1.04389
1.06883
1.09622
1.12459
1.15255
1.17858
1.2007
1.21682
1.22538
1.22575
1.2183
1.20419
1.18531
1.16409
1.14324
1.12513
1.11123
1.10179
1.09596
1.09245
1.0904
1.0898
1.09146
1.09631
1.10455
1.11515
1.12582
1.13358
1.13563
1.13028
1.11745
1.09893
1.07803
1.05863
1.04403
1.03612
1.0353
1.04072
1.05069
1.06285
1.07481
1.08483
1.0924
1.09827
1.10395
1.11119
1.12118
1.13405
1.14894
1.16435
1.17863
1.19037
1.1986
1.20287
1.2034
1.20089
1.19632
1.19073
1.18503
1.17956
1.17416
1.16803
1.15976
1.14764
1.13021
1.10708
1.07947
1.05033
1.02375
1.00405
0.994636
0.997241
1.01167
1.03598
1.06711
1.10149
1.13525
1.16456
1.18586
1.19659
1.19597
1.18524
1.16735
1.14634
1.12611
1.10933
1.09669
1.08674
1.07708
1.06577
1.05235
1.0382
1.02589
1.0182
1.01722
1.02393
1.03816
1.05872
1.08349
1.10961
1.13391
1.15343
1.16617
1.17165
1.17082
1.16561
1.15829
1.1506
1.14364
1.13779
1.13283
1.12838
1.12424
1.12077
1.11904
1.12054
1.12653
1.1372
1.15129
1.16621
1.17894
1.18696
1.18891
1.18469
1.17536
1.16273
1.14899
1.13623
1.12597
1.11878
1.11403
1.11033
1.10642
1.10201
1.09831
1.09774
1.10281
1.11461
1.13199
1.15156
1.16875
1.17915
1.17963
1.1688
1.14717
1.1171
1.08261
1.04917
1.0232
1.01066
1.01519
1.03664
1.07087
1.11105
1.14974
1.18062
1.19938
1.20391
1.19404
1.17108
1.13773
1.09782
1.05593
1.01691
0.985077
0.96381
0.95503
0.958948
0.974177
0.998179
1.02783
1.0601
1.09228
1.12205
1.1475
1.1672
1.18024
1.18635
1.18621
1.18136
1.17397
1.16618
1.15969
1.15533
1.15333
1.15357
1.15592
1.16032
1.16682
1.17523
1.18474
1.19366
1.19955
1.20024
1.19482
1.18396
1.16937
1.15278
1.13548
1.11834
1.10206
1.08737
1.07527
1.06689
1.06312
1.06427
1.06978
1.0783
1.08791
1.09654
1.10234
1.10424
1.10227
1.09756
1.09205
1.08781
1.08652
1.0892
1.09636
1.10786
1.12284
1.13949
1.1553
1.1677
1.17461
1.1749
1.16848
1.15631
1.14023
1.12247
1.10524
1.09039
1.07902
1.07134
1.06675
1.06445
1.06373
1.06422
1.06568
1.0679
1.07042
1.07272
1.07435
1.07525
1.07572
1.0764
1.07808
1.08155
1.08752
1.09679
1.11011
1.12761
1.14833
1.17008
1.18983
1.20439
1.21115
1.20887
1.19802
1.1807
1.1601
1.13956
1.12193
1.10913
1.10221
1.10159
1.10702
1.11771
1.13222
1.14852
1.16442
1.17786
1.18716
1.19125
1.1897
1.18276
1.17128
1.15638
1.13923
1.12081
1.10187
1.08303
1.065
1.04864
1.03518
1.02604
1.02245
1.0251
1.03396
1.04847
1.06765
1.08981
1.11217
1.13126
1.14384
1.14813
1.1441
1.1334
1.11898
1.10439
1.09305
1.0873
1.08773
1.09329
1.10189
1.11132
1.11984
1.12659
1.13149
1.13519
1.13863
1.14249
1.14663
1.15008
1.15141
1.14913
1.14243
1.13135
1.11653
1.09902
1.0799
1.06026
1.04112
1.02389
1.01031
1.00225
1.00106
1.00687
1.01847
1.03353
1.04955
1.06446
1.07696
1.0867
1.09391
1.09887
1.10172
1.10258
1.10198
1.1013
1.10267
1.10828
1.11965
1.13692
1.15863
1.18207
1.20418
1.22225
1.2345
1.23995
1.23807
1.22873
1.21211
1.18903
1.16122
1.13136
1.1027
1.07823
1.06002
1.04895
1.04479
1.04665
1.0533
1.06333
1.07537
1.08821
1.10102
1.1134
1.12493
1.13464
1.14072
1.14099
1.13426
1.121
1.10334
1.08432
1.06697
1.05355
1.04523
1.04242
1.04515
1.05334
1.06701
1.08607
1.11013
1.13819
1.16841
1.19822
1.22462
1.24479
1.25654
1.25856
1.25033
1.23191
1.20384
1.16723
1.1239
1.07656
1.02852
0.983379
0.944454
0.914266
0.894371
0.885307
0.887024
0.89924
0.921726
0.954089
0.995561
1.04445
1.0979
1.15204
1.20247
1.24504
1.27656
1.29506
1.3
1.29223
1.27387
1.2483
1.21978
1.19258
1.17036
1.15526
1.14806
1.14837
1.1553
1.16757
1.18327
1.19958
1.21287
1.21948
1.21681
1.20401
1.18217
1.15376
1.12174
1.08874
1.0567
1.02682
0.999862
0.9762
0.955867
0.938587
0.92425
0.91328
0.906947
0.906984
0.914893
0.931512
0.956682
0.989087
1.0264
1.0656
1.10369
1.13804
1.16652
1.18768
1.20068
1.20543
1.20259
1.19362
1.18073
1.16655
1.15352
1.14365
1.13802
1.1366
1.13822
1.14112
1.14354
1.1446
1.14457
1.14478
1.14708
1.15307
1.16347
1.17757
1.2272
1.2607
1.29376
1.32086
1.33735
1.34035
1.32905
1.30477
1.2704
1.22979
1.18718
1.14658
1.11151
1.08458
1.06689
1.05758
1.05407
1.053
1.05132
1.04732
1.04082
1.03273
1.02449
1.01758
1.01364
1.01446
1.02141
1.03507
1.05478
1.07903
1.10605
1.13444
1.16334
1.19225
1.2205
1.24682
1.26946
1.28652
1.29641
1.29819
1.29162
1.27695
1.25457
1.22479
1.18816
1.14588
1.10037
1.05595
1.01913
0.997133
0.994903
1.01236
1.04403
1.08149
1.11632
1.14203
1.1552
1.15565
1.146
1.13046
1.11341
1.09863
1.08896
1.08624
1.091
1.10228
1.11783
1.13488
1.15108
1.16506
1.17651
1.18583
1.19367
1.20066
1.20727
1.21376
1.22026
1.22658
1.23223
1.23628
1.23758
1.23492
1.22726
1.21408
1.19561
1.17293
1.14768
1.1219
1.09773
1.07707
1.06121
1.05087
1.04602
1.04597
1.04943
1.05487
1.06063
1.06512
1.06686
1.06465
1.05798
1.04733
1.03457
1.02288
1.01596
1.01664
1.02579
1.04181
1.06155
1.08161
1.09969
1.11487
1.12713
1.13661
1.14322
1.14662
1.14676
1.14399
1.13931
1.13408
1.12992
1.12853
1.13143
1.13934
1.15164
1.1662
1.18028
1.19147
1.19825
1.20024
1.19809
1.19307
1.18685
1.1805
1.17389
1.16596
1.15578
1.14371
1.13163
1.12201
1.11654
1.11526
1.11657
1.11806
1.11772
1.11459
1.10883
1.10128
1.0929
1.08453
1.07663
1.06946
1.06317
1.05807
1.05482
1.05455
1.05879
1.06899
1.08558
1.10716
1.1309
1.15378
1.17371
1.1901
1.20298
1.21195
1.21577
1.2132
1.20398
1.18925
1.17128
1.15272
1.13601
1.12298
1.11481
1.11174
1.11317
1.11756
1.12292
1.1273
1.12926
1.12811
1.12377
1.11672
1.10781
1.09794
1.08796
1.07843
1.06982
1.06271
1.05787
1.0561
1.05803
1.0639
1.0735
1.08644
1.10245
1.12145
1.14337
1.16791
1.19436
1.22147
1.24746
1.27022
1.28752
1.29713
1.29708
1.28606
1.26378
1.23152
1.19254
1.15176
1.11474
1.08591
1.06755
1.05944
1.05961
1.06537
1.07387
1.08253
1.08931
1.09293
1.09306
1.09022
1.08527
1.07872
1.0703
1.05931
1.04531
1.02896
1.0125
0.999653
0.994478
0.999727
1.01538
1.03881
1.06616
1.09377
1.1189
1.13973
1.15521
1.16509
1.17008
1.17184
1.17279
1.17564
1.1826
1.19458
1.21042
1.22735
1.24176
1.25051
1.25152
1.24406
1.22871
1.20733
1.18261
1.1574
1.13407
1.11391
1.09703
1.08291
1.07103
1.0612
1.05375
1.04907
1.04711
1.04702
1.04702
1.04494
1.03926
1.03042
1.02125
1.01636
1.02027
1.03534
1.06089
1.09369
1.12946
1.16419
1.19482
1.21938
1.23681
1.24683
1.2502
1.24867
1.24459
1.24027
1.23728
1.23597
1.23544
1.23396
1.22971
1.22109
1.207
1.18688
1.16102
1.13062
1.09782
1.06558
1.0371
1.01506
1.0012
0.995995
0.998788
1.00819
1.02237
1.03951
1.058
1.07646
1.09359
1.10793
1.11794
1.12238
1.12068
1.11323
1.10136
1.08724
1.07364
1.06354
1.0597
1.064
1.0768
1.09662
1.12053
1.1449
1.16617
1.18159
1.18993
1.19154
1.18806
1.18156
1.17399
1.1667
1.16044
1.15567
1.15264
1.15129
1.15104
1.15077
1.14928
1.1457
1.13957
1.13077
1.11932
1.10528
1.08885
1.07025
1.05003
1.02905
1.00875
0.991022
0.977602
0.969384
0.966208
0.967401
0.972532
0.981734
0.995684
1.01513
1.04042
1.07158
1.10787
1.14746
1.18726
1.22319
1.25128
1.26875
1.27493
1.27135
1.26134
1.24901
1.23795
1.23014
1.22526
1.22115
1.2152
1.20583
1.19318
1.17907
1.16621
1.15694
1.15229
1.15176
1.15348
1.15489
1.15345
1.14721
1.13509
1.11701
1.09378
1.06706
1.03927
1.01334
0.992315
0.97885
0.974681
0.980186
0.994354
1.01496
1.03892
1.06291
1.08368
1.09867
1.10637
1.10651
1.0999
1.08852
1.07539
1.06413
1.05846
1.06149
1.07489
1.09866
1.13106
1.16893
1.20803
1.24397
1.27296
1.29244
1.30162
1.30132
1.29341
1.27987
1.26224
1.24127
1.21733
1.19056
1.16129
1.13063
1.10098
1.07647
1.06177
1.05995
1.07032
1.08875
1.11038
1.13138
1.14938
1.16323
1.17239
1.17676
1.17649
1.17185
1.16305
1.15053
1.13521
1.11866
1.10293
1.09028
1.08262
1.08101
1.0853
1.09409
1.10527
1.11691
1.12786
1.13812
1.14829
1.15888
1.16951
1.17889
1.18531
1.18725
1.18372
1.17434
1.15925
1.13899
1.11461
1.08768
1.06051
1.03593
1.01675
1.00502
1.00149
1.00583
1.01699
1.03367
1.05438
1.07728
1.09999
1.11993
1.13482
1.14355
1.14684
1.14701
1.14706
1.14923
1.1542
1.16117
1.16869
1.17547
1.18053
1.18311
1.18256
1.17826
1.16984
1.15738
1.14151
1.12363
1.10567
1.0898
1.07802
1.07196
1.07262
1.08027
1.09441
1.11376
1.13652
1.16065
1.18408
1.20475
1.22079
1.23071
1.23342
1.22844
1.21612
1.19747
1.17434
1.1491
1.12447
1.10314
1.08752
1.07912
1.07813
1.08322
1.09214
1.10253
1.11263
1.12139
1.12846
1.13376
1.13726
1.1389
1.13872
1.13698
1.13408
1.13012
1.12479
1.11735
1.10734
1.09497
1.08143
1.06856
1.05807
1.05102
1.0475
1.04684
1.04787
1.04934
1.05055
1.05178
1.05428
1.05981
1.06968
1.08421
1.10292
1.12507
1.14989
1.17617
1.20184
1.22443
1.24171
1.25207
1.25469
1.24955
1.23747
1.22029
1.20054
1.18092
1.16345
1.14922
1.13826
1.12999
1.12382
1.11946
1.11665
1.1148
1.11292
1.10995
1.10495
1.09737
1.08724
1.0752
1.06275
1.05191
1.0449
1.04366
1.04931
1.06178
1.07954
1.09983
1.11925
1.13479
1.14467
1.14877
1.14812
1.14425
1.13848
1.13168
1.12448
1.11745
1.11129
1.10673
1.10426
1.10406
1.106
1.10985
1.11528
1.12173
1.12845
1.13467
1.13995
1.14456
1.14948
1.15562
1.16303
1.17093
1.1783
1.18444
1.18926
1.19273
1.19461
1.19445
1.19189
1.187
1.18021
1.17178
1.16144
1.14849
1.13234
1.11274
1.09021
1.06605
1.04218
1.02122
1.00603
0.999161
1.0019
1.01394
1.03333
1.05705
1.08175
1.10439
1.12276
1.13565
1.14303
1.14541
1.14359
1.13829
1.13005
1.11947
1.1073
1.09472
1.08327
1.07471
1.07039
1.07084
1.07583
1.08455
1.09626
1.11077
1.12798
1.1474
1.16743
1.18536
1.19817
1.20347
1.20022
1.18893
1.17132
1.15002
1.12812
1.10886
1.09541
1.0904
1.09562
1.11139
1.13618
1.16668
1.19853
1.22725
1.24922
1.26219
1.2656
1.26015
1.2471
1.2278
1.20327
1.1743
1.14191
1.1079
1.07516
1.04747
1.02859
1.02133
1.02657
1.0427
1.06617
1.09261
1.11815
1.14006
1.15681
1.16763
1.17205
1.16984
1.16101
1.14626
1.12704
1.10567
1.08462
1.06632
1.05284
1.04598
1.04684
1.05522
1.06944
1.0867
1.10385
1.11823
1.12791
1.13191
1.13022
1.12354
1.11324
1.10099
1.08821
1.07574
1.06381
1.05217
1.04062
1.02968
1.02097
1.01728
1.02201
1.03792
1.06584
1.10393
1.148
1.19239
1.23114
1.25918
1.27298
1.27096
1.25355
1.22314
1.18371
1.14032
1.0985
1.06345
1.03923
1.02826
1.03081
1.04513
1.06793
1.09552
1.12456
1.15247
1.17707
1.19673
1.2107
1.21947
1.22467
1.22829
1.23156
1.23441
1.23545
1.23253
1.22368
1.20787
1.18594
1.16065
1.13579
1.11491
1.10012
1.09191
1.08972
1.0923
1.09809
1.1052
1.1115
1.11503
1.11437
1.10904
1.09976
1.08816
1.0766
1.06732
1.06212
1.06189
1.06651
1.0749
1.08544
1.09637
1.10633
1.11455
1.12082
1.12531
1.12833
1.13027
1.13146
1.13217
1.13253
1.13248
1.13172
1.12997
1.12684
1.122
1.11524
1.10672
1.0973
1.0886
1.08308
1.08313
1.09002
1.10333
1.12104
1.14029
1.15825
1.17269
1.18217
1.18619
1.18508
1.17977
1.17133
1.16075
1.14866
1.13539
1.12095
1.10527
1.08841
1.07079
1.05332
1.0374
1.02477
1.01734
1.01695
1.02487
1.04093
1.06364
1.09077
1.12043
1.1514
1.18271
1.21308
1.24063
1.26324
1.27877
1.28544
1.28234
1.26943
1.24746
1.21791
1.1828
1.14462
1.10641
1.07165
1.044
1.02636
1.02009
1.02454
1.03768
1.05687
1.07942
1.1028
1.12451
1.14207
1.15323
1.1564
1.15129
1.13948
1.12443
1.11087
1.10339
1.10477
1.11529
1.13291
1.15412
1.17504
1.19237
1.2039
1.20884
1.20759
1.20162
1.19266
1.18219
1.17089
1.15847
1.14418
1.12768
1.10966
1.09218
1.07799
1.06955
1.06777
1.07145
1.07794
1.08464
1.0903
1.09512
1.1002
1.10657
1.11463
1.12405
1.13372
1.14222
1.14837
1.15145
1.15136
1.14866
1.14451
1.14049
1.13825
1.13921
1.14418
1.15273
1.16318
1.17295
1.17934
1.18027
1.17482
1.16333
1.14745
1.12991
1.11424
1.10384
1.10094
1.10562
1.11568
1.12741
1.13672
1.14025
1.13625
1.12493
1.10816
1.08902
1.07081
1.05631
1.04726
1.04417
1.04657
1.05311
1.06176
1.07002
1.07548
1.0765
1.07281
1.06583
1.05854
1.05464
1.0571
1.06636
1.07999
1.09374
1.10364
1.10752
1.10542
1.09937
1.09273
1.08897
1.09033
1.09715
1.10824
1.12177
1.13613
1.15024
1.16346
1.17561
1.18682
1.19738
1.20767
1.2175
1.22629
1.23347
1.23893
1.24287
1.24535
1.24579
1.24307
1.2359
1.22306
1.2037
1.17764
1.14602
1.1114
1.07752
1.04853
1.02774
1.01696
1.01622
1.02394
1.03759
1.05436
1.0717
1.08758
1.10086
1.1114
1.11964
1.12613
1.13107
