-7.84084
-7.80504
-7.73227
-7.6466
-7.54361
-7.42712
-7.30675
-7.18833
-7.0787
-6.98526
-6.91274
-6.86841
-6.85064
-6.85677
-6.88428
-6.92422
-6.96986
-7.015
-7.05891
-7.09581
-7.12285
-7.14314
-7.15875
-7.16549
-7.16547
-7.16036
-7.15442
-7.14926
-7.14633
-7.14446
-7.14566
-7.14768
-7.15336
-7.16044
-7.16922
-7.18091
-7.19349
-7.20624
-7.21665
-7.22614
-7.23567
-7.24231
-7.24835
-7.25323
-7.25253
-7.24934
-7.24269
-7.23384
-7.22376
-7.21283
-7.20105
-7.18912
-7.18319
-7.17972
-7.18405
-7.19217
-7.20495
-7.2151
-7.23027
-7.24441
-7.25616
-7.26702
-7.27044
-7.27122
-7.26866
-7.2651
-7.25503
-7.24298
-7.2309
-7.21778
-7.20786
-7.19595
-7.18665
-7.17921
-7.17166
-7.16389
-7.15898
-7.15568
-7.15587
-7.16065
-7.16592
-7.17281
-7.18226
-7.18588
-7.19207
-7.19588
-7.19781
-7.20085
-7.2044
-7.20462
-7.20739
-7.20634
-7.20372
-7.19721
-7.19261
-7.18521
-7.17619
-7.1709
-7.16234
-7.15776
-7.15043
-7.14594
-7.14213
-7.14193
-7.14423
-7.1493
-7.15491
-7.16507
-7.17367
-7.18426
-7.1956
-7.20629
-7.21645
-7.22402
-7.23146
-7.23572
-7.23884
-7.24417
-7.24503
-7.24291
-7.23949
-7.23346
-7.22654
-7.22097
-7.21413
-7.20694
-7.20013
-7.1945
-7.19067
-7.18814
-7.1866
-7.1867
-7.18426
-7.18401
-7.1824
-7.18035
-7.17865
-7.17851
-7.17968
-7.18722
-7.19345
-7.20155
-7.20864
-7.21296
-7.21551
-7.2176
-7.21453
-7.21221
-7.20616
-7.1983
-7.19082
-7.18456
-7.17777
-7.17187
-7.1664
-7.15773
-7.15059
-7.14431
-7.13698
-7.13414
-7.13259
-7.13603
-7.14063
-7.15049
-7.16276
-7.17848
-7.19435
-7.21064
-7.22744
-7.24211
-7.25252
-7.26421
-7.27406
-7.27937
-7.28131
-7.28121
-7.27689
-7.27114
-7.26262
-7.25233
-7.2403
-7.22776
-7.2146
-7.20268
-7.18386
-7.16898
-7.15349
-7.14005
-7.12997
-7.12411
-7.12175
-7.12064
-7.1225
-7.12566
-7.12943
-7.13701
-7.14227
-7.15045
-7.1584
-7.16847
-7.17746
-7.18511
-7.19701
-7.2068
-7.21512
-7.22231
-7.23109
-7.23959
-7.24753
-7.25382
-7.25916
-7.26733
-7.27144
-7.27427
-7.27292
-7.26838
-7.26402
-7.25626
-7.24403
-7.22987
-7.21551
-7.19957
-7.18554
-7.1751
-7.16395
-7.15637
-7.1514
-7.14913
-7.14853
-7.15086
-7.159
-7.16737
-7.1795
-7.18889
-7.19881
-7.20906
-7.21451
-7.21698
-7.21695
-7.21583
-7.21004
-7.2024
-7.19493
-7.18522
-7.1779
-7.1697
-7.16433
-7.16152
-7.15962
-7.16014
-7.16606
-7.17277
-7.17964
-7.19118
-7.20145
-7.21327
-7.22271
-7.22927
-7.23664
-7.24256
-7.24808
-7.24937
-7.25194
-7.25239
-7.25208
-7.24652
-7.23946
-7.2333
-7.22483
-7.21403
-7.20232
-7.19006
-7.18237
-7.17247
-7.165
-7.16074
-7.16046
-7.15841
-7.15632
-7.15002
-7.14652
-7.14585
-7.14684
-7.15212
-7.15798
-7.16491
-7.17362
-7.18431
-7.19369
-7.20523
-7.21152
-7.21559
-7.21536
-7.2142
-7.21294
-7.20932
-7.2033
-7.19778
-7.19725
-7.19621
-7.1932
-7.19219
-7.19231
-7.19337
-7.19465
-7.19647
-7.19728
-7.19781
-7.20001
-7.20252
-7.2055
-7.20499
-7.20856
-7.20949
-7.20733
-7.20242
-7.19513
-7.18569
-7.17979
-7.1717
-7.16671
-7.16277
-7.16289
-7.16355
-7.16815
-7.17463
-7.18096
-7.18998
-7.19574
-7.20006
-7.20076
-7.20221
-7.20191
-7.20095
-7.20152
-7.20452
-7.2087
-7.2097
-7.21204
-7.21721
-7.22177
-7.22447
-7.22565
-7.22599
-7.22219
-7.21778
-7.20883
-7.19904
-7.19171
-7.18426
-7.17729
-7.1737
-7.17493
-7.17729
-7.18471
-7.18996
-7.19891
-7.20641
-7.2127
-7.216
-7.21721
-7.21372
-7.20785
-7.19789
-7.1888
-7.18095
-7.17173
-7.16013
-7.15222
-7.14809
-7.14526
-7.1457
-7.14729
-7.15468
-7.16531
-7.17878
-7.19511
-7.21147
-7.22626
-7.23982
-7.25046
-7.25735
-7.26069
-7.2578
-7.25293
-7.24456
-7.23243
-7.22036
-7.20852
-7.19855
-7.19212
-7.18511
-7.18273
-7.18124
-7.18242
-7.18531
-7.18647
-7.18666
-7.18585
-7.18109
-7.17761
-7.17449
-7.16981
-7.16271
-7.1574
-7.15346
-7.15185
-7.15371
-7.15623
-7.16103
-7.1645
-7.17261
-7.1831
-7.19334
-7.2047
-7.21755
-7.22665
-7.23259
-7.23842
-7.24147
-7.241
-7.23905
-7.23371
-7.22745
-7.22249
-7.21919
-7.21431
-7.20903
-7.20458
-7.201
-7.20043
-7.20083
-7.20006
-7.19914
-7.19556
-7.19315
-7.18732
-7.18023
-7.17402
-7.16827
-7.16305
-7.15969
-7.15766
-7.15887
-7.16525
-7.17268
-7.18081
-7.18961
-7.19485
-7.19611
-7.1966
-7.19949
-7.20075
-7.20431
-7.20789
-7.21567
-7.22357
-7.22962
-7.23376
-7.23629
-7.23612
-7.23433
-7.23304
-7.23205
-7.22603
-7.21881
-7.2136
-7.20504
-7.19762
-7.19188
-7.18855
-7.18481
-7.18047
-7.17542
-7.17391
-7.17251
-7.1726
-7.17958
-7.18726
-7.20005
-7.20979
-7.22126
-7.22998
-7.24003
-7.24481
-7.24578
-7.24119
-7.22979
-7.216
-7.19918
-7.1811
-7.16126
-7.146
-7.13282
-7.12658
-7.12388
-7.12937
-7.13848
-7.1508
-7.16407
-7.17834
-7.18922
-7.19802
-7.19938
-7.19955
-7.19627
-7.19018
-7.18117
-7.17444
-7.17117
-7.1702
-7.17424
-7.1804
-7.18442
-7.19079
-7.19439
-7.1972
-7.19799
-7.19883
-7.19854
-7.19518
-7.19365
-7.19196
-7.1928
-7.19503
-7.19728
-7.20393
-7.20956
-7.21561
-7.22259
-7.23131
-7.2409
-7.24755
-7.25472
-7.26134
-7.26475
-7.26558
-7.26734
-7.26458
-7.25807
-7.2516
-7.24429
-7.23492
-7.2232
-7.21029
-7.19724
-7.18581
-7.17416
-7.16399
-7.15241
-7.14187
-7.13117
-7.12107
-7.11312
-7.10834
-7.10415
-7.10358
-7.10426
-7.10937
-7.1187
-7.1292
-7.14167
-7.15651
-7.17176
-7.18841
-7.20356
-7.21499
-7.22539
-7.23485
-7.24163
-7.24646
-7.24988
-7.2481
-7.24127
-7.23325
-7.22216
-7.2104
-7.19921
-7.18545
-7.17253
-7.16298
-7.15288
-7.14782
-7.14611
-7.14776
-7.15585
-7.16675
-7.17795
-7.19054
-7.20281
-7.21466
-7.21939
-7.22303
-7.22484
-7.22495
-7.22256
-7.2186
-7.21397
-7.21114
-7.20896
-7.20637
-7.20658
-7.20643
-7.21053
-7.21017
-7.20775
-7.20585
-7.2064
-7.20823
-7.20762
-7.20767
-7.20721
-7.20694
-7.20838
-7.21125
-7.21343
-7.21265
-7.21092
-7.2042
-7.1981
-7.1892
-7.17933
-7.1687
-7.16034
-7.15281
-7.14648
-7.14491
-7.1435
-7.1482
-7.15396
-7.16155
-7.17124
-7.17671
-7.18645
-7.19065
-7.19284
-7.19225
-7.18756
-7.18025
-7.17224
-7.16844
-7.16829
-7.1698
-7.17449
-7.18415
-7.19615
-7.21033
-7.2242
-7.2351
-7.24598
-7.25146
-7.25735
-7.25591
-7.25158
-7.24854
-7.2437
-7.23446
-7.22708
-7.22164
-7.21275
-7.20454
-7.19673
-7.18991
-7.18476
-7.18156
-7.18008
-7.18012
-7.18147
-7.18709
-7.19324
-7.19768
-7.20054
-7.20405
-7.20364
-7.20021
-7.19684
-7.19188
-7.18641
-7.17997
-7.17504
-7.17024
-7.16512
-7.16253
-7.164
-7.1664
-7.17137
-7.17805
-7.18723
-7.19875
-7.2108
-7.22544
-7.23688
-7.24879
-7.2577
-7.26137
-7.26326
-7.26025
-7.25073
-7.23889
-7.22323
-7.20536
-7.1877
-7.17003
-7.15892
-7.15319
-7.15158
-7.157
-7.16867
-7.18264
-7.19646
-7.21045
-7.22201
-7.23084
-7.23729
-7.23739
-7.23419
-7.22871
-7.21811
-7.20633
-7.19182
-7.17712
-7.16578
-7.15309
-7.14532
-7.14067
-7.13895
-7.14028
-7.14456
-7.15022
-7.15716
-7.16498
-7.17183
-7.17865
-7.18538
-7.19383
-7.19901
-7.20567
-7.21321
-7.21924
-7.226
-7.23008
-7.23451
-7.23779
-7.23783
-7.23786
-7.23518
-7.22957
-7.2172
-7.20644
-7.1917
-7.17848
-7.16686
-7.15917
-7.15434
-7.15216
-7.1525
-7.15731
-7.16124
-7.16656
-7.17374
-7.18004
-7.18423
-7.18489
-7.18422
-7.18364
-7.18369
-7.1867
-7.19082
-7.19664
-7.20506
-7.21348
-7.21888
-7.22483
-7.23019
-7.2336
-7.2357
-7.23398
-7.23331
-7.22912
-7.22248
-7.21519
-7.20615
-7.19487
-7.18435
-7.17646
-7.17406
-7.17257
-7.17607
-7.18188
-7.18868
-7.19643
-7.20378
-7.2081
-7.2082
-7.20716
-7.20375
-7.19856
-7.19251
-7.19008
-7.1859
-7.18102
-7.17968
-7.18122
-7.18032
-7.18318
-7.18991
-7.19654
-7.20336
-7.21026
-7.21672
-7.22136
-7.22242
-7.22045
-7.21472
-7.21088
-7.20527
-7.20027
-7.19605
-7.19121
-7.18807
-7.18908
-7.19043
-7.19312
-7.20101
-7.20842
-7.2145
-7.22078
-7.22669
-7.22962
-7.23114
-7.2317
-7.23095
-7.22958
-7.22775
-7.22408
-7.21875
-7.21487
-7.20762
-7.20023
-7.19263
-7.18263
-7.17635
-7.1709
-7.16793
-7.16683
-7.16584
-7.16524
-7.1661
-7.16265
-7.16089
-7.16155
-7.16309
-7.16843
-7.17446
-7.18104
-7.19001
-7.19724
-7.20596
-7.21131
-7.21658
-7.22001
-7.22191
-7.22017
-7.21905
-7.21684
-7.20908
-7.20122
-7.19399
-7.1862
-7.17954
-7.17417
-7.17165
-7.17121
-7.17257
-7.176
-7.18235
-7.1894
-7.19708
-7.20502
-7.21435
-7.22128
-7.22788
-7.22936
-7.22801
-7.22525
-7.21924
-7.21275
-7.20449
-7.19699
-7.18819
-7.18085
-7.17446
-7.16723
-7.16341
-7.16346
-7.1653
-7.1681
-7.17075
-7.17011
-7.17049
-7.17066
-7.1682
-7.16158
-7.15602
-7.15037
-7.14942
-7.14999
-7.15418
-7.16569
-7.18256
-7.20088
-7.22114
-7.2401
-7.25561
-7.2672
-7.27312
-7.27428
-7.27033
-7.26342
-7.25398
-7.24142
-7.23202
-7.2225
-7.21444
-7.20914
-7.20364
-7.20304
-7.20233
-7.2016
-7.20102
-7.20017
-7.19953
-7.196
-7.19061
-7.18243
-7.1707
-7.1586
-7.14392
-7.13191
-7.12135
-7.1137
-7.10818
-7.1057
-7.1095
-7.11797
-7.12581
-7.1409
-7.15717
-7.17435
-7.19154
-7.20909
-7.2279
-7.24718
-7.26177
-7.27389
-7.27846
-7.28066
-7.27825
-7.27165
-7.25703
-7.24196
-7.22357
-7.20531
-7.18571
-7.16756
-7.15173
-7.14091
-7.13455
-7.13404
-7.13743
-7.15023
-7.16417
-7.17899
-7.19389
-7.20858
-7.22172
-7.23156
-7.23762
-7.24095
-7.23939
-7.23561
-7.22765
-7.21625
-7.20411
-7.19389
-7.18375
-7.17451
-7.16722
-7.16182
-7.1609
-7.16124
-7.16322
-7.17021
-7.17773
-7.18724
-7.19744
-7.20617
-7.21585
-7.22331
-7.23265
-7.26512
-7.29254
-7.30605
-7.30644
-7.28972
-7.25564
-7.20662
-7.14748
-7.07371
-7.00074
-6.92694
-6.86506
-6.82193
-6.79735
-6.79179
-6.7978
-6.81333
-6.83032
-6.84196
-6.84874
-6.84545
-6.83504
-6.81882
-6.79869
-6.77817
-6.76778
-6.77083
-6.78757
-6.81663
-6.8567
-6.9036
-6.95447
-7.00261
-7.04394
-7.07715
-7.10332
-7.11928
-7.12557
-7.12756
-7.11902
-7.10623
-7.08928
-7.06961
-7.05004
-7.03296
-7.01503
-6.99847
-6.98222
-6.97061
-6.95695
-6.9387
-6.91858
-6.89492
-6.86351
-6.83299
-6.79982
-6.77278
-6.75656
-6.75659
-6.77173
-6.79974
-6.83425
-6.87107
-6.90734
-6.93615
-6.96156
-6.97932
-6.98854
-6.99061
-6.99218
-6.98365
-6.97572
-6.96486
-6.95612
-6.95255
-6.95064
-6.95774
-6.96926
-6.98289
-6.99708
-7.01638
-7.03405
-7.04894
-7.06065
-7.06711
-7.0661
-7.0568
-7.04318
-7.02043
-6.99331
-6.96114
-6.92705
-6.89483
-6.86314
-6.8355
-6.81299
-6.79088
-6.77154
-6.75355
-6.73782
-6.72819
-6.72903
-6.73786
-6.7559
-6.78418
-6.81712
-6.85392
-6.89312
-6.92987
-6.96099
-6.98718
-7.00527
-7.01749
-7.0221
-7.02269
-7.02034
-7.02249
-7.02316
-7.02808
-7.03
-7.03047
-7.02746
-7.02443
-7.01783
-7.00834
-6.994
-6.97933
-6.96961
-6.96201
-6.95434
-6.94956
-6.94585
-6.943
-6.93917
-6.93879
-6.93945
-6.93984
-6.93679
-6.93193
-6.92051
-6.90647
-6.89066
-6.87164
-6.85279
-6.83132
-6.81085
-6.79429
-6.78437
-6.78109
-6.78831
-6.80571
-6.82849
-6.85584
-6.88437
-6.91318
-6.93787
-6.96134
-6.97836
-6.98896
-6.99452
-6.99482
-6.99104
-6.98934
-6.98574
-6.98551
-6.9825
-6.98638
-6.99063
-6.99616
-7.00365
-7.01088
-7.0175
-7.02306
-7.02346
-7.0213
-7.01116
-7.00178
-6.98281
-6.9572
-6.92539
-6.89287
-6.86276
-6.83753
-6.81526
-6.79859
-6.78837
-6.78299
-6.78321
-6.78623
-6.79171
-6.79792
-6.80694
-6.82107
-6.83587
-6.85494
-6.87575
-6.89674
-6.91742
-6.94028
-6.961
-6.98174
-7.00157
-7.02091
-7.04038
-7.05637
-7.06864
-7.07582
-7.07574
-7.0711
-7.06179
-7.05004
-7.03685
-7.02078
-7.00511
-6.99463
-6.97884
-6.96616
-6.95063
-6.93667
-6.92109
-6.9055
-6.89449
-6.87903
-6.86195
-6.84298
-6.82119
-6.80054
-6.78274
-6.76695
-6.7581
-6.75595
-6.76152
-6.77195
-6.79159
-6.81373
-6.83833
-6.86714
-6.89465
-6.92326
-6.95126
-6.97629
-6.99998
-7.02319
-7.04215
-7.05578
-7.06861
-7.07762
-7.0844
-7.08942
-7.08922
-7.08009
-7.06822
-7.05254
-7.03571
-7.01352
-6.99317
-6.97268
-6.95313
-6.93707
-6.92839
-6.91653
-6.90611
-6.89566
-6.88416
-6.86896
-6.85148
-6.83382
-6.81441
-6.79502
-6.77859
-6.76764
-6.76182
-6.75952
-6.76054
-6.76521
-6.77491
-6.78956
-6.8082
-6.83286
-6.86233
-6.893
-6.92403
-6.95389
-6.98093
-7.00545
-7.02376
-7.04119
-7.05664
-7.06871
-7.07827
-7.08361
-7.0863
-7.08654
-7.08085
-7.0712
-7.05807
-7.04119
-7.02167
-7.00034
-6.97887
-6.95894
-6.9436
-6.92913
-6.91865
-6.90929
-6.90022
-6.88956
-6.87902
-6.86585
-6.848
-6.82949
-6.81146
-6.79755
-6.78701
-6.78481
-6.78834
-6.79682
-6.81131
-6.83335
-6.85614
-6.88127
-6.90595
-6.92985
-6.9505
-6.96903
-6.9833
-6.99582
-7.00703
-7.01523
-7.0209
-7.02747
-7.03395
-7.04045
-7.04271
-7.0489
-7.05148
-7.05199
-7.05121
-7.04795
-7.0395
-7.02582
-7.00717
-6.98494
-6.95906
-6.93406
-6.90983
-6.88638
-6.86462
-6.84674
-6.83031
-6.8181
-6.80895
-6.799
-6.78829
-6.77735
-6.76723
-6.76318
-6.76538
-6.77337
-6.79153
-6.81329
-6.83825
-6.8669
-6.89666
-6.91888
-6.94006
-6.95634
-6.96833
-6.97324
-6.97376
-6.9726
-6.974
-6.97818
-6.9858
-6.99686
-7.0135
-7.03151
-7.05026
-7.06813
-7.08343
-7.09184
-7.093
-7.08178
-7.06311
-7.03732
-7.00311
-6.96657
-6.93289
-6.90249
-6.87834
-6.86726
-6.85964
-6.86353
-6.8701
-6.88232
-6.89622
-6.90927
-6.91871
-6.9228
-6.9218
-6.91896
-6.91474
-6.90685
-6.8996
-6.89842
-6.8992
-6.90179
-6.90711
-6.91335
-6.91646
-6.92192
-6.92809
-6.93297
-6.93681
-6.9362
-6.93603
-6.93168
-6.92582
-6.91814
-6.91314
-6.9099
-6.91064
-6.91834
-6.93238
-6.95079
-6.96707
-6.98059
-6.99168
-6.99788
-6.99253
-6.9845
-6.97035
-6.9491
-6.92788
-6.90522
-6.88504
-6.86778
-6.85698
-6.85108
-6.84854
-6.85277
-6.86191
-6.87423
-6.88898
-6.90582
-6.92411
-6.94166
-6.95658
-6.96761
-6.97598
-6.97849
-6.98111
-6.9799
-6.97653
-6.96992
-6.96624
-6.96517
-6.96417
-6.96587
-6.97008
-6.97329
-6.97209
-6.97157
-6.96678
-6.95645
-6.94055
-6.92288
-6.9048
-6.88478
-6.87245
-6.86407
-6.86212
-6.86205
-6.86546
-6.87134
-6.87456
-6.87538
-6.87379
-6.86904
-6.86353
-6.86079
-6.85905
-6.86203
-6.86787
-6.87975
-6.89622
-6.9159
-6.93617
-6.95969
-6.97716
-6.99231
-7.00335
-7.01032
-7.00954
-7.00702
-7.00075
-6.99266
-6.98277
-6.96841
-6.95774
-6.94729
-6.93672
-6.93313
-6.93132
-6.93898
-6.95088
-6.96665
-6.98859
-7.01269
-7.02964
-7.04174
-7.04336
-7.03587
-7.02255
-7.00205
-6.97423
-6.94516
-6.9165
-6.88461
-6.86435
-6.8505
-6.84446
-6.84534
-6.85186
-6.8607
-6.87154
-6.88091
-6.89258
-6.90127
-6.91192
-6.92068
-6.92839
-6.93626
-6.94039
-6.94486
-6.94241
-6.93704
-6.93152
-6.92305
-6.91604
-6.91239
-6.91499
-6.91571
-6.91792
-6.92247
-6.92667
-6.93169
-6.93592
-6.94013
-6.94498
-6.94822
-6.95148
-6.95344
-6.95023
-6.9432
-6.93637
-6.92931
-6.92365
-6.91675
-6.91235
-6.90723
-6.90277
-6.89748
-6.89449
-6.8927
-6.89378
-6.89819
-6.90589
-6.91781
-6.93014
-6.94282
-6.95775
-6.97009
-6.98251
-6.98626
-6.98506
-6.9759
-6.96433
-6.94702
-6.93069
-6.91321
-6.89603
-6.88342
-6.87852
-6.87898
-6.88678
-6.89811
-6.90851
-6.91594
-6.92139
-6.9213
-6.92114
-6.91718
-6.91085
-6.90929
-6.912
-6.91734
-6.92476
-6.93298
-6.94375
-6.9561
-6.96918
-6.97875
-6.98609
-6.98859
-6.98389
-6.97508
-6.96096
-6.94148
-6.92137
-6.90265
-6.88546
-6.87506
-6.87021
-6.86876
-6.87573
-6.88779
-6.90293
-6.92097
-6.94159
-6.96172
-6.98276
-6.99808
-7.00578
-7.0031
-6.99521
-6.97975
-6.96384
-6.94865
-6.94209
-6.93882
-6.93833
-6.94287
-6.94655
-6.95075
-6.9544
-6.95262
-6.94731
-6.93734
-6.92361
-6.90864
-6.89115
-6.87429
-6.85768
-6.84493
-6.83722
-6.83355
-6.83211
-6.83838
-6.84692
-6.8573
-6.87157
-6.89094
-6.91251
-6.93587
-6.96133
-6.98235
-6.99921
-7.01095
-7.01584
-7.01708
-7.01529
-7.00828
-7.00232
-6.99338
-6.98255
-6.97017
-6.95957
-6.94311
-6.92104
-6.89848
-6.87741
-6.85564
-6.83921
-6.82685
-6.82314
-6.82444
-6.83612
-6.85405
-6.87482
-6.89783
-6.92116
-6.94381
-6.96412
-6.97651
-6.98353
-6.98731
-6.98232
-6.97483
-6.96212
-6.94492
-6.92315
-6.90346
-6.88658
-6.87616
-6.87287
-6.87931
-6.89144
-6.91325
-6.93909
-6.96209
-6.98498
-7.00068
-7.00846
-7.01063
-7.00346
-6.98709
-6.96467
-6.93881
-6.90769
-6.88709
-6.86702
-6.85824
-6.85866
-6.87099
-6.88866
-6.91318
-6.94264
-6.97174
-7.00027
-7.02359
-7.04168
-7.05292
-7.05282
-7.04326
-7.02647
-7.00364
-6.97408
-6.94404
-6.91099
-6.88089
-6.85721
-6.838
-6.82626
-6.81956
-6.81828
-6.82568
-6.83756
-6.85206
-6.86775
-6.88242
-6.89753
-6.90891
-6.91769
-6.92442
-6.9269
-6.93161
-6.93444
-6.93364
-6.93509
-6.93091
-6.92774
-6.92137
-6.91728
-6.91333
-6.91117
-6.91258
-6.91711
-6.92482
-6.93522
-6.94643
-6.95719
-6.96801
-6.97216
-6.97443
-6.97804
-6.98053
-6.97847
-6.97609
-6.96866
-6.95458
-6.94121
-6.92793
-6.91477
-6.90553
-6.90055
-6.89978
-6.90316
-6.90455
-6.90531
-6.90639
-6.90731
-6.90684
-6.90843
-6.90765
-6.90907
-6.91007
-6.90798
-6.9054
-6.90097
-6.89478
-6.89306
-6.89425
-6.90006
-6.9087
-6.91998
-6.9394
-6.95799
-6.9763
-6.9939
-7.00828
-7.01843
-7.02146
-7.01988
-7.01219
-6.99918
-6.98401
-6.96847
-6.95646
-6.94297
-6.93552
-6.93293
-6.93293
-6.9344
-6.93491
-6.93317
-6.9298
-6.92659
-6.92074
-6.91527
-6.90748
-6.90171
-6.89481
-6.89002
-6.88738
-6.88465
-6.8862
-6.89064
-6.89888
-6.90832
-6.92302
-6.9388
-6.95626
-6.97345
-6.9916
-7.0062
-7.01552
-7.02044
-7.01814
-7.01244
-6.99904
-6.97957
-6.95311
-6.92347
-6.89131
-6.85955
-6.8327
-6.81287
-6.79808
-6.7886
-6.786
-6.79123
-6.80166
-6.82024
-6.83692
-6.85623
-6.87541
-6.89614
-6.91551
-6.93041
-6.94379
-6.95498
-6.96362
-6.97177
-6.97842
-6.98065
-6.98531
-6.99081
-6.99407
-6.99969
-7.00466
-7.00939
-7.01265
-7.0118
-7.00583
-6.99471
-6.98124
-6.96338
-6.95079
-6.93572
-6.92606
-6.92211
-6.92128
-6.92092
-6.92164
-6.92005
-6.91505
-6.90781
-6.89793
-6.89078
-6.8837
-6.87724
-6.87281
-6.87018
-6.86941
-6.86874
-6.86748
-6.86684
-6.87172
-6.87719
-6.88543
-6.89984
-6.91705
-6.93655
-6.95525
-6.97403
-6.99188
-7.0017
-7.00411
-6.99815
-6.98527
-6.96722
-6.94769
-6.92733
-6.90905
-6.89729
-6.89451
-6.89719
-6.90749
-6.92228
-6.93798
-6.95118
-6.96385
-6.97066
-6.97138
-6.96765
-6.95785
-6.94288
-6.92363
-6.90767
-6.89197
-6.88225
-6.87591
-6.87578
-6.87938
-6.88343
-6.88523
-6.88481
-6.88335
-6.88471
-6.88647
-6.89214
-6.90465
-6.92178
-6.94123
-6.95998
-6.97588
-6.98918
-6.99679
-6.99801
-6.99579
-6.98884
-6.97928
-6.97357
-6.9687
-6.96657
-6.96279
-6.95802
-6.95299
-6.94555
-6.9394
-6.9307
-6.92463
-6.91767
-6.91229
-6.90585
-6.9027
-6.90083
-6.89751
-6.88921
-6.88018
-6.87108
-6.86188
-6.8572
-6.85816
-6.85938
-6.86486
-6.87295
-6.88216
-6.88851
-6.89366
-6.89534
-6.89698
-6.90219
-6.91092
-6.92233
-6.93905
-6.95798
-6.97624
-6.987
-6.99417
-6.9939
-6.9836
-6.96598
-6.94399
-6.92036
-6.90163
-6.88607
-6.88029
-6.88389
-6.92549
-6.97496
-7.02069
-7.06006
-7.08369
-7.08378
-7.06608
-7.02566
-6.96959
-6.90109
-6.82658
-6.76211
-6.71366
-6.68311
-6.67005
-6.67143
-6.68314
-6.69886
-6.7129
-6.72715
-6.73393
-6.73448
-6.72973
-6.72007
-6.70548
-6.69272
-6.67866
-6.66749
-6.6627
-6.66549
-6.67908
-6.70023
-6.72859
-6.76358
-6.79859
-6.83529
-6.86932
-6.89893
-6.92353
-6.94178
-6.95348
-6.95611
-6.95113
-6.93882
-6.91991
-6.89629
-6.87335
-6.85229
-6.83132
-6.81051
-6.78845
-6.76166
-6.72858
-6.68781
-6.64335
-6.60414
-6.57962
-6.57654
-6.59518
-6.62632
-6.66573
-6.70278
-6.73346
-6.75757
-6.77287
-6.7775
-6.77955
-6.77427
-6.76346
-6.75084
-6.73891
-6.73327
-6.7371
-6.75025
-6.77608
-6.81011
-6.8446
-6.87658
-6.90601
-6.92585
-6.93747
-6.94559
-6.94262
-6.93461
-6.91953
-6.90061
-6.88104
-6.86176
-6.84459
-6.82936
-6.8131
-6.7921
-6.76813
-6.73364
-6.69526
-6.65742
-6.6231
-6.60343
-6.59502
-6.60045
-6.61632
-6.63896
-6.66301
-6.68827
-6.71081
-6.73316
-6.75657
-6.77742
-6.79377
-6.80849
-6.819
-6.82486
-6.82463
-6.82072
-6.81081
-6.79792
-6.78241
-6.76477
-6.7486
-6.73852
-6.7301
-6.72331
-6.72175
-6.72405
-6.7306
-6.74084
-6.75585
-6.76925
-6.78539
-6.79918
-6.80704
-6.81125
-6.80623
-6.79728
-6.78112
-6.75972
-6.73525
-6.70669
-6.67313
-6.6416
-6.6139
-6.59428
-6.5882
-6.59098
-6.60337
-6.62539
-6.64571
-6.67102
-6.69282
-6.70379
-6.71267
-6.71548
-6.71544
-6.71362
-6.71483
-6.71898
-6.72878
-6.74703
-6.77092
-6.79501
-6.82164
-6.8458
-6.8683
-6.88994
-6.9101
-6.93174
-6.95049
-6.96114
-6.95961
-6.94317
-6.91368
-6.87678
-6.83087
-6.78481
-6.74486
-6.71694
-6.70349
-6.70109
-6.70282
-6.70669
-6.70966
-6.71452
-6.72043
-6.72932
-6.73637
-6.74251
-6.74302
-6.73928
-6.73559
-6.72798
-6.72006
-6.71363
-6.70937
-6.71105
-6.71884
-6.7293
-6.74469
-6.76096
-6.77905
-6.79517
-6.81088
-6.82308
-6.82957
-6.83202
-6.82558
-6.81712
-6.80285
-6.78193
-6.76078
-6.73558
-6.71072
-6.68806
-6.66623
-6.64794
-6.63722
-6.63354
-6.63726
-6.64759
-6.66337
-6.68187
-6.7022
-6.71947
-6.73137
-6.73942
-6.74145
-6.73776
-6.72989
-6.72258
-6.71599
-6.71095
-6.70943
-6.71725
-6.73065
-6.74849
-6.77059
-6.79569
-6.81908
-6.84112
-6.86125
-6.87992
-6.89495
-6.90823
-6.91295
-6.91637
-6.91818
-6.91865
-6.92157
-6.92326
-6.92203
-6.91435
-6.8993
-6.87373
-6.84521
-6.8093
-6.77143
-6.73303
-6.69523
-6.66338
-6.63653
-6.61232
-6.59751
-6.59064
-6.5903
-6.59448
-6.60432
-6.61729
-6.63079
-6.64573
-6.65845
-6.66828
-6.67642
-6.68792
-6.70522
-6.72415
-6.7431
-6.76639
-6.78524
-6.80143
-6.81215
-6.82061
-6.82452
-6.8274
-6.82704
-6.82521
-6.82346
-6.81959
-6.81666
-6.8197
-6.82726
-6.84013
-6.85792
-6.87981
-6.89641
-6.90515
-6.90493
-6.89215
-6.8656
-6.82693
-6.77691
-6.71972
-6.66276
-6.61545
-6.58044
-6.5652
-6.56721
-6.59021
-6.62359
-6.66113
-6.70046
-6.73623
-6.76426
-6.78658
-6.80417
-6.81846
-6.82892
-6.83321
-6.83408
-6.83386
-6.8353
-6.83481
-6.83357
-6.83284
-6.83489
-6.83936
-6.8447
-6.84351
-6.84306
-6.84464
-6.84454
-6.84274
-6.8455
-6.8489
-6.85101
-6.84964
-6.84722
-6.84109
-6.82936
-6.81091
-6.79001
-6.76762
-6.74269
-6.71501
-6.68626
-6.66296
-6.64496
-6.63261
-6.62561
-6.6268
-6.6328
-6.64443
-6.65844
-6.67076
-6.68375
-6.69356
-6.70226
-6.7071
-6.70898
-6.71383
-6.72206
-6.73284
-6.74529
-6.76021
-6.77409
-6.7858
-6.7953
-6.804
-6.81268
-6.81624
-6.81894
-6.81763
-6.81069
-6.80127
-6.79337
-6.7892
-6.78837
-6.79151
-6.79271
-6.79422
-6.79424
-6.78522
-6.77853
-6.76905
-6.75456
-6.74097
-6.72942
-6.72059
-6.71837
-6.72689
-6.73669
-6.74699
-6.76122
-6.77465
-6.78776
-6.8053
-6.82204
-6.83938
-6.8579
-6.8732
-6.8827
-6.88731
-6.88759
-6.88208
-6.8749
-6.86736
-6.85969
-6.85756
-6.85731
-6.85887
-6.85675
-6.85091
-6.84021
-6.82493
-6.8032
-6.78078
-6.75948
-6.7458
-6.73707
-6.73416
-6.73734
-6.74059
-6.74732
-6.75077
-6.75233
-6.75095
-6.74662
-6.73521
-6.71703
-6.69453
-6.6655
-6.63857
-6.61545
-6.59757
-6.59128
-6.58987
-6.60124
-6.61879
-6.63896
-6.66084
-6.68422
-6.70902
-6.72939
-6.74755
-6.76072
-6.77231
-6.77987
-6.78396
-6.78829
-6.7908
-6.79537
-6.80016
-6.8045
-6.80754
-6.81433
-6.81927
-6.82319
-6.82278
-6.81952
-6.81615
-6.80955
-6.7999
-6.79267
-6.78718
-6.78299
-6.78084
-6.78173
-6.78306
-6.78379
-6.78299
-6.78472
-6.77786
-6.77078
-6.75816
-6.73937
-6.7166
-6.69382
-6.67155
-6.6562
-6.64588
-6.64721
-6.65643
-6.67977
-6.71179
-6.74698
-6.78555
-6.81804
-6.84504
-6.86244
-6.87214
-6.86982
-6.86215
-6.85263
-6.83744
-6.8231
-6.80555
-6.78704
-6.76735
-6.75289
-6.7405
-6.73308
-6.73113
-6.73197
-6.73475
-6.73692
-6.73807
-6.73506
-6.73081
-6.72946
-6.73022
-6.73304
-6.73905
-6.74769
-6.7555
-6.76215
-6.76816
-6.77418
-6.78048
-6.78567
-6.79272
-6.80019
-6.80649
-6.80966
-6.80761
-6.8015
-6.79064
-6.77257
-6.75243
-6.73548
-6.71559
-6.70286
-6.69541
-6.69574
-6.70501
-6.72118
-6.74631
-6.77204
-6.80023
-6.82583
-6.84571
-6.85589
-6.86001
-6.85062
-6.83221
-6.80865
-6.78062
-6.75586
-6.73536
-6.72192
-6.71882
-6.72345
-6.73417
-6.74791
-6.76099
-6.77441
-6.78732
-6.79446
-6.79892
-6.79735
-6.79076
-6.77736
-6.75808
-6.73399
-6.70825
-6.68292
-6.66267
-6.64966
-6.64624
-6.64977
-6.65956
-6.67656
-6.69492
-6.716
-6.74235
-6.77154
-6.79823
-6.82124
-6.84316
-6.86277
-6.87394
-6.87932
-6.87708
-6.87282
-6.863
-6.84828
-6.83076
-6.80353
-6.77557
-6.74612
-6.71562
-6.69077
-6.67399
-6.66736
-6.6734
-6.68579
-6.70664
-6.72959
-6.75328
-6.77726
-6.79803
-6.81233
-6.82145
-6.82295
-6.81668
-6.80337
-6.78735
-6.76612
-6.74095
-6.71929
-6.70192
-6.69239
-6.68639
-6.68835
-6.69288
-6.70097
-6.70635
-6.7091
-6.71255
-6.7174
-6.723
-6.7335
-6.74708
-6.75997
-6.77624
-6.7877
-6.79524
-6.80131
-6.80357
-6.80522
-6.80182
-6.79555
-6.79211
-6.7887
-6.78571
-6.78725
-6.78796
-6.78951
-6.79463
-6.79895
-6.80026
-6.79725
-6.79518
-6.79158
-6.78812
-6.78536
-6.77859
-6.76718
-6.75563
-6.73924
-6.71861
-6.6988
-6.67917
-6.66031
-6.65097
-6.64927
-6.66141
-6.683
-6.7126
-6.74988
-6.79098
-6.83161
-6.86592
-6.89365
-6.91257
-6.91771
-6.9104
-6.89387
-6.87074
-6.84096
-6.8068
-6.77387
-6.73996
-6.71105
-6.68582
-6.66326
-6.64479
-6.63055
-6.61886
-6.60967
-6.60431
-6.60404
-6.60767
-6.61763
-6.6326
-6.65101
-6.67374
-6.69821
-6.72181
-6.7493
-6.77511
-6.7969
-6.81514
-6.83126
-6.84083
-6.84444
-6.84042
-6.83595
-6.82609
-6.81502
-6.80382
-6.79081
-6.78064
-6.77246
-6.77026
-6.76859
-6.77164
-6.77125
-6.76895
-6.76314
-6.752
-6.73843
-6.72175
-6.70416
-6.68908
-6.67823
-6.67314
-6.67499
-6.68121
-6.69136
-6.70013
-6.70975
-6.72003
-6.73144
-6.74596
-6.76503
-6.78474
-6.80686
-6.83024
-6.85276
-6.87569
-6.88953
-6.89518
-6.89163
-6.8777
-6.85849
-6.8318
-6.80219
-6.77395
-6.74945
-6.73066
-6.71913
-6.71515
-6.72265
-6.73681
-6.75627
-6.77748
-6.79576
-6.80879
-6.81484
-6.81359
-6.80326
-6.78233
-6.75471
-6.72371
-6.69114
-6.66361
-6.64214
-6.6276
-6.63267
-6.65158
-6.6832
-6.72591
-6.76901
-6.80889
-6.8424
-6.86549
-6.87679
-6.87479
-6.85701
-6.82797
-6.79025
-6.74456
-6.70108
-6.66608
-6.64154
-6.62954
-6.63065
-6.6442
-6.66488
-6.69117
-6.7238
-6.75444
-6.78803
-6.82027
-6.84962
-6.87509
-6.89833
-6.91171
-6.91863
-6.91521
-6.90598
-6.88539
-6.85909
-6.82858
-6.7949
-6.76132
-6.72939
-6.70155
-6.68194
-6.6661
-6.65409
-6.64904
-6.6499
-6.65266
-6.66191
-6.67588
-6.69611
-6.7188
-6.74406
-6.76797
-6.79012
-6.80665
-6.81623
-6.82116
-6.81492
-6.80801
-6.79634
-6.78369
-6.76837
-6.75293
-6.74156
-6.7271
-6.71512
-6.70526
-6.69558
-6.69092
-6.69082
-6.69575
-6.70418
-6.7174
-6.7347
-6.75568
-6.77466
-6.79196
-6.80755
-6.82113
-6.83406
-6.838
-6.83912
-6.83413
-6.82576
-6.80939
-6.78673
-6.76349
-6.74116
-6.7226
-6.71036
-6.70441
-6.7009
-6.70111
-6.70418
-6.70864
-6.71776
-6.7279
-6.73853
-6.74843
-6.75637
-6.75868
-6.75539
-6.74921
-6.74034
-6.73156
-6.72713
-6.72374
-6.72623
-6.73458
-6.74935
-6.76652
-6.7899
-6.81666
-6.84524
-6.87203
-6.89767
-6.92111
-6.93761
-6.94393
-6.9415
-6.92957
-6.90644
-6.8783
-6.8436
-6.80621
-6.76975
-6.73391
-6.69927
-6.6708
-6.64759
-6.62789
-6.61444
-6.60702
-6.60804
-6.61587
-6.62982
-6.64612
-6.66736
-6.68788
-6.70576
-6.72095
-6.72952
-6.7342
-6.7368
-6.73904
-6.74285
-6.74768
-6.75331
-6.75852
-6.76196
-6.76697
-6.77306
-6.78121
-6.79088
-6.80036
-6.81084
-6.82002
-6.82696
-6.82605
-6.82434
-6.81696
-6.80554
-6.79359
-6.78219
-6.77391
-6.76855
-6.77296
-6.78077
-6.79871
-6.82002
-6.84117
-6.85824
-6.87017
-6.87565
-6.8734
-6.86422
-6.8469
-6.82249
-6.80058
-6.77742
-6.75056
-6.72552
-6.70131
-6.67842
-6.66316
-6.65093
-6.64499
-6.64783
-6.65985
-6.67655
-6.69468
-6.71362
-6.73104
-6.74728
-6.75633
-6.75616
-6.75178
-6.74065
-6.72825
-6.71741
-6.70741
-6.70139
-6.70518
-6.71872
-6.7403
-6.76544
-6.79094
-6.81499
-6.8305
-6.83449
-6.82749
-6.81224
-6.79309
-6.77476
-6.76192
-6.75409
-6.75191
-6.75662
-6.76217
-6.77307
-6.78291
-6.79308
-6.80326
-6.81436
-6.81918
-6.82515
-6.82848
-6.83307
-6.83576
-6.83727
-6.83585
-6.82981
-6.82305
-6.81128
-6.79623
-6.78057
-6.76261
-6.74304
-6.72641
-6.70823
-6.69724
-6.68938
-6.68653
-6.68968
-6.69851
-6.73334
-6.77321
-6.81316
-6.84108
-6.85414
-6.84591
-6.82494
-6.79055
-6.75183
-6.71406
-6.68318
-6.66415
-6.6596
-6.66295
-6.6716
-6.67937
-6.6759
-6.66823
-6.65067
-6.62571
-6.60088
-6.57884
-6.56642
-6.56393
-6.57812
-6.6054
-6.64681
-6.69571
-6.74833
-6.80031
-6.84591
-6.88244
-6.9027
-6.91159
-6.90868
-6.89232
-6.86944
-6.83914
-6.81088
-6.78296
-6.76027
-6.74564
-6.73788
-6.73684
-6.73621
-6.73275
-6.72206
-6.70318
-6.67633
-6.6362
-6.5872
-6.53482
-6.49029
-6.46113
-6.44759
-6.45049
-6.46719
-6.49023
-6.51756
-6.54556
-6.57214
-6.60085
-6.63143
-6.66308
-6.69546
-6.72537
-6.75068
-6.76968
-6.7805
-6.78729
-6.79309
-6.79683
-6.8004
-6.80158
-6.80066
-6.79996
-6.79997
-6.80316
-6.80679
-6.81267
-6.81399
-6.81077
-6.80783
-6.80563
-6.79762
-6.78649
-6.77302
-6.75869
-6.74059
-6.71701
-6.69123
-6.66271
-6.63125
-6.60125
-6.57141
-6.54665
-6.52586
-6.51211
-6.50757
-6.50815
-6.51475
-6.53138
-6.55123
-6.57398
-6.59627
-6.62065
-6.63817
-6.65247
-6.66303
-6.66909
-6.68082
-6.69372
-6.71353
-6.73719
-6.76559
-6.791
-6.81582
-6.83577
-6.84648
-6.84952
-6.83945
-6.82059
-6.79631
-6.76881
-6.74111
-6.71457
-6.69014
-6.67098
-6.65747
-6.64944
-6.64341
-6.63692
-6.63243
-6.62676
-6.61595
-6.59841
-6.57909
-6.55899
-6.54377
-6.53355
-6.53148
-6.53751
-6.54715
-6.56073
-6.57652
-6.59187
-6.6061
-6.6177
-6.62791
-6.64126
-6.65586
-6.6747
-6.69859
-6.72309
-6.74663
-6.76959
-6.78626
-6.80366
-6.81835
-6.8302
-6.8398
-6.85003
-6.85616
-6.8575
-6.84956
-6.83647
-6.81312
-6.78544
-6.74954
-6.71005
-6.67191
-6.63354
-6.60135
-6.57695
-6.5637
-6.56854
-6.58013
-6.60291
-6.62626
-6.64743
-6.66319
-6.67201
-6.67327
-6.67164
-6.66488
-6.65724
-6.65023
-6.64616
-6.64001
-6.63492
-6.63638
-6.63781
-6.64154
-6.64777
-6.65696
-6.66845
-6.69025
-6.7191
-6.75195
-6.78906
-6.822
-6.84774
-6.86179
-6.8643
-6.85614
-6.83896
-6.81489
-6.78928
-6.75736
-6.72244
-6.68767
-6.65223
-6.61747
-6.5861
-6.55909
-6.53622
-6.52019
-6.51276
-6.51078
-6.5159
-6.52567
-6.54575
-6.56541
-6.58457
-6.59932
-6.60551
-6.60513
-6.59909
-6.58712
-6.57815
-6.57544
-6.58022
-6.59978
-6.62873
-6.66836
-6.71273
-6.75995
-6.80652
-6.84945
-6.88431
-6.91454
-6.92653
-6.93095
-6.92424
-6.9123
-6.89344
-6.87071
-6.84658
-6.81937
-6.79177
-6.76107
-6.72995
-6.69352
-6.65721
-6.62107
-6.588
-6.56042
-6.54554
-6.54236
-6.54847
-6.55902
-6.56727
-6.57489
-6.58015
-6.57539
-6.56714
-6.55358
-6.54182
-6.53031
-6.52325
-6.52462
-6.53209
-6.54647
-6.56607
-6.5939
-6.62566
-6.66169
-6.69712
-6.73252
-6.75881
-6.77843
-6.79558
-6.80603
-6.81726
-6.82626
-6.83652
-6.84276
-6.84254
-6.83388
-6.81874
-6.79353
-6.76162
-6.72787
-6.68839
-6.64996
-6.61827
-6.5984
-6.58937
-6.59312
-6.61087
-6.63533
-6.66422
-6.69302
-6.7171
-6.73542
-6.74707
-6.74905
-6.74482
-6.73501
-6.71852
-6.69996
-6.68125
-6.66584
-6.65321
-6.64703
-6.64564
-6.64971
-6.65768
-6.66755
-6.67679
-6.68312
-6.68843
-6.6918
-6.69955
-6.70536
-6.71322
-6.7224
-6.73376
-6.74506
-6.75876
-6.76779
-6.77493
-6.774
-6.76568
-6.74957
-6.72552
-6.69489
-6.65807
-6.62178
-6.58753
-6.55504
-6.52819
-6.50881
-6.49618
-6.49005
-6.48935
-6.4915
-6.49772
-6.50896
-6.52202
-6.53691
-6.55476
-6.57752
-6.60293
-6.63243
-6.66282
-6.69213
-6.72197
-6.74413
-6.76418
-6.77793
-6.79248
-6.80741
-6.82305
-6.84501
-6.87323
-6.89899
-6.92056
-6.93886
-6.9427
-6.93657
-6.91466
-6.88107
-6.83826
-6.79215
-6.74971
-6.71149
-6.67754
-6.65178
-6.63016
-6.61305
-6.59717
-6.58404
-6.57718
-6.57235
-6.57351
-6.57902
-6.58727
-6.59977
-6.61228
-6.62065
-6.62447
-6.62211
-6.61281
-6.59755
-6.58118
-6.56479
-6.55932
-6.56201
-6.57283
-6.59349
-6.61964
-6.64836
-6.67586
-6.70002
-6.71901
-6.73213
-6.74087
-6.74315
-6.73714
-6.72818
-6.71221
-6.69059
-6.67077
-6.6526
-6.64076
-6.6332
-6.63132
-6.62977
-6.63195
-6.63233
-6.63595
-6.64119
-6.65024
-6.65865
-6.66374
-6.66951
-6.67108
-6.672
-6.67385
-6.67336
-6.67526
-6.67677
-6.67581
-6.67724
-6.68055
-6.68712
-6.69878
-6.71564
-6.73618
-6.759
-6.77883
-6.79394
-6.80573
-6.80964
-6.80603
-6.79519
-6.77659
-6.75657
-6.73401
-6.7124
-6.69503
-6.68353
-6.67542
-6.67163
-6.66964
-6.67172
-6.67599
-6.68074
-6.68394
-6.68487
-6.68317
-6.67699
-6.67045
-6.65965
-6.64925
-6.63615
-6.62607
-6.61632
-6.60567
-6.59685
-6.5895
-6.58869
-6.58568
-6.58391
-6.58085
-6.58109
-6.58389
-6.59459
-6.60992
-6.6315
-6.65568
-6.68061
-6.70103
-6.7163
-6.72338
-6.7222
-6.71505
-6.70767
-6.69815
-6.68933
-6.68501
-6.68634
-6.69432
-6.70725
-6.72297
-6.74084
-6.75742
-6.76828
-6.77909
-6.78229
-6.78161
-6.77793
-6.76605
-6.74972
-6.72876
-6.70726
-6.68714
-6.6704
-6.65692
-6.64507
-6.63958
-6.63999
-6.64615
-6.65412
-6.66246
-6.66957
-6.67258
-6.67008
-6.66235
-6.65465
-6.64645
-6.64273
-6.64062
-6.64308
-6.64716
-6.65652
-6.66955
-6.68207
-6.68962
-6.6922
-6.69389
-6.68966
-6.68157
-6.67199
-6.66014
-6.64686
-6.6311
-6.62041
-6.60956
-6.59876
-6.59501
-6.59712
-6.60543
-6.6208
-6.64454
-6.66711
-6.68763
-6.70476
-6.71616
-6.72132
-6.7223
-6.71812
-6.71183
-6.70764
-6.70537
-6.70296
-6.70322
-6.7019
-6.69649
-6.69199
-6.68594
-6.6792
-6.67393
-6.67184
-6.67478
-6.68054
-6.68749
-6.69764
-6.70458
-6.71207
-6.71715
-6.72173
-6.72321
-6.72382
-6.71797
-6.71147
-6.70323
-6.69441
-6.68511
-6.67766
-6.67236
-6.67417
-6.67852
-6.68792
-6.70162
-6.7135
-6.72368
-6.72914
-6.73043
-6.72287
-6.70554
-6.6781
-6.64177
-6.60537
-6.57083
-6.54707
-6.53803
-6.54317
-6.56284
-6.58734
-6.61276
-6.6362
-6.65618
-6.67211
-6.68544
-6.69581
-6.70546
-6.71226
-6.71721
-6.71389
-6.70331
-6.69079
-6.67315
-6.65843
-6.64734
-6.63821
-6.63644
-6.6386
-6.64243
-6.65176
-6.66362
-6.67772
-6.69075
-6.70186
-6.71061
-6.71632
-6.72089
-6.7244
-6.72667
-6.73251
-6.74006
-6.74928
-6.75697
-6.76371
-6.764
-6.76342
-6.75986
-6.75202
-6.7422
-6.72932
-6.70994
-6.68814
-6.66479
-6.64274
-6.62521
-6.61827
-6.61948
-6.63038
-6.64754
-6.66721
-6.68642
-6.70152
-6.71007
-6.71797
-6.71819
-6.71461
-6.7084
-6.6993
-6.68975
-6.68228
-6.67617
-6.67442
-6.67629
-6.67593
-6.67498
-6.66827
-6.65848
-6.6449
-6.63343
-6.62578
-6.62428
-6.62844
-6.64209
-6.65912
-6.67622
-6.69009
-6.6952
-6.68949
-6.67274
-6.6459
-6.6164
-6.58736
-6.56441
-6.54674
-6.54221
-6.54335
-6.54957
-6.56164
-6.5797
-6.60091
-6.62738
-6.65197
-6.67281
-6.68839
-6.69533
-6.69308
-6.68512
-6.67104
-6.64673
-6.62295
-6.60331
-6.58876
-6.58589
-6.5941
-6.61295
-6.64183
-6.67858
-6.71225
-6.73997
-6.7605
-6.7759
-6.78043
-6.77901
-6.77373
-6.76569
-6.7568
-6.74536
-6.73216
-6.71597
-6.70439
-6.69305
-6.68767
-6.68532
-6.68612
-6.68686
-6.68514
-6.68238
-6.67939
-6.67987
-6.68224
-6.68807
-6.69292
-6.69353
-6.69152
-6.68526
-6.67819
-6.66847
-6.66185
-6.66126
-6.66634
-6.67804
-6.69163
-6.7088
-6.72637
-6.73599
-6.74383
-6.74133
-6.73236
-6.71384
-6.68499
-6.6519
-6.61702
-6.58042
-6.54932
-6.52493
-6.50785
-6.50194
-6.50723
-6.52275
-6.54816
-6.57805
-6.6089
-6.64034
-6.66972
-6.69045
-6.71089
-6.7258
-6.73419
-6.73808
-6.73889
-6.73769
-6.73416
-6.73008
-6.72905
-6.73063
-6.72948
-6.73085
-6.72568
-6.71843
-6.70993
-6.70013
-6.69224
-6.68452
-6.67951
-6.67559
-6.67132
-6.66623
-6.66078
-6.65569
-6.65267
-6.65261
-6.65178
-6.65045
-6.6471
-6.64424
-6.64173
-6.6385
-6.63924
-6.64041
-6.64357
-6.64797
-6.6551
-6.66436
-6.67727
-6.69265
-6.71211
-6.73122
-6.74692
-6.75564
-6.76459
-6.77032
-6.7727
-6.77384
-6.77609
-6.77148
-6.76365
-6.75149
-6.73137
-6.70821
-6.68323
-6.65547
-6.63263
-6.61208
-6.6048
-6.61045
-6.62823
-6.65506
-6.68744
-6.7162
-6.73639
-6.74799
-6.75276
-6.7512
-6.74555
-6.73457
-6.72531
-6.71453
-6.70196
-6.68822
-6.67163
-6.65388
-6.6344
-6.61808
-6.60603
-6.59672
-6.59429
-6.59316
-6.59351
-6.59425
-6.59501
-6.59842
-6.60492
-6.62063
-6.6395
-6.66082
-6.68252
-6.7025
-6.71622
-6.72816
-6.74016
-6.7485
-6.75463
-6.75793
-6.75677
-6.74818
-6.73268
-6.71107
-6.68452
-6.65741
-6.63473
-6.62189
-6.61803
-6.62075
-6.63005
-6.64335
-6.65616
-6.66602
-6.6717
-6.67368
-6.67231
-6.66945
-6.66728
-6.67056
-6.67662
-6.68825
-6.69897
-6.7136
-6.72837
-6.74122
-6.74716
-6.74996
-6.74773
-6.73717
-6.72305
-6.70612
-6.68845
-6.67181
-6.66021
-6.65409
-6.65375
-6.65802
-6.66627
-6.67598
-6.68566
-6.69078
-6.69026
-6.68516
-6.67205
-6.6551
-6.63776
-6.61686
-6.60494
-6.59784
-6.59685
-6.60703
-6.61885
-6.63528
-6.64968
-6.66133
-6.66626
-6.66979
-6.67319
-6.67253
-6.67194
-6.66987
-6.66589
-6.66156
-6.65372
-6.64758
-6.64179
-6.63896
-6.63405
-6.63188
-6.62475
-6.62124
-6.61951
-6.62233
-6.63039
-6.64655
-6.66656
-6.6913
-6.71353
-6.73182
-6.74639
-6.75116
-6.74782
-6.73691
-6.72052
-6.70397
-6.68725
-6.67683
-6.67325
-6.67659
-6.6894
-6.70599
-6.72704
-6.7457
-6.75725
-6.76346
-6.7589
-6.74647
-6.72759
-6.70468
-6.68252
-6.6638
-6.65109
-6.64004
-6.63544
-6.64056
-6.65191
-6.66587
-6.68829
-6.7117
-6.73691
-6.76061
-6.77921
-6.78677
-6.78187
-6.76371
-6.73732
-6.69852
-6.65739
-6.61821
-6.58395
-6.55642
-6.53813
-6.52731
-6.52208
-6.52605
-6.53267
-6.54273
-6.55675
-6.58203
-6.61192
-6.64694
-6.68741
-6.73245
-6.77474
-6.81026
-6.82193
-6.83346
-6.84452
-6.84868
-6.84555
-6.83395
-6.81404
-6.78792
-6.75932
-6.72677
-6.69518
-6.66814
-6.6528
-6.65439
-6.67067
-6.69245
-6.71404
-6.72924
-6.73737
-6.73572
-6.72616
-6.71081
-6.69513
-6.68236
-6.67532
-6.6752
-6.68362
-6.69756
-6.71877
-6.74516
-6.77548
-6.81027
-6.84209
-6.86931
-6.89186
-6.90662
-6.91463
-6.9142
-6.90898
-6.90057
-6.88972
-6.87429
-6.85986
-6.84195
-6.81577
-6.78114
-6.7361
-6.68719
-6.63897
-6.60018
-6.57361
-6.56326
-6.57091
-6.5934
-6.62199
-6.65276
-6.6851
-6.71608
-6.74448
-6.76737
-6.783
-6.78858
-6.78727
-6.77721
-6.76535
-6.75145
-6.73786
-6.727
-6.72145
-6.72009
-6.72516
-6.73325
-6.74595
-6.75783
-6.77324
-6.79185
-6.80683
-6.81771
-6.82704
-6.837
-6.84425
-6.85055
-6.85396
-6.855
-6.85828
-6.8567
-6.85092
-6.83817
-6.81401
-6.77835
-6.7347
-6.6813
-6.62208
-6.56402
-6.51539
-6.47982
-6.46136
-6.46393
-6.48541
-6.52338
-6.5737
-6.6234
-6.67052
-6.71125
-6.73814
-6.75761
-6.76917
-6.77287
-6.77306
-6.77298
-6.77235
-6.77345
-6.78017
-6.79006
-6.80455
-6.82199
-6.84573
-6.87071
-6.89561
-6.91902
-6.93709
-6.94788
-6.95034
-6.94548
-6.93087
-6.90584
-6.87288
-6.83283
-6.78974
-6.74333
-6.69671
-6.65259
-6.61259
-6.57918
-6.55118
-6.53363
-6.52348
-6.52256
-6.52261
-6.5271
-6.53404
-6.54031
-6.54937
-6.55907
-6.56923
-6.58329
-6.60281
-6.62753
-6.65966
-6.69788
-6.73714
-6.77791
-6.81138
-6.8384
-6.85687
-6.87106
-6.87892
-6.88455
-6.88641
-6.88664
-6.88293
-6.87918
-6.86881
-6.85686
-6.83961
-6.81796
-6.79162
-6.76599
-6.73299
-6.70356
-6.6748
-6.64921
-6.62706
-6.61124
-6.60236
-6.60103
-6.60938
-6.62664
-6.64834
-6.67258
-6.69587
-6.71601
-6.7331
-6.73905
-6.7419
-6.74071
-6.72893
-6.71765
-6.70416
-6.69289
-6.68559
-6.68718
-6.69828
-6.72181
-6.75039
-6.78346
-6.81732
-6.85317
-6.88957
-6.91512
-6.93435
-6.94383
-6.93991
-6.92325
-6.89586
-6.85963
-6.8181
-6.77723
-6.73636
-6.69986
-6.66986
-6.64104
-6.61294
-6.58863
-6.56449
-6.54439
-6.53018
-6.52223
-6.52314
-6.53359
-6.55308
-6.58244
-6.6156
-6.64714
-6.67752
-6.70296
-6.72054
-6.73105
-6.73897
-6.74241
-6.74389
-6.74725
-6.75259
-6.76542
-6.781
-6.79947
-6.81931
-6.84119
-6.86173
-6.8749
-6.88172
-6.88077
-6.87705
-6.87019
-6.86285
-6.8548
-6.84836
-6.84044
-6.82764
-6.80891
-6.78742
-6.76345
-6.74078
-6.71843
-6.69794
-6.67929
-6.66193
-6.64175
-6.61862
-6.59745
-6.5798
-6.56775
-6.56478
-6.56662
-6.57705
-6.59746
-6.62479
-6.6522
-6.68104
-6.71144
-6.73682
-6.7519
-6.76093
-6.75977
-6.75473
-6.74738
-6.74365
-6.73835
-6.74004
-6.75023
-6.76234
-6.77915
-6.79636
-6.81236
-6.8238
-6.83271
-6.83904
-6.8419
-6.84066
-6.83979
-6.83386
-6.8239
-6.80806
-6.78509
-6.75804
-6.72827
-6.69694
-6.66561
-6.64043
-6.62207
-6.60964
-6.59873
-6.59455
-6.59845
-6.60629
-6.62149
-6.63936
-6.66234
-6.68811
-6.71548
-6.74183
-6.76433
-6.78221
-6.79337
-6.79855
-6.80023
-6.79956
-6.79592
-6.78992
-6.78388
-6.77778
-6.771
-6.76535
-6.76563
-6.77468
-6.78859
-6.8107
-6.8317
-6.84504
-6.85194
-6.8495
-6.83434
-6.81309
-6.78989
-6.76319
-6.74058
-6.72416
-6.71407
-6.70704
-6.69992
-6.68605
-6.669
-6.64802
-6.62588
-6.60753
-6.59475
-6.59255
-6.60541
-6.63136
-6.66765
-6.70564
-6.74122
-6.76796
-6.78442
-6.79368
-6.79335
-6.78484
-6.77295
-6.7648
-6.75975
-6.76317
-6.7738
-6.78602
-6.80669
-6.82997
-6.85324
-6.87619
-6.89297
-6.90014
-6.8983
-6.87933
-6.85089
-6.81117
-6.76548
-6.72464
-6.68679
-6.66019
-6.64259
-6.63334
-6.63115
-6.63173
-6.63523
-6.64092
-6.64496
-6.64368
-6.63701
-6.62517
-6.61392
-6.60443
-6.59965
-6.60328
-6.61639
-6.64032
-6.67004
-6.70168
-6.72976
-6.75341
-6.76917
-6.78355
-6.79228
-6.79878
-6.80388
-6.81254
-6.8262
-6.84235
-6.85676
-6.87463
-6.89025
-6.89973
-6.90047
-6.89458
-6.87976
-6.85449
-6.81916
-6.77856
-6.74072
-6.7062
-6.68208
-6.66859
-6.66663
-6.67661
-6.69148
-6.70943
-6.7246
-6.734
-6.74173
-6.73989
-6.73357
-6.72284
-6.70424
-6.68304
-6.6632
-6.64401
-6.63254
-6.62474
-6.62386
-6.63176
-6.64426
-6.66055
-6.68011
-6.70227
-6.72374
-6.74373
-6.76039
-6.77749
-6.79084
-6.80234
-6.8108
-6.81527
-6.81718
-6.81696
-6.813
-6.80668
-6.79388
-6.77896
-6.76506
-6.75119
-6.73732
-6.72769
-6.72095
-6.71809
-6.71526
-6.71228
-6.71104
-6.71084
-6.71626
-6.72508
-6.73202
-6.74084
-6.7496
-6.75925
-6.77322
-6.78853
-6.80809
-6.82601
-6.83889
-6.84555
-6.84089
-6.82505
-6.80098
-6.76989
-6.73964
-6.71087
-6.6843
-6.66306
-6.64881
-6.64129
-6.64169
-6.64324
-6.64933
-6.65766
-6.66083
-6.66419
-6.67112
-6.68036
-6.69436
-6.7126
-6.73582
-6.76153
-6.7869
-6.80894
-6.82474
-6.8374
-6.84089
-6.83672
-6.82458
-6.80577
-6.77947
-6.74693
-6.71942
-6.69531
-6.67764
-6.66879
-6.67092
-6.68267
-6.70429
-6.72736
-6.75104
-6.76961
-6.78168
-6.78252
-6.77586
-6.7664
-6.75369
-6.74143
-6.73249
-6.72816
-6.73024
-6.74041
-6.75057
-6.76153
-6.77108
-6.77644
-6.77764
-6.77813
-6.77692
-6.77478
-6.77466
-6.77876
-6.7884
-6.8026
-6.81657
-6.83029
-6.83983
-6.84436
-6.83511
-6.81598
-6.78575
-6.74933
-6.70677
-6.66359
-6.62536
-6.59491
-6.56976
-6.55345
-6.54922
-6.55414
-6.56666
-6.59187
-6.62565
-6.66607
-6.70852
-6.75187
-6.78752
-6.81609
-6.82961
-6.83161
-6.82624
-6.80703
-6.78643
-6.75805
-6.73042
-6.70301
-6.68068
-6.66613
-6.662
-6.66784
-6.68142
-6.70278
-6.72979
-6.75936
-6.78511
-6.80713
-6.82178
-6.82695
-6.82196
-6.80868
-6.78827
-6.76457
-6.73434
-6.7024
-6.67375
-6.64624
-6.62835
-6.61967
-6.62022
-6.62957
-6.64601
-6.66978
-6.69305
-6.7128
-6.72889
-6.73833
-6.73995
-6.73781
-6.73088
-6.71941
-6.7069
-6.69886
-6.68937
-6.68558
-6.69004
-6.69789
-6.71183
-6.72889
-6.74362
-6.76121
-6.77696
-6.78481
-6.78719
-6.78488
-6.77563
-6.76388
-6.75143
-6.73848
-6.73104
-6.72684
-6.73033
-6.73655
-6.74346
-6.7542
-6.76291
-6.76909
-6.774
-6.77609
-6.77568
-6.77143
-6.7639
-6.75451
-6.74511
-6.7369
-6.73093
-6.7291
-6.73292
-6.73803
-6.74606
-6.75356
-6.7584
-6.76053
-6.76653
-6.7711
-6.7748
-6.77996
-6.79058
-6.80166
-6.81277
-6.81836
-6.81879
-6.81072
-6.79874
-6.78078
-6.75691
-6.73419
-6.70741
-6.68377
-6.66438
-6.64955
-6.63897
-6.63119
-6.62809
-6.62826
-6.63053
-6.63531
-6.63697
-6.64035
-6.64458
-6.6507
-6.66249
-6.67363
-6.68871
-6.70463
-6.7228
-6.74252
-6.76352
-6.78025
-6.79379
-6.80208
-6.80313
-6.79715
-6.78476
-6.76816
-6.75164
-6.73682
-6.72357
-6.7204
-6.72111
-6.72256
-6.72475
-6.72447
-6.71832
-6.71244
-6.7042
-6.69884
-6.69537
-6.69733
-6.70757
-6.72498
-6.74553
-6.76894
-6.79164
-6.80884
-6.82143
-6.82673
-6.82523
-6.81862
-6.80517
-6.7908
-6.77975
-6.77079
-6.76119
-6.75374
-6.74734
-6.74452
-6.7459
-6.74942
-6.75661
-6.76328
-6.77036
-6.77183
-6.7736
-6.76984
-6.76114
-6.74723
-6.72972
-6.71425
-6.7023
-6.69565
-6.69869
-6.7061
-6.71406
-6.72317
-6.73231
-6.73706
-6.73701
-6.73038
-6.72631
-6.71978
-6.71146
-6.70108
-6.69071
-6.67829
-6.66297
-6.65165
-6.64014
-6.63624
-6.63905
-6.65051
-6.66939
-6.68856
-6.70902
-6.72516
-6.73698
-6.74536
-6.7487
-6.74399
-6.73426
-6.72264
-6.70697
-6.6966
-6.69342
-6.69936
-6.71351
-6.73159
-6.7542
-6.77464
-6.78836
-6.79617
-6.79599
-6.78859
-6.77658
-6.76305
-6.7488
-6.73729
-6.72828
-6.72221
-6.72012
-6.71792
-6.7139
-6.70674
-6.69781
-6.68888
-6.68102
-6.67464
-6.67159
-6.6724
-6.67678
-6.6841
-6.69166
-6.70348
-6.71715
-6.72796
-6.73968
-6.74962
-6.75966
-6.76773
-6.77732
-6.78437
-6.79046
-6.79493
-6.79861
-6.80268
-6.80013
-6.79929
-6.79212
-6.78185
-6.77206
-6.76215
-6.75289
-6.74737
-6.74855
-6.75189
-6.75506
-6.75689
-6.75407
-6.74748
-6.73703
-6.72227
-6.70579
-6.69067
-6.67974
-6.67078
-6.66499
-6.66283
-6.66514
-6.66772
-6.66951
-6.67065
-6.66997
-6.66571
-6.66095
-6.65936
-6.65998
-6.66643
-6.67783
-6.69348
-6.7114
-6.72833
-6.74244
-6.75041
-6.75173
-6.74582
-6.73642
-6.72868
-6.72096
-6.7207
-6.72616
-6.74195
-6.76338
-6.78735
-6.81066
-6.83101
-6.84703
-6.85344
-6.85018
-6.83846
-6.81436
-6.78353
-6.74932
-6.71323
-6.68257
-6.65716
-6.64051
-6.63379
-6.63433
-6.64337
-6.65783
-6.66979
-6.68206
-6.69178
-6.69788
-6.70415
-6.71057
-6.7186
-6.72915
-6.73858
-6.74623
-6.75281
-6.75659
-6.76198
-6.76808
-6.77581
-6.78411
-6.79361
-6.79934
-6.80009
-6.79162
-6.77515
-6.74708
-6.71357
-6.67711
-6.64152
-6.61359
-6.59465
-6.57975
-6.57601
-6.58072
-6.59118
-6.60706
-6.62224
-6.63729
-6.65027
-6.66394
-6.67593
-6.68823
-6.7028
-6.71871
-6.73472
-6.75015
-6.76752
-6.77862
-6.79147
-6.79796
-6.80801
-6.81544
-6.82439
-6.82821
-6.82504
-6.82327
-6.8139
-6.79737
-6.77858
-6.75843
-6.73668
-6.71717
-6.70297
-6.68967
-6.67645
-6.66647
-6.65697
-6.64801
-6.64378
-6.6375
-6.6355
-6.63597
-6.64001
-6.6514
-6.66608
-6.68189
-6.69969
-6.71277
-6.723
-6.72891
-6.73589
-6.74233
-6.7532
-6.76788
-6.78249
-6.79665
-6.80993
-6.81879
-6.82129
-6.81943
-6.80695
-6.79042
-6.77298
-6.75363
-6.7342
-6.7167
-6.70502
-6.69957
-6.69936
-6.7015
-6.70552
-6.70733
-6.70956
-6.7108
-6.70878
-6.7077
-6.70422
-6.70192
-6.69985
-6.69937
-6.70071
-6.70306
-6.70713
-6.70793
-6.7086
-6.708
-6.70459
-6.70241
-6.70264
-6.70486
-6.70983
-6.71414
-6.71872
-6.7232
-6.72615
-6.72651
-6.72385
-6.71844
-6.75467
-6.7972
-6.83539
-6.86426
-6.87445
-6.86978
-6.84848
-6.82042
-6.78613
-6.75336
-6.72574
-6.70847
-6.69864
-6.69647
-6.69978
-6.70493
-6.7109
-6.71578
-6.71652
-6.71465
-6.70594
-6.69143
-6.67295
-6.65508
-6.63681
-6.62488
-6.61894
-6.61846
-6.6259
-6.63907
-6.66361
-6.6941
-6.72995
-6.76679
-6.80336
-6.83311
-6.85773
-6.87453
-6.88377
-6.88908
-6.88694
-6.88041
-6.87145
-6.85794
-6.83872
-6.81167
-6.77375
-6.71983
-6.65656
-6.58013
-6.50702
-6.44399
-6.40222
-6.38958
-6.40685
-6.45028
-6.50616
-6.56798
-6.62697
-6.68151
-6.7268
-6.75881
-6.77402
-6.77535
-6.76588
-6.75137
-6.73957
-6.73157
-6.72609
-6.72692
-6.73238
-6.73897
-6.74718
-6.75296
-6.7561
-6.75258
-6.74362
-6.73234
-6.7192
-6.71133
-6.70765
-6.70626
-6.71125
-6.71715
-6.72208
-6.72601
-6.72238
-6.71063
-6.69112
-6.66492
-6.62818
-6.58833
-6.55168
-6.52387
-6.50795
-6.51117
-6.52806
-6.55573
-6.5877
-6.61776
-6.64562
-6.66844
-6.68411
-6.69566
-6.70553
-6.71726
-6.73396
-6.75377
-6.77418
-6.79311
-6.80394
-6.80568
-6.79681
-6.77829
-6.75585
-6.73304
-6.71557
-6.70599
-6.70641
-6.71457
-6.72949
-6.74345
-6.75379
-6.75488
-6.74782
-6.72984
-6.70237
-6.67123
-6.6374
-6.60771
-6.58376
-6.56791
-6.56699
-6.57903
-6.60246
-6.62854
-6.65289
-6.67163
-6.67926
-6.67286
-6.66133
-6.64439
-6.62797
-6.61423
-6.60232
-6.5952
-6.59575
-6.60514
-6.62329
-6.64892
-6.68011
-6.70796
-6.73727
-6.76144
-6.77996
-6.78719
-6.78566
-6.77828
-6.76337
-6.74123
-6.72359
-6.70941
-6.70313
-6.70587
-6.71704
-6.72957
-6.73918
-6.73967
-6.73287
-6.71804
-6.69347
-6.66458
-6.63625
-6.60977
-6.5883
-6.57572
-6.56878
-6.57134
-6.57724
-6.5906
-6.60477
-6.62227
-6.63635
-6.65187
-6.66429
-6.67236
-6.67948
-6.68631
-6.69483
-6.70655
-6.72145
-6.73462
-6.74762
-6.75757
-6.76319
-6.76564
-6.76341
-6.75817
-6.75043
-6.73865
-6.72612
-6.71539
-6.70851
-6.70899
-6.71203
-6.7172
-6.72201
-6.72644
-6.72744
-6.72369
-6.71692
-6.70848
-6.70142
-6.69261
-6.68813
-6.68342
-6.67586
-6.66319
-6.64637
-6.6309
-6.61852
-6.60847
-6.60355
-6.60536
-6.61022
-6.61677
-6.62551
-6.62907
-6.63523
-6.64477
-6.65452
-6.66486
-6.68054
-6.6996
-6.72272
-6.74454
-6.7651
-6.78371
-6.79888
-6.81105
-6.82046
-6.82739
-6.82603
-6.8175
-6.80492
-6.78758
-6.7617
-6.73127
-6.6971
-6.66356
-6.63462
-6.60957
-6.58627
-6.57469
-6.5748
-6.58316
-6.59741
-6.61459
-6.63498
-6.65474
-6.66983
-6.68276
-6.69123
-6.69519
-6.70183
-6.70298
-6.70156
-6.70045
-6.69754
-6.69432
-6.69369
-6.69219
-6.69111
-6.69101
-6.69222
-6.69057
-6.69037
-6.68992
-6.68828
-6.68576
-6.68793
-6.69343
-6.70521
-6.71926
-6.73355
-6.74842
-6.76147
-6.77075
-6.76787
-6.75755
-6.73918
-6.7149
-6.68655
-6.66227
-6.64747
-6.6367
-6.62743
-6.6185
-6.61047
-6.60332
-6.59875
-6.60059
-6.61219
-6.63111
-6.65014
-6.67558
-6.70183
-6.72819
-6.7531
-6.77722
-6.80442
-6.82856
-6.84647
-6.85867
-6.86423
-6.85733
-6.84303
-6.82009
-6.7907
-6.75187
-6.71607
-6.68274
-6.65205
-6.63333
-6.62467
-6.62762
-6.63961
-6.66126
-6.68419
-6.70769
-6.72756
-6.7406
-6.74622
-6.74412
-6.73524
-6.71965
-6.69988
-6.67225
-6.63945
-6.60326
-6.55944
-6.51931
-6.48476
-6.46345
-6.45468
-6.46236
-6.47996
-6.50821
-6.53846
-6.56836
-6.59609
-6.61698
-6.63281
-6.64548
-6.65568
-6.66623
-6.67881
-6.69229
-6.71064
-6.73043
-6.74664
-6.76186
-6.7741
-6.78401
-6.78697
-6.78675
-6.78842
-6.78514
-6.78068
-6.77761
-6.77402
-6.77084
-6.76945
-6.76735
-6.76607
-6.76229
-6.75357
-6.7363
-6.71467
-6.68272
-6.64603
-6.60919
-6.57759
-6.54991
-6.52944
-6.52294
-6.52373
-6.53177
-6.54487
-6.5694
-6.59701
-6.63173
-6.66703
-6.70184
-6.73418
-6.76093
-6.78169
-6.79054
-6.79565
-6.79184
-6.78447
-6.77869
-6.77375
-6.77009
-6.76629
-6.75876
-6.74769
-6.73852
-6.72667
-6.71628
-6.70319
-6.69009
-6.68061
-6.67136
-6.66714
-6.66744
-6.67386
-6.6799
-6.6857
-6.69333
-6.69698
-6.70469
-6.7106
-6.71199
-6.7128
-6.71098
-6.7087
-6.70159
-6.69383
-6.68554
-6.67517
-6.66153
-6.6475
-6.63383
-6.62097
-6.61187
-6.60757
-6.60743
-6.61212
-6.62152
-6.6379
-6.66088
-6.68756
-6.71641
-6.74417
-6.76737
-6.78676
-6.79902
-6.80267
-6.79398
-6.78174
-6.76239
-6.73768
-6.71125
-6.68459
-6.65985
-6.64009
-6.62788
-6.61889
-6.61601
-6.61788
-6.62304
-6.62811
-6.62909
-6.62795
-6.62352
-6.61736
-6.61054
-6.60533
-6.60098
-6.60011
-6.60368
-6.61074
-6.61762
-6.62053
-6.61856
-6.61249
-6.60574
-6.59916
-6.59522
-6.602
-6.62069
-6.64479
-6.68005
-6.71454
-6.74888
-6.77998
-6.80576
-6.82163
-6.83133
-6.83446
-6.83163
-6.82201
-6.81041
-6.79351
-6.77396
-6.75724
-6.74226
-6.7289
-6.71848
-6.71473
-6.70755
-6.70517
-6.70303
-6.70297
-6.70515
-6.70925
-6.70894
-6.70542
-6.69839
-6.69294
-6.68067
-6.67297
-6.6659
-6.66124
-6.65799
-6.65683
-6.65464
-6.64907
-6.64138
-6.62679
-6.6121
-6.59701
-6.58454
-6.58161
-6.58432
-6.59873
-6.62074
-6.65297
-6.69094
-6.7267
-6.75917
-6.78334
-6.79859
-6.80127
-6.7934
-6.77508
-6.74685
-6.71481
-6.68459
-6.66423
-6.64812
-6.64309
-6.64225
-6.64638
-6.6483
-6.65416
-6.65863
-6.65909
-6.65842
-6.65612
-6.64925
-6.63838
-6.62527
-6.61463
-6.61119
-6.61403
-6.62758
-6.64914
-6.67783
-6.70439
-6.73001
-6.75325
-6.76561
-6.77553
-6.77984
-6.77712
-6.76792
-6.75731
-6.7463
-6.73434
-6.7273
-6.72745
-6.73489
-6.74625
-6.76333
-6.78127
-6.79284
-6.79698
-6.78735
-6.76788
-6.74006
-6.70699
-6.67603
-6.65095
-6.63024
-6.6197
-6.61922
-6.62753
-6.64192
-6.66092
-6.6784
-6.69312
-6.70134
-6.70008
-6.69558
-6.68374
-6.66836
-6.65069
-6.63785
-6.6262
-6.61687
-6.61363
-6.61085
-6.6137
-6.61758
-6.62255
-6.62888
-6.63446
-6.64116
-6.64791
-6.65259
-6.66165
-6.66829
-6.67239
-6.67169
-6.66653
-6.65801
-6.64818
-6.63676
-6.63072
-6.62737
-6.6266
-6.63141
-6.63733
-6.64711
-6.65679
-6.66568
-6.67448
-6.68284
-6.69445
-6.70397
-6.71152
-6.71851
-6.72187
-6.72536
-6.72904
-6.72781
-6.72549
-6.71791
-6.70618
-6.69454
-6.68642
-6.68512
-6.68632
-6.69451
-6.70533
-6.71961
-6.73165
-6.73792
-6.74136
-6.73832
-6.7299
-6.71896
-6.70915
-6.69665
-6.68732
-6.67592
-6.66448
-6.65546
-6.6486
-6.64136
-6.63518
-6.63454
-6.6343
-6.63415
-6.63398
-6.6377
-6.64399
-6.65467
-6.66296
-6.67419
-6.68986
-6.70614
-6.72605
-6.74466
-6.76064
-6.76945
-6.7772
-6.77549
-6.76945
-6.75081
-6.726
-6.69491
-6.66293
-6.62984
-6.60053
-6.57868
-6.56691
-6.56719
-6.57793
-6.59641
-6.61635
-6.63918
-6.65772
-6.67438
-6.6907
-6.70317
-6.71707
-6.7308
-6.74165
-6.74965
-6.75477
-6.75353
-6.74297
-6.72753
-6.70612
-6.68288
-6.66222
-6.64498
-6.63558
-6.63355
-6.63616
-6.6438
-6.64923
-6.65207
-6.65594
-6.6571
-6.655
-6.65174
-6.648
-6.64456
-6.64518
-6.6454
-6.6519
-6.66207
-6.67619
-6.68818
-6.70032
-6.70852
-6.71187
-6.70966
-6.70687
-6.70108
-6.69241
-6.68487
-6.68015
-6.67783
-6.67315
-6.6707
-6.66991
-6.66928
-6.67444
-6.68292
-6.69204
-6.70254
-6.70905
-6.71185
-6.71102
-6.69974
-6.6866
-6.66587
-6.64528
-6.62315
-6.60321
-6.58831
-6.58237
-6.58666
-6.60003
-6.6262
-6.65809
-6.69625
-6.7316
-6.76267
-6.78756
-6.79649
-6.79218
-6.7743
-6.74582
-6.70978
-6.67209
-6.64387
-6.61914
-6.60502
-6.60337
-6.61377
-6.63663
-6.66637
-6.69697
-6.72251
-6.74611
-6.7615
-6.76754
-6.76442
-6.76008
-6.75281
-6.74998
-6.7445
-6.74191
-6.74067
-6.74346
-6.74252
-6.73888
-6.73292
-6.72282
-6.7083
-6.69229
-6.67413
-6.65664
-6.63952
-6.62997
-6.62673
-6.62888
-6.63241
-6.64296
-6.65943
-6.67719
-6.69416
-6.71148
-6.72633
-6.73798
-6.74292
-6.7378
-6.72466
-6.70121
-6.67256
-6.64309
-6.61471
-6.59191
-6.58253
-6.58925
-6.60481
-6.63096
-6.6658
-6.70167
-6.73366
-6.75938
-6.77612
-6.78696
-6.78856
-6.78121
-6.76803
-6.74897
-6.72427
-6.70086
-6.67405
-6.6475
-6.62122
-6.59958
-6.58714
-6.58482
-6.59638
-6.61718
-6.64463
-6.66947
-6.69509
-6.71108
-6.72367
-6.72986
-6.73009
-6.72706
-6.72205
-6.71613
-6.71215
-6.707
-6.70499
-6.70544
-6.70846
-6.71379
-6.71893
-6.72187
-6.72683
-6.72883
-6.73314
-6.73986
-6.74449
-6.74793
-6.75117
-6.75076
-6.74598
-6.73641
-6.72141
-6.69977
-6.67405
-6.6423
-6.60909
-6.5772
-6.55445
-6.53883
-6.53611
-6.54091
-6.55225
-6.56902
-6.58843
-6.6069
-6.61904
-6.62973
-6.63429
-6.63464
-6.63158
-6.62487
-6.62077
-6.62004
-6.62118
-6.63117
-6.65045
-6.67729
-6.70853
-6.74595
-6.78353
-6.82304
-6.85604
-6.88004
-6.8962
-6.89841
-6.88664
-6.86469
-6.8303
-6.79321
-6.75645
-6.72684
-6.7032
-6.68663
-6.67436
-6.66809
-6.66151
-6.6589
-6.65557
-6.65169
-6.64666
-6.64209
-6.63702
-6.63326
-6.63085
-6.62652
-6.62129
-6.61292
-6.60823
-6.60138
-6.59846
-6.59696
-6.60347
-6.61652
-6.6354
-6.65345
-6.67234
-6.68818
-6.69731
-6.70192
-6.70583
-6.70928
-6.71254
-6.7143
-6.71622
-6.71137
-6.70754
-6.701
-6.69382
-6.69093
-6.69046
-6.69425
-6.70002
-6.70307
-6.7052
-6.70547
-6.70336
-6.69667
-6.68514
-6.67065
-6.65543
-6.64367
-6.63064
-6.62243
-6.61653
-6.61917
-6.6249
-6.63624
-6.6507
-6.66605
-6.68358
-6.69353
-6.70164
-6.70259
-6.69988
-6.69535
-6.69217
-6.68927
-6.68621
-6.68393
-6.6837
-6.68747
-6.69429
-6.70347
-6.7145
-6.72933
-6.7367
-6.74468
-6.74441
-6.73777
-6.72544
-6.71189
-6.6976
-6.68365
-6.6688
-6.65646
-6.64628
-6.64086
-6.63726
-6.64347
-6.65568
-6.68033
-6.7166
-6.74897
-6.77367
-6.78508
-6.77723
-6.75401
-6.72388
-6.69249
-6.66549
-6.65191
-6.65106
-6.66671
-6.68968
-6.71709
-6.74313
-6.7526
-6.74476
-6.71876
-6.67647
-6.62494
-6.57793
-6.54009
-6.51944
-6.5177
-6.53237
-6.55986
-6.59361
-6.63134
-6.66852
-6.70349
-6.73787
-6.76415
-6.78695
-6.80324
-6.81519
-6.82421
-6.83307
-6.83641
-6.83686
-6.83288
-6.82351
-6.80792
-6.78978
-6.76202
-6.73346
-6.70054
-6.66813
-6.6355
-6.60217
-6.57141
-6.54885
-6.52888
-6.51482
-6.50747
-6.51015
-6.52236
-6.54466
-6.56847
-6.59169
-6.61301
-6.62971
-6.64606
-6.66091
-6.67145
-6.67761
-6.67745
-6.67667
-6.67442
-6.67528
-6.68
-6.69096
-6.70483
-6.72571
-6.74851
-6.76888
-6.78946
-6.80604
-6.8159
-6.81885
-6.81504
-6.80555
-6.78651
-6.75895
-6.72472
-6.68255
-6.64166
-6.60227
-6.57412
-6.5587
-6.55898
-6.57017
-6.58995
-6.61525
-6.63834
-6.65651
-6.66959
-6.67684
-6.67655
-6.67651
-6.67551
-6.67644
-6.67593
-6.67491
-6.67237
-6.66906
-6.66385
-6.66169
-6.66299
-6.66459
-6.6731
-6.68148
-6.68484
-6.68197
-6.67456
-6.66106
-6.64858
-6.63587
-6.62448
-6.61632
-6.61022
-6.61066
-6.6158
-6.62686
-6.64299
-6.66294
-6.68401
-6.70514
-6.72017
-6.72412
-6.71761
-6.70295
-6.67959
-6.64959
-6.61714
-6.58953
-6.56565
-6.55058
-6.54474
-6.55358
-6.57089
-6.59747
-6.6264
-6.65637
-6.68024
-6.69634
-6.70622
-6.70892
-6.70717
-6.70391
-6.69979
-6.69898
-6.69631
-6.69619
-6.69626
-6.69408
-6.69477
-6.69928
-6.70777
-6.72089
-6.73617
-6.7517
-6.76414
-6.77314
-6.78014
-6.77881
-6.7749
-6.76508
-6.75111
-6.7284
-6.69655
-6.65506
-6.6075
-6.55847
-6.51433
-6.48145
-6.46631
-6.46515
-6.47835
-6.4996
-6.52506
-6.5505
-6.57845
-6.60475
-6.6287
-6.65047
-6.66656
-6.67382
-6.67876
-6.67807
-6.67021
-6.65928
-6.6489
-6.6399
-6.63969
-6.64692
-6.65651
-6.67716
-6.70156
-6.72605
-6.74994
-6.7747
-6.79072
-6.79749
-6.79861
-6.78997
-6.76985
-6.74187
-6.70623
-6.66725
-6.62944
-6.59828
-6.57756
-6.56935
-6.57293
-6.58701
-6.60773
-6.63005
-6.64756
-6.65911
-6.66347
-6.66563
-6.66277
-6.65435
-6.64405
-6.62911
-6.60861
-6.58551
-6.55946
-6.5314
-6.50571
-6.48803
-6.47467
-6.47251
-6.48348
-6.50912
-6.54809
-6.59801
-6.65132
-6.70908
-6.76268
-6.80923
-6.84179
-6.8636
-6.87069
-6.86678
-6.85011
-6.826
-6.79465
-6.75923
-6.72525
-6.69726
-6.67449
-6.6576
-6.64514
-6.63422
-6.62214
-6.6122
-6.6016
-6.59529
-6.59247
-6.59808
-6.61561
-6.6398
-6.67037
-6.70083
-6.72287
-6.73652
-6.7394
-6.73157
-6.71894
-6.70404
-6.68835
-6.67947
-6.67532
-6.67582
-6.67966
-6.6842
-6.68587
-6.68311
-6.67957
-6.67521
-6.66864
-6.66535
-6.66453
-6.66357
-6.66667
-6.67068
-6.67551
-6.67872
-6.67633
-6.66762
-6.65128
-6.63019
-6.61088
-6.59688
-6.58988
-6.59124
-6.60049
-6.61355
-6.62917
-6.64456
-6.6591
-6.67158
-6.674
-6.67076
-6.66246
-6.65554
-6.65562
-6.65967
-6.66608
-6.67167
-6.67672
-6.67606
-6.67324
-6.66704
-6.65662
-6.64453
-6.63287
-6.62708
-6.62814
-6.6416
-6.66453
-6.69267
-6.72587
-6.75651
-6.783
-6.79665
-6.79688
-6.78534
-6.76458
-6.73679
-6.70471
-6.67223
-6.6406
-6.61232
-6.59096
-6.57412
-6.55808
-6.54821
-6.53937
-6.53253
-6.5284
-6.52964
-6.53649
-6.55058
-6.56613
-6.58611
-6.60556
-6.62422
-6.63804
-6.65016
-6.65899
-6.66761
-6.67621
-6.68583
-6.69625
-6.70462
-6.7123
-6.71432
-6.71625
-6.71206
-6.70729
-6.70672
-6.71022
-6.71492
-6.72285
-6.72872
-6.7328
-6.73116
-6.7243
-6.71497
-6.69895
-6.67977
-6.6624
-6.64427
-6.62527
-6.60598
-6.58289
-6.55649
-6.53308
-6.5095
-6.49271
-6.4874
-6.49524
-6.51408
-6.54334
-6.57899
-6.61645
-6.64903
-6.67309
-6.6887
-6.69883
-6.70364
-6.70104
-6.69221
-6.68334
-6.67456
-6.67252
-6.67488
-6.6812
-6.69065
-6.70249
-6.71264
-6.72114
-6.73111
-6.74114
-6.74463
-6.7471
-6.7451
-6.74038
-6.73087
-6.71952
-6.70964
-6.69797
-6.68352
-6.67216
-6.66204
-6.65441
-6.64714
-6.6417
-6.63767
-6.63145
-6.62421
-6.61874
-6.61351
-6.60888
-6.60434
-6.59898
-6.59222
-6.5821
-6.56988
-6.55918
-6.55505
-6.55728
-6.56796
-6.58571
-6.6084
-6.63434
-6.66265
-6.68848
-6.71237
-6.73172
-6.74445
-6.74941
-6.74914
-6.74594
-6.74194
-6.7385
-6.7376
-6.73944
-6.74565
-6.75214
-6.75626
-6.75627
-6.7541
-6.74519
-6.73301
-6.71396
-6.68815
-6.65796
-6.6276
-6.59523
-6.56425
-6.54216
-6.53105
-6.5366
-6.55369
-6.57804
-6.60884
-6.6367
-6.66198
-6.68006
-6.68901
-6.69112
-6.68975
-6.68775
-6.69051
-6.69389
-6.70404
-6.71651
-6.7291
-6.73709
-6.73907
-6.73095
-6.71965
-6.70071
-6.68103
-6.65981
-6.64179
-6.62306
-6.60923
-6.59887
-6.59019
-6.58536
-6.58134
-6.57896
-6.58378
-6.59247
-6.60863
-6.62667
-6.6487
-6.67243
-6.69407
-6.70828
-6.71651
-6.71641
-6.71023
-6.69954
-6.68661
-6.66969
-6.65541
-6.64373
-6.6366
-6.62493
-6.62189
-6.6208
-6.62192
-6.63231
-6.64852
-6.67233
-6.69395
-6.71273
-6.72176
-6.7191
-6.71123
-6.69915
-6.6886
-6.67598
-6.67203
-6.6694
-6.6732
-6.6793
-6.68652
-6.69533
-6.70261
-6.71106
-6.71552
-6.71979
-6.72182
-6.72114
-6.71689
-6.71047
-6.70045
-6.68645
-6.67248
-6.6572
-6.6386
-6.61905
-6.59858
-6.57932
-6.55793
-6.54184
-6.5323
-6.52999
-6.53588
-6.5481
-6.56148
-6.57632
-6.58517
-6.58985
-6.5914
-6.58499
-6.58405
-6.58531
-6.58847
-6.5923
-6.60079
-6.60858
-6.61268
-6.61556
-6.61912
-6.62523
-6.63678
-6.65308
-6.6746
-6.69965
-6.72352
-6.7434
-6.75537
-6.75583
-6.74145
-6.71644
-6.68846
-6.66404
-6.64409
-6.63327
-6.62933
-6.63296
-6.64313
-6.65518
-6.66693
-6.67797
-6.6864
-6.69235
-6.69607
-6.69452
-6.68816
-6.67887
-6.67007
-6.66577
-6.66319
-6.66639
-6.6753
-6.68766
-6.69886
-6.71003
-6.71563
-6.72014
-6.72004
-6.71884
-6.71653
-6.71343
-6.70524
-6.69423
-6.67822
-6.6629
-6.64118
-6.62336
-6.61094
-6.60864
-6.62071
-6.64707
-6.68111
-6.71687
-6.75264
-6.77301
-6.7855
-6.78715
-6.77903
-6.76493
-6.74539
-6.71946
-6.68616
-6.64596
-6.60452
-6.5689
-6.5393
-6.52346
-6.51781
-6.5275
-6.54609
-6.56818
-6.59495
-6.61722
-6.63512
-6.64683
-6.64415
-6.63737
-6.62619
-6.61523
-6.60894
-6.61212
-6.62436
-6.648
-6.67947
-6.7108
-6.74217
-6.76732
-6.78213
-6.78641
-6.77812
-6.75951
-6.73692
-6.70715
-6.67647
-6.64557
-6.61594
-6.59088
-6.5743
-6.57074
-6.57768
-6.59332
-6.61066
-6.62518
-6.63367
-6.63241
-6.62345
-6.60809
-6.589
-6.56986
-6.55777
-6.55406
-6.55884
-6.57455
-6.59539
-6.62146
-6.65083
-6.67831
-6.70931
-6.7351
-6.75912
-6.7805
-6.7998
-6.80976
-6.8102
-6.80055
-6.78153
-6.7505
-6.71312
-6.67191
-6.6329
-6.60049
-6.57647
-6.56028
-6.55568
-6.56446
-6.57886
-6.60292
-6.62536
-6.64677
-6.66385
-6.6751
-6.68163
-6.67994
-6.67676
-6.66984
-6.66689
-6.66548
-6.66752
-6.676
-6.68691
-6.69676
-6.70591
-6.70682
-6.70361
-6.69022
-6.67487
-6.65996
-6.64441
-6.63423
-6.63228
-6.63495
-6.64605
-6.66197
-6.67632
-6.68817
-6.69803
-6.70132
-6.69959
-6.69692
-6.68955
-6.68223
-6.67677
-6.66975
-6.66517
-6.66004
-6.65535
-6.64853
-6.64217
-6.635
-6.62825
-6.6212
-6.61496
-6.60761
-6.60125
-6.5929
-6.58673
-6.58456
-6.58257
-6.5847
-6.59258
-6.60103
-6.61157
-6.62098
-6.63149
-6.6409
-6.64842
-6.6591
-6.66932
-6.68075
-6.69152
-6.69769
-6.70601
-6.71013
-6.71226
-6.71621
-6.71969
-6.73016
-6.73468
-6.7397
-6.73695
-6.72891
-6.71395
-6.69111
-6.66128
-6.62843
-6.60111
-6.57813
-6.5632
-6.55526
-6.56214
-6.58076
-6.6079
-6.64011
-6.67345
-6.70446
-6.73029
-6.74479
-6.75121
-6.74901
-6.73613
-6.71699
-6.69379
-6.67032
-6.6542
-6.65043
-6.65399
-6.66472
-6.68195
-6.69901
-6.71254
-6.72084
-6.71938
-6.7113
-6.69961
-6.68119
-6.66158
-6.64187
-6.62638
-6.61803
-6.61531
-6.61994
-6.62554
-6.63599
-6.64558
-6.65212
-6.65963
-6.66651
-6.67342
-6.67729
-6.68175
-6.68749
-6.69551
-6.69733
-6.69462
-6.68273
-6.66517
-6.64142
-6.61766
-6.59443
-6.57793
-6.56723
-6.56587
-6.57135
-6.5843
-6.60333
-6.62312
-6.64084
-6.6564
-6.66438
-6.66531
-6.66042
-6.6491
-6.63504
-6.62184
-6.61412
-6.61298
-6.61735
-6.62509
-6.63751
-6.6503
-6.66095
-6.67002
-6.67912
-6.68138
-6.68003
-6.67962
-6.6776
-6.67762
-6.68278
-6.69173
-6.70784
-6.72677
-6.74255
-6.7581
-6.76656
-6.76906
-6.75958
-6.74432
-6.724
-6.699
-6.67478
-6.64546
-6.6212
-6.59967
-6.58715
-6.58533
-6.59087
-6.59779
-6.60858
-6.61912
-6.62486
-6.62546
-6.62428
-6.62009
-6.60948
-6.59932
-6.58831
-6.5845
-6.58856
-6.59459
-6.60658
-6.618
-6.63063
-6.64452
-6.65325
-6.66151
-6.66506
-6.66548
-6.66472
-6.66892
-6.67728
-6.69092
-6.71007
-6.73085
-6.74906
-6.76337
-6.77055
-6.76934
-6.7624
-6.74982
-6.73524
-6.71519
-6.69884
-6.6839
-6.67108
-6.65975
-6.64923
-6.63743
-6.63047
-6.63362
-6.64417
-6.66556
-6.688
-6.70987
-6.72957
-6.74404
-6.75421
-6.75555
-6.74726
-6.72652
-6.70069
-6.665
-6.62991
-6.59424
-6.56525
-6.54381
-6.53066
-6.52469
-6.52707
-6.53561
-6.54916
-6.56456
-6.58389
-6.60443
-6.6212
-6.63579
-6.64959
-6.65881
-6.66643
-6.66808
-6.66882
-6.66689
-6.66642
-6.66353
-6.65805
-6.65261
-6.64531
-6.63988
-6.6344
-6.63195
-6.63084
-6.62996
-6.63147
-6.63622
-6.64911
-6.66771
-6.6914
-6.71858
-6.74162
-6.75411
-6.75766
-6.74634
-6.72527
-6.69595
-6.66309
-6.6357
-6.61637
-6.60388
-6.60318
-6.61137
-6.62951
-6.65493
-6.68306
-6.71496
-6.74795
-6.77182
-6.78887
-6.7959
-6.81255
-6.83317
-6.85088
-6.86431
-6.86755
-6.85946
-6.83962
-6.81285
-6.78417
-6.7498
-6.72444
-6.70632
-6.69697
-6.69929
-6.70703
-6.71241
-6.7124
-6.7048
-6.69024
-6.66638
-6.64737
-6.63412
-6.62826
-6.63093
-6.6424
-6.66162
-6.68608
-6.71141
-6.73973
-6.76718
-6.79382
-6.81468
-6.83003
-6.84084
-6.84845
-6.852
-6.85212
-6.84889
-6.84293
-6.83603
-6.82498
-6.81261
-6.79525
-6.77155
-6.74657
-6.71709
-6.68726
-6.65974
-6.63495
-6.61112
-6.59354
-6.58862
-6.58782
-6.59176
-6.60086
-6.60876
-6.61209
-6.61494
-6.61941
-6.6272
-6.63878
-6.6593
-6.68047
-6.70762
-6.73542
-6.76306
-6.78926
-6.81697
-6.83487
-6.85027
-6.85782
-6.86515
-6.86845
-6.87048
-6.87227
-6.87251
-6.87448
-6.88065
-6.88502
-6.88992
-6.89318
-6.89149
-6.883
-6.86763
-6.84296
-6.80745
-6.76044
-6.70958
-6.65729
-6.60854
-6.56679
-6.53682
-6.51708
-6.50496
-6.5012
-6.50268
-6.51249
-6.52689
-6.54702
-6.56872
-6.5865
-6.60228
-6.61599
-6.62982
-6.64915
-6.67301
-6.70049
-6.73144
-6.76528
-6.80009
-6.83918
-6.87358
-6.90524
-6.93618
-6.95601
-6.96409
-6.9651
-6.95798
-6.94185
-6.91904
-6.88915
-6.85652
-6.82012
-6.78231
-6.74318
-6.7078
-6.67719
-6.64906
-6.62605
-6.60866
-6.59689
-6.59155
-6.5882
-6.58867
-6.59172
-6.59316
-6.59254
-6.58779
-6.58202
-6.57383
-6.56686
-6.56054
-6.56232
-6.5674
-6.58028
-6.59807
-6.62291
-6.64911
-6.67838
-6.70553
-6.7329
-6.7577
-6.77766
-6.79034
-6.8015
-6.81253
-6.81851
-6.82157
-6.82214
-6.81967
-6.81324
-6.80052
-6.7842
-6.76564
-6.7473
-6.73044
-6.71573
-6.701
-6.6831
-6.66727
-6.65276
-6.64329
-6.63925
-6.6481
-6.66364
-6.68606
-6.71159
-6.73137
-6.74762
-6.75579
-6.76083
-6.75988
-6.75835
-6.75872
-6.76192
-6.76715
-6.7722
-6.78348
-6.7902
-6.79805
-6.80562
-6.8137
-6.81937
-6.82296
-6.82613
-6.82264
-6.81381
-6.79894
-6.77451
-6.74797
-6.71657
-6.68467
-6.65852
-6.63934
-6.63082
-6.63287
-6.64448
-6.65932
-6.67709
-6.69179
-6.7036
-6.71098
-6.71295
-6.70998
-6.69996
-6.68162
-6.65815
-6.63034
-6.60088
-6.57171
-6.5506
-6.53697
-6.53488
-6.54556
-6.566
-6.59109
-6.62192
-6.65665
-6.69133
-6.72289
-6.75125
-6.78031
-6.80601
-6.82454
-6.8393
-6.85263
-6.86214
-6.87102
-6.87026
-6.86436
-6.85415
-6.84119
-6.82826
-6.81631
-6.80207
-6.78935
-6.77937
-6.77032
-6.7619
-6.75857
-6.76073
-6.76759
-6.77529
-6.7821
-6.78093
-6.77035
-6.7472
-6.71372
-6.67357
-6.6354
-6.59928
-6.57192
-6.55732
-6.55794
-6.57039
-6.59038
-6.61558
-6.64214
-6.66977
-6.69786
-6.72256
-6.74211
-6.7573
-6.77322
-6.77938
-6.78458
-6.78436
-6.78098
-6.77398
-6.76378
-6.7597
-6.7568
-6.75834
-6.76247
-6.76788
-6.76931
-6.7688
-6.76527
-6.75578
-6.74449
-6.73067
-6.71502
-6.69909
-6.68143
-6.66801
-6.65432
-6.64277
-6.63558
-6.63332
-6.63665
-6.64089
-6.64566
-6.64825
-6.64938
-6.64914
-6.64745
-6.65041
-6.65622
-6.66794
-6.68588
-6.70695
-6.72931
-6.74354
-6.75266
-6.75291
-6.74636
-6.73281
-6.72286
-6.71821
-6.72146
-6.73665
-6.7598
-6.78815
-6.81396
-6.83685
-6.85401
-6.8653
-6.87004
-6.87175
-6.86975
-6.8613
-6.84957
-6.83061
-6.80718
-6.77562
-6.74015
-6.70379
-6.66735
-6.63389
-6.60891
-6.59589
-6.59097
-6.59491
-6.6013
-6.60888
-6.61234
-6.61126
-6.60737
-6.60293
-6.59997
-6.60098
-6.60786
-6.62355
-6.64701
-6.67703
-6.71438
-6.75538
-6.79657
-6.83385
-6.86133
-6.87836
-6.88433
-6.87545
-6.85685
-6.82927
-6.79725
-6.76011
-6.72566
-6.69272
-6.665
-6.63991
-6.62105
-6.60814
-6.59627
-6.58646
-6.58043
-6.57877
-6.579
-6.58621
-6.59749
-6.61319
-6.63444
-6.65518
-6.67436
-6.69264
-6.70911
-6.72333
-6.73204
-6.73901
-6.75031
-6.76208
-6.77963
-6.8045
-6.83078
-6.85752
-6.87944
-6.89165
-6.89662
-6.89115
-6.87578
-6.85469
-6.82999
-6.80227
-6.77053
-6.73751
-6.70385
-6.67202
-6.64684
-6.63216
-6.63119
-6.64267
-6.66668
-6.69679
-6.72843
-6.75517
-6.77292
-6.7824
-6.78207
-6.77484
-6.76048
-6.74256
-6.72586
-6.70819
-6.69511
-6.68556
-6.68087
-6.68285
-6.68638
-6.69161
-6.69744
-6.70365
-6.70769
-6.71098
-6.71345
-6.71249
-6.70889
-6.6987
-6.68489
-6.66934
-6.65303
-6.64275
-6.63799
-6.63802
-6.63939
-6.64811
-6.65879
-6.6716
-6.68992
-6.71004
-6.73378
-6.76024
-6.78559
-6.80679
-6.82421
-6.83241
-6.82879
-6.81681
-6.79803
-6.77257
-6.74292
-6.71212
-6.68365
-6.66019
-6.64338
-6.63673
-6.63841
-6.65026
-6.66924
-6.69364
-6.7235
-6.74919
-6.77246
-6.79197
-6.80509
-6.81473
-6.81698
-6.81712
-6.817
-6.8153
-6.8132
-6.80416
-6.79799
-6.78918
-6.77028
-6.7469
-6.71952
-6.68913
-6.65778
-6.62979
-6.61283
-6.60343
-6.60693
-6.6201
-6.63649
-6.6578
-6.67677
-6.68999
-6.69759
-6.70291
-6.70242
-6.70133
-6.69518
-6.68974
-6.68953
-6.69067
-6.69616
-6.70235
-6.71225
-6.72142
-6.72975
-6.73519
-6.73806
-6.73854
-6.73549
-6.7268
-6.71604
-6.7055
-6.69607
-6.69261
-6.69588
-6.70653
-6.72481
-6.74798
-6.77091
-6.79524
-6.80951
-6.82199
-6.82797
-6.82621
-6.81694
-6.79896
-6.77509
-6.75065
-6.72739
-6.70553
-6.68818
-6.67688
-6.66844
-6.6683
-6.66946
-6.67522
-6.68475
-6.69426
-6.70223
-6.70905
-6.71495
-6.72025
-6.7223
-6.71976
-6.71435
-6.71284
-6.71064
-6.71138
-6.71402
-6.71746
-6.72534
-6.7333
-6.74068
-6.74553
-6.75097
-6.75531
-6.75824
-6.75819
-6.7568
-6.74909
-6.73725
-6.71769
-6.69285
-6.6661
-6.64114
-6.62035
-6.60958
-6.61404
-6.62978
-6.65498
-6.68246
-6.71096
-6.73927
-6.75851
-6.77285
-6.77746
-6.77462
-6.7652
-6.74872
-6.72911
-6.70833
-6.6914
-6.68431
-6.68021
-6.68591
-6.6966
-6.71291
-6.72879
-6.74319
-6.75258
-6.75237
-6.74745
-6.73597
-6.72322
-6.71405
-6.70855
-6.70706
-6.71513
-6.72746
-6.74495
-6.77016
-6.7916
-6.81153
-6.82901
-6.84028
-6.84449
-6.84021
-6.82994
-6.81178
-6.7932
-6.77236
-6.75143
-6.73214
-6.71139
-6.68908
-6.66771
-6.64869
-6.62992
-6.61505
-6.60535
-6.60017
-6.59798
-6.6023
-6.61268
-6.62708
-6.64722
-6.66722
-6.68227
-6.69321
-6.69502
-6.6909
-6.68642
-6.67722
-6.66826
-6.66312
-6.66717
-6.67453
-6.68785
-6.70269
-6.7202
-6.73291
-6.74358
-6.75227
-6.76022
-6.7701
-6.77401
-6.78164
-6.78828
-6.78953
-6.79132
-6.79165
-6.79552
-6.80068
-6.80711
-6.81259
-6.82253
-6.8243
-6.82084
-6.81417
-6.80134
-6.78272
-6.76631
-6.75089
-6.74113
-6.73576
-6.73754
-6.73855
-6.7403
-6.73964
-6.73471
-6.72823
-6.71417
-6.69964
-6.6841
-6.67053
-6.65813
-6.6469
-6.63983
-6.63186
-6.62419
-6.61482
-6.6088
-6.60849
-6.61505
-6.63108
-6.65467
-6.68113
-6.70897
-6.73351
-6.75471
-6.76861
-6.77853
-6.78486
-6.78433
-6.78299
-6.77816
-6.76846
-6.75237
-6.73708
-6.71975
-6.70147
-6.68346
-6.67211
-6.66411
-6.66093
-6.659
-6.65889
-6.65865
-6.65844
-6.66294
-6.66924
-6.68054
-6.69443
-6.71105
-6.73088
-6.75315
-6.77488
-6.79676
-6.81619
-6.83102
-6.84112
-6.84511
-6.84049
-6.82726
-6.80337
-6.77308
-6.73987
-6.70798
-6.6824
-6.66268
-6.65377
-6.65938
-6.67774
-6.70436
-6.73136
-6.75618
-6.77156
-6.77343
-6.76393
-6.74642
-6.71922
-6.68969
-6.66378
-6.64384
-6.63335
-6.63043
-6.63317
-6.64454
-6.65912
-6.67079
-6.68165
-6.68962
-6.69368
-6.69044
-6.68797
-6.68831
-6.69336
-6.70477
-6.72042
-6.74314
-6.76518
-6.7864
-6.80021
-6.81303
-6.81874
-6.81677
-6.81115
-6.80321
-6.79087
-6.77991
-6.76672
-6.75706
-6.74398
-6.73143
-6.72342
-6.71544
-6.71632
-6.71689
-6.7163
-6.71706
-6.72339
-6.7287
-6.72914
-6.72662
-6.7198
-6.70277
-6.68241
-6.6586
-6.6375
-6.62174
-6.6156
-6.61672
-6.62436
-6.64196
-6.66075
-6.68274
-6.70307
-6.7254
-6.74099
-6.75372
-6.76193
-6.7701
-6.77562
-6.78002
-6.78348
-6.78281
-6.78012
-6.7744
-6.76524
-6.7521
-6.73874
-6.72387
-6.70943
-6.69621
-6.68529
-6.67672
-6.67104
-6.66342
-6.65733
-6.65361
-6.6525
-6.65412
-6.66106
-6.67094
-6.68602
-6.69844
-6.71134
-6.72331
-6.73534
-6.74608
-6.75693
-6.76688
-6.77321
-6.77743
-6.77958
-6.77787
-6.76987
-6.75809
-6.74544
-6.73152
-6.72114
-6.71151
-6.70572
-6.7044
-6.7031
-6.70512
-6.7074
-6.70611
-6.70223
-6.69741
-6.69112
-6.68402
-6.67582
-6.66986
-6.66344
-6.6576
-6.65104
-6.64505
-6.64061
-6.63917
-6.64059
-6.64891
-6.66387
-6.68209
-6.70478
-6.72933
-6.755
-6.77553
-6.7887
-6.79281
-6.78881
-6.77741
-6.76183
-6.74464
-6.72832
-6.71589
-6.70734
-6.70425
-6.70621
-6.71626
-6.72821
-6.74598
-6.76422
-6.78077
-6.79462
-6.80348
-6.80489
-6.79845
-6.78534
-6.77166
-6.75351
-6.73634
-6.71804
-6.7011
-6.68118
-6.66211
-6.64567
-6.62467
-6.61062
-6.60039
-6.59763
-6.59953
-6.60938
-6.62111
-6.63527
-6.65356
-6.67203
-6.68865
-6.70557
-6.71792
-6.73209
-6.7392
-6.744
-6.74386
-6.73983
-6.73021
-6.72067
-6.71216
-6.7059
-6.70317
-6.70288
-6.70581
-6.70935
-6.71263
-6.71937
-6.72614
-6.73471
-6.74025
-6.7459
-6.74777
-6.74567
-6.74402
-6.74015
-6.73426
-6.72802
-6.72508
-6.72604
-6.73252
-6.73942
-6.74496
-6.7503
-6.74994
-6.74265
-6.72947
-6.7144
-6.69833
-6.69131
-6.69584
-6.70897
-6.72913
-6.75479
-6.78442
-6.81315
-6.83704
-6.85255
-6.85837
-6.85243
-6.84165
-6.82337
-6.80461
-6.78277
-6.76208
-6.74389
-6.72416
-6.7054
-6.69325
-6.67933
-6.66894
-6.66082
-6.6542
-6.64768
-6.64038
-6.63081
-6.62397
-6.61887
-6.61566
-6.61401
-6.61861
-6.62559
-6.63567
-6.65065
-6.66989
-6.68859
-6.71177
-6.73592
-6.75976
-6.7824
-6.80302
-6.82267
-6.83749
-6.84749
-6.85047
-6.84901
-6.84043
-6.82715
-6.85936
-6.90113
-6.93651
-6.96832
-6.98716
-6.9924
-6.97895
-6.95326
-6.91545
-6.87096
-6.81504
-6.76252
-6.71517
-6.67924
-6.65327
-6.63874
-6.63004
-6.62722
-6.63088
-6.64139
-6.65393
-6.66903
-6.68602
-6.69984
-6.71493
-6.73005
-6.74786
-6.76636
-6.78808
-6.81405
-6.84234
-6.86747
-6.88968
-6.90785
-6.91846
-6.92251
-6.92036
-6.91311
-6.90222
-6.89086
-6.8769
-6.86058
-6.84163
-6.82168
-6.7984
-6.77363
-6.7485
-6.72217
-6.69507
-6.67159
-6.65153
-6.63224
-6.62376
-6.61817
-6.61895
-6.62124
-6.62543
-6.62746
-6.62613
-6.6266
-6.6273
-6.63115
-6.63971
-6.65537
-6.67428
-6.69925
-6.72534
-6.75137
-6.77651
-6.79625
-6.81208
-6.82314
-6.82904
-6.83154
-6.83142
-6.83341
-6.83908
-6.84411
-6.85289
-6.86194
-6.86696
-6.87037
-6.86752
-6.85849
-6.84471
-6.82479
-6.79996
-6.771
-6.74077
-6.71264
-6.68902
-6.66897
-6.65703
-6.65786
-6.66182
-6.66486
-6.66657
-6.66212
-6.64968
-6.63627
-6.62805
-6.62533
-6.63623
-6.65708
-6.68433
-6.713
-6.74003
-6.7631
-6.78404
-6.80481
-6.82315
-6.84035
-6.85568
-6.86506
-6.87144
-6.87665
-6.87657
-6.87158
-6.86478
-6.85446
-6.84248
-6.82889
-6.81296
-6.79458
-6.77257
-6.74875
-6.7211
-6.69318
-6.66638
-6.64366
-6.62862
-6.62358
-6.62419
-6.63434
-6.64691
-6.6551
-6.66052
-6.65854
-6.65003
-6.63645
-6.61994
-6.60608
-6.59723
-6.59649
-6.60736
-6.62651
-6.65514
-6.68689
-6.72222
-6.7537
-6.7808
-6.80137
-6.81751
-6.8287
-6.83188
-6.83383
-6.83345
-6.83626
-6.83692
-6.83979
-6.84122
-6.83958
-6.83757
-6.83646
-6.82997
-6.82308
-6.81836
-6.81661
-6.8192
-6.81766
-6.82031
-6.81539
-6.80476
-6.78415
-6.75422
-6.71811
-6.68139
-6.64993
-6.62568
-6.60588
-6.59361
-6.59093
-6.59162
-6.59399
-6.59959
-6.60835
-6.6193
-6.6356
-6.65897
-6.68503
-6.71573
-6.74964
-6.7832
-6.81533
-6.84457
-6.87159
-6.89342
-6.90821
-6.91871
-6.9255
-6.9264
-6.92365
-6.91614
-6.90305
-6.87948
-6.84972
-6.81445
-6.77807
-6.74652
-6.71989
-6.70102
-6.68925
-6.68464
-6.68366
-6.68491
-6.68085
-6.67294
-6.65469
-6.63316
-6.60683
-6.58035
-6.55925
-6.54551
-6.53488
-6.53544
-6.54629
-6.57102
-6.60666
-6.64809
-6.69189
-6.73528
-6.77445
-6.8109
-6.84307
-6.86753
-6.88381
-6.89138
-6.89219
-6.88634
-6.87848
-6.8696
-6.85891
-6.84366
-6.82742
-6.81187
-6.79178
-6.77074
-6.7496
-6.73554
-6.7261
-6.72295
-6.72545
-6.72984
-6.73162
-6.72865
-6.7183
-6.70009
-6.67693
-6.65083
-6.62233
-6.59952
-6.5849
-6.57728
-6.57977
-6.59144
-6.60914
-6.62937
-6.65234
-6.67419
-6.69479
-6.71128
-6.72365
-6.73356
-6.73873
-6.74382
-6.75133
-6.76028
-6.77439
-6.78976
-6.80675
-6.82685
-6.84491
-6.8628
-6.87539
-6.88769
-6.89332
-6.89372
-6.88971
-6.87843
-6.86225
-6.84193
-6.81685
-6.78503
-6.75081
-6.7128
-6.67427
-6.63881
-6.60865
-6.58904
-6.57809
-6.57765
-6.58258
-6.59387
-6.60562
-6.61703
-6.62874
-6.64004
-6.65033
-6.66267
-6.67626
-6.68968
-6.70574
-6.72349
-6.74298
-6.76264
-6.7811
-6.7994
-6.819
-6.83612
-6.85344
-6.86535
-6.8757
-6.88002
-6.88306
-6.88237
-6.87949
-6.86978
-6.85702
-6.83951
-6.81844
-6.79595
-6.7685
-6.73979
-6.71601
-6.69691
-6.68114
-6.6728
-6.67504
-6.67909
-6.68379
-6.6917
-6.694
-6.69096
-6.68392
-6.67575
-6.66466
-6.65515
-6.65016
-6.64577
-6.64753
-6.65148
-6.65523
-6.66035
-6.6669
-6.67258
-6.67919
-6.68747
-6.69629
-6.70727
-6.72225
-6.74079
-6.76363
-6.78766
-6.81103
-6.8324
-6.84747
-6.85855
-6.8637
-6.86417
-6.86405
-6.8588
-6.85072
-6.84105
-6.8338
-6.82619
-6.81863
-6.81298
-6.80106
-6.7861
-6.76421
-6.73608
-6.70215
-6.67219
-6.6414
-6.62026
-6.6095
-6.60916
-6.62108
-6.63554
-6.65088
-6.66484
-6.67792
-6.68438
-6.6849
-6.68244
-6.67825
-6.67461
-6.67461
-6.68298
-6.69672
-6.71711
-6.74256
-6.76797
-6.79292
-6.81191
-6.82985
-6.84338
-6.84848
-6.84569
-6.83382
-6.81815
-6.79301
-6.76594
-6.73598
-6.71176
-6.69528
-6.69029
-6.69704
-6.71271
-6.73311
-6.75217
-6.76737
-6.77524
-6.7724
-6.75558
-6.72879
-6.69393
-6.65641
-6.61837
-6.58403
-6.56298
-6.5574
-6.56104
-6.57534
-6.59568
-6.62159
-6.65304
-6.68719
-6.72416
-6.76282
-6.79824
-6.83494
-6.86795
-6.89947
-6.9234
-6.9431
-6.9562
-6.95888
-6.95303
-6.94138
-6.92148
-6.89632
-6.86758
-6.83506
-6.80346
-6.77088
-6.73999
-6.71749
-6.70238
-6.69496
-6.69674
-6.70497
-6.71913
-6.73523
-6.74787
-6.75606
-6.75306
-6.74016
-6.71451
-6.68507
-6.65202
-6.6204
-6.59548
-6.57736
-6.5691
-6.57318
-6.5854
-6.60866
-6.63683
-6.66734
-6.70178
-6.73549
-6.76984
-6.80256
-6.83099
-6.85034
-6.86579
-6.87536
-6.87342
-6.86864
-6.8595
-6.85052
-6.84076
-6.82699
-6.81168
-6.79219
-6.77143
-6.75116
-6.73141
-6.70995
-6.69396
-6.68262
-6.67812
-6.68073
-6.69277
-6.70706
-6.72402
-6.74249
-6.75769
-6.7656
-6.76513
-6.75763
-6.74492
-6.7227
-6.69905
-6.67514
-6.65338
-6.63666
-6.62491
-6.62226
-6.62749
-6.64177
-6.66549
-6.6914
-6.72009
-6.75073
-6.77869
-6.80375
-6.82684
-6.84167
-6.85087
-6.8506
-6.84379
-6.82936
-6.80886
-6.78699
-6.76711
-6.75095
-6.7351
-6.72437
-6.72048
-6.716
-6.71362
-6.71205
-6.7137
-6.71759
-6.7255
-6.73902
-6.75067
-6.76037
-6.76112
-6.75513
-6.74327
-6.72637
-6.70578
-6.68638
-6.66952
-6.66032
-6.65884
-6.66232
-6.67327
-6.68413
-6.69674
-6.70579
-6.71692
-6.7228
-6.72944
-6.73635
-6.74506
-6.75889
-6.77347
-6.78661
-6.80316
-6.81781
-6.82669
-6.83064
-6.82955
-6.82607
-6.8215
-6.81526
-6.80923
-6.80052
-6.79706
-6.79062
-6.78203
-6.76796
-6.75085
-6.7274
-6.70044
-6.66773
-6.64115
-6.62274
-6.613
-6.61722
-6.63198
-6.65629
-6.68645
-6.72019
-6.75524
-6.78553
-6.80748
-6.81756
-6.81467
-6.80621
-6.79025
-6.77086
-6.75095
-6.73482
-6.72089
-6.71158
-6.69966
-6.68867
-6.67525
-6.66272
-6.64879
-6.63754
-6.63915
-6.64619
-6.66107
-6.68453
-6.70995
-6.73479
-6.75973
-6.77925
-6.792
-6.79909
-6.79664
-6.78949
-6.78444
-6.77609
-6.77011
-6.76037
-6.75574
-6.75129
-6.74553
-6.74141
-6.74
-6.74118
-6.74781
-6.75913
-6.77291
-6.78621
-6.79926
-6.80794
-6.8115
-6.80663
-6.79795
-6.78402
-6.76866
-6.75752
-6.74759
-6.74266
-6.73597
-6.73097
-6.72674
-6.72136
-6.71765
-6.71773
-6.72409
-6.73525
-6.75392
-6.7748
-6.7907
-6.80077
-6.8006
-6.79042
-6.76976
-6.74131
-6.70552
-6.67013
-6.64222
-6.62967
-6.63388
-6.65696
-6.6941
-6.73169
-6.77201
-6.80289
-6.82166
-6.82748
-6.81825
-6.79562
-6.7613
-6.72267
-6.67852
-6.64111
-6.60701
-6.58737
-6.58117
-6.5838
-6.59676
-6.62109
-6.65106
-6.68172
-6.71552
-6.74465
-6.77106
-6.79271
-6.80704
-6.81639
-6.81754
-6.81366
-6.80497
-6.79622
-6.78843
-6.7818
-6.77786
-6.77875
-6.7811
-6.78421
-6.79103
-6.80074
-6.81057
-6.81625
-6.82377
-6.82445
-6.81838
-6.80558
-6.79131
-6.77634
-6.7584
-6.74093
-6.72368
-6.70801
-6.69818
-6.68981
-6.68441
-6.68459
-6.69042
-6.69765
-6.70694
-6.71524
-6.72137
-6.72424
-6.72324
-6.71951
-6.71334
-6.7104
-6.7104
-6.71373
-6.71959
-6.73109
-6.7477
-6.76402
-6.77789
-6.79029
-6.79818
-6.79976
-6.79302
-6.7802
-6.76282
-6.74441
-6.72719
-6.71168
-6.69999
-6.69133
-6.68739
-6.68704
-6.686
-6.68649
-6.68795
-6.69081
-6.69398
-6.69595
-6.69856
-6.69978
-6.69895
-6.69996
-6.70164
-6.70447
-6.71238
-6.72197
-6.73399
-6.75052
-6.77092
-6.79203
-6.81177
-6.82796
-6.83342
-6.83017
-6.82061
-6.80459
-6.78333
-6.76473
-6.74743
-6.733
-6.72771
-6.72612
-6.73025
-6.74191
-6.75643
-6.77402
-6.78798
-6.80206
-6.81331
-6.81805
-6.81488
-6.80827
-6.79776
-6.78188
-6.76441
-6.74372
-6.72446
-6.70336
-6.68694
-6.67026
-6.66004
-6.65089
-6.64698
-6.64963
-6.65946
-6.67494
-6.69477
-6.71629
-6.73801
-6.75709
-6.76903
-6.77429
-6.76961
-6.7602
-6.74708
-6.73086
-6.71888
-6.71377
-6.7142
-6.71912
-6.7274
-6.73521
-6.74276
-6.75048
-6.7544
-6.7581
-6.75895
-6.76281
-6.76727
-6.77364
-6.77432
-6.77334
-6.76665
-6.75523
-6.74009
-6.72096
-6.70055
-6.68155
-6.66242
-6.64422
-6.63064
-6.6229
-6.62171
-6.6272
-6.63912
-6.65418
-6.67021
-6.68608
-6.69924
-6.70995
-6.7178
-6.72374
-6.72853
-6.72842
-6.72782
-6.72844
-6.73078
-6.73541
-6.74807
-6.76535
-6.78577
-6.80953
-6.83164
-6.84841
-6.8584
-6.86288
-6.86164
-6.85198
-6.83666
-6.81261
-6.78414
-6.7546
-6.72691
-6.70147
-6.68132
-6.67187
-6.66673
-6.6686
-6.67265
-6.68301
-6.69538
-6.70822
-6.71908
-6.73179
-6.74267
-6.754
-6.75879
-6.76036
-6.75395
-6.73906
-6.71946
-6.70173
-6.68244
-6.66934
-6.66361
-6.66145
-6.66516
-6.67464
-6.68831
-6.7064
-6.73209
-6.75885
-6.78907
-6.81823
-6.84302
-6.86351
-6.87559
-6.8776
-6.87002
-6.85355
-6.82451
-6.78853
-6.74683
-6.70013
-6.65241
-6.60533
-6.56543
-6.53686
-6.51502
-6.50693
-6.50735
-6.52022
-6.5427
-6.57506
-6.61751
-6.66672
-6.72017
-6.77723
-6.82702
-6.86927
-6.89981
-6.91961
-6.92746
-6.91937
-6.90036
-6.87641
-6.8482
-6.81809
-6.79651
-6.78044
-6.77227
-6.77129
-6.7779
-6.78984
-6.80748
-6.82413
-6.83806
-6.84111
-6.83877
-6.82564
-6.80381
-6.77604
-6.74369
-6.71037
-6.67703
-6.64716
-6.62052
-6.59589
-6.57717
-6.55957
-6.54297
-6.53038
-6.52275
-6.52311
-6.52907
-6.54537
-6.5686
-6.60521
-6.64609
-6.68529
-6.72501
-6.75806
-6.78589
-6.80608
-6.81973
-6.82448
-6.82422
-6.81687
-6.80269
-6.78721
-6.77547
-6.76367
-6.76062
-6.7605
-6.76245
-6.76566
-6.76842
-6.7698
-6.76782
-6.76771
-6.77
-6.77599
-6.78639
-6.79855
-6.82931
-6.86152
-6.89394
-6.9204
-6.93559
-6.93632
-6.92535
-6.90204
-6.86831
-6.82803
-6.78315
-6.74254
-6.70617
-6.67828
-6.66059
-6.65127
-6.64712
-6.64476
-6.64372
-6.64167
-6.63549
-6.62805
-6.6224
-6.61711
-6.61219
-6.61657
-6.62579
-6.64075
-6.65884
-6.68503
-6.71173
-6.73979
-6.76804
-6.79631
-6.82229
-6.84861
-6.87061
-6.88799
-6.89788
-6.8974
-6.89342
-6.87842
-6.85636
-6.82367
-6.78607
-6.74412
-6.69633
-6.64997
-6.61249
-6.5892
-6.58568
-6.60346
-6.63449
-6.67358
-6.71035
-6.73445
-6.74794
-6.75001
-6.74197
-6.7274
-6.71164
-6.69589
-6.68589
-6.68544
-6.69053
-6.70277
-6.71736
-6.73247
-6.74801
-6.76232
-6.77474
-6.78633
-6.79319
-6.80018
-6.80938
-6.81652
-6.82237
-6.83031
-6.83369
-6.83612
-6.8384
-6.83477
-6.82581
-6.81393
-6.79643
-6.77505
-6.74818
-6.72368
-6.6979
-6.67659
-6.66203
-6.65136
-6.64813
-6.64711
-6.64993
-6.65536
-6.66177
-6.66497
-6.66703
-6.6658
-6.65848
-6.64815
-6.63441
-6.6237
-6.6145
-6.61616
-6.62531
-6.64036
-6.66301
-6.68243
-6.70148
-6.71536
-6.72859
-6.73678
-6.74274
-6.74744
-6.7479
-6.74642
-6.74044
-6.73521
-6.73202
-6.73258
-6.73547
-6.74176
-6.75375
-6.76766
-6.7853
-6.79519
-6.80035
-6.80138
-6.79793
-6.7929
-6.78572
-6.77742
-6.77049
-6.76192
-6.75303
-6.74258
-6.73212
-6.72444
-6.71897
-6.71672
-6.71673
-6.71596
-6.71756
-6.71314
-6.7077
-6.70014
-6.69177
-6.68663
-6.67744
-6.6693
-6.66398
-6.65629
-6.65207
-6.65309
-6.65668
-6.66753
-6.6825
-6.70311
-6.72976
-6.75427
-6.7742
-6.79318
-6.80767
-6.81503
-6.81755
-6.81498
-6.80609
-6.79136
-6.77112
-6.75385
-6.73682
-6.72444
-6.71561
-6.7119
-6.71398
-6.71772
-6.72017
-6.7252
-6.72554
-6.72536
-6.71973
-6.71073
-6.70344
-6.69454
-6.68812
-6.67762
-6.66868
-6.66157
-6.65673
-6.65302
-6.65527
-6.66114
-6.67074
-6.68304
-6.70002
-6.72031
-6.74386
-6.7671
-6.79485
-6.82552
-6.85086
-6.87266
-6.88995
-6.90054
-6.89985
-6.88656
-6.86461
-6.83169
-6.79336
-6.75387
-6.7162
-6.68672
-6.66868
-6.66025
-6.66074
-6.6665
-6.67598
-6.68237
-6.68851
-6.6918
-6.68967
-6.68585
-6.68026
-6.67371
-6.66593
-6.65656
-6.64094
-6.62556
-6.61007
-6.59884
-6.59528
-6.6015
-6.61488
-6.64027
-6.66859
-6.69458
-6.71939
-6.73925
-6.75376
-6.76364
-6.76733
-6.77039
-6.77101
-6.77418
-6.78115
-6.7954
-6.81059
-6.82654
-6.83837
-6.85068
-6.85104
-6.8439
-6.82953
-6.80847
-6.78245
-6.75659
-6.73359
-6.71278
-6.69557
-6.6821
-6.6686
-6.6591
-6.65068
-6.64729
-6.64598
-6.6433
-6.64428
-6.64154
-6.63587
-6.62735
-6.61753
-6.61393
-6.61881
-6.63615
-6.6617
-6.69353
-6.73222
-6.76663
-6.80082
-6.82538
-6.84249
-6.85121
-6.85361
-6.85241
-6.84833
-6.844
-6.84101
-6.84132
-6.83982
-6.83964
-6.83247
-6.82223
-6.80685
-6.78739
-6.76087
-6.72918
-6.69605
-6.66251
-6.63306
-6.61069
-6.59845
-6.59454
-6.59928
-6.60868
-6.62416
-6.64098
-6.65849
-6.67695
-6.69506
-6.70972
-6.72103
-6.72255
-6.72118
-6.71438
-6.70186
-6.68741
-6.67122
-6.66274
-6.65792
-6.66222
-6.676
-6.69549
-6.72199
-6.74637
-6.76926
-6.78533
-6.79464
-6.79625
-6.79147
-6.78626
-6.77643
-6.76752
-6.75964
-6.7539
-6.75087
-6.7505
-6.75154
-6.7503
-6.74784
-6.742
-6.73586
-6.72512
-6.71238
-6.69866
-6.68223
-6.66525
-6.64503
-6.62275
-6.6031
-6.58537
-6.57098
-6.56503
-6.56412
-6.5637
-6.57077
-6.58029
-6.59392
-6.61499
-6.6406
-6.67435
-6.70934
-6.74894
-6.78777
-6.82531
-6.85309
-6.87218
-6.87544
-6.87251
-6.85958
-6.84757
-6.83781
-6.82935
-6.82479
-6.81939
-6.81539
-6.80602
-6.79466
-6.78022
-6.76639
-6.75582
-6.74956
-6.75064
-6.75334
-6.75378
-6.75202
-6.74545
-6.73301
-6.71493
-6.69105
-6.66562
-6.63751
-6.61158
-6.59217
-6.57935
-6.57518
-6.58101
-6.59421
-6.61384
-6.63684
-6.66213
-6.6816
-6.69659
-6.70527
-6.70702
-6.69944
-6.68773
-6.67493
-6.66301
-6.65735
-6.6594
-6.67377
-6.6956
-6.72735
-6.7662
-6.80724
-6.84189
-6.8712
-6.89036
-6.90116
-6.90248
-6.89262
-6.88135
-6.86372
-6.84113
-6.81849
-6.79074
-6.7631
-6.73113
-6.7031
-6.67729
-6.66357
-6.6611
-6.67243
-6.69346
-6.71639
-6.73642
-6.75281
-6.76957
-6.77582
-6.78019
-6.77862
-6.77398
-6.76582
-6.75331
-6.73637
-6.72144
-6.70473
-6.69143
-6.68506
-6.68443
-6.68807
-6.69556
-6.70675
-6.71677
-6.72805
-6.73992
-6.74782
-6.75906
-6.76969
-6.77583
-6.78323
-6.78419
-6.78099
-6.77128
-6.75425
-6.73334
-6.70994
-6.68203
-6.65648
-6.63222
-6.61401
-6.60422
-6.60102
-6.60633
-6.61846
-6.63578
-6.65423
-6.67778
-6.69984
-6.72043
-6.73597
-6.74438
-6.75058
-6.7501
-6.74949
-6.7494
-6.75503
-6.7649
-6.7734
-6.77823
-6.78233
-6.78458
-6.78112
-6.77553
-6.76646
-6.75562
-6.73845
-6.72056
-6.70358
-6.68803
-6.67496
-6.66986
-6.67149
-6.67721
-6.69232
-6.71458
-6.73831
-6.7618
-6.78329
-6.80428
-6.82227
-6.83122
-6.83424
-6.82829
-6.81597
-6.79798
-6.77419
-6.7483
-6.7227
-6.70007
-6.68412
-6.67573
-6.677
-6.68306
-6.69198
-6.7014
-6.71345
-6.72253
-6.72896
-6.73361
-6.73872
-6.7368
-6.73727
-6.73553
-6.73327
-6.7277
-6.72172
-6.71267
-6.7033
-6.69158
-6.67804
-6.66484
-6.65565
-6.64762
-6.64475
-6.64506
-6.64512
-6.6453
-6.64878
-6.65227
-6.65509
-6.66159
-6.67179
-6.68437
-6.70211
-6.72329
-6.74812
-6.77601
-6.80168
-6.82363
-6.84188
-6.85257
-6.8526
-6.84908
-6.83667
-6.82079
-6.80072
-6.77948
-6.76233
-6.74939
-6.7407
-6.73113
-6.72658
-6.72319
-6.72136
-6.71886
-6.71504
-6.70883
-6.7048
-6.69658
-6.68806
-6.67473
-6.66259
-6.6524
-6.64345
-6.64091
-6.64882
-6.66227
-6.68198
-6.70195
-6.72363
-6.73885
-6.74841
-6.75056
-6.75186
-6.74928
-6.74221
-6.73477
-6.72498
-6.71795
-6.71147
-6.70691
-6.70605
-6.70618
-6.70909
-6.71229
-6.71901
-6.72514
-6.73024
-6.73711
-6.74271
-6.74668
-6.75257
-6.75741
-6.76353
-6.77111
-6.77912
-6.78656
-6.79235
-6.79485
-6.79706
-6.7969
-6.79272
-6.79042
-6.78169
-6.77423
-6.76324
-6.74997
-6.73219
-6.71292
-6.68975
-6.66558
-6.64268
-6.62301
-6.60782
-6.60257
-6.60789
-6.61961
-6.64094
-6.66402
-6.68807
-6.7091
-6.72811
-6.74004
-6.74774
-6.74947
-6.74668
-6.74074
-6.72957
-6.71964
-6.70715
-6.69294
-6.68117
-6.67035
-6.66473
-6.66486
-6.66726
-6.67727
-6.68834
-6.7064
-6.72524
-6.74531
-6.76695
-6.78651
-6.80061
-6.80526
-6.80072
-6.7891
-6.77375
-6.75278
-6.73184
-6.71194
-6.69719
-6.69315
-6.69902
-6.71479
-6.7399
-6.7717
-6.80194
-6.83131
-6.85425
-6.8656
-6.86804
-6.86129
-6.84954
-6.83023
-6.80473
-6.77447
-6.74111
-6.70871
-6.67662
-6.64633
-6.62648
-6.61955
-6.62576
-6.64513
-6.66698
-6.69407
-6.72026
-6.74347
-6.76054
-6.77136
-6.77643
-6.77325
-6.7615
-6.74707
-6.73013
-6.70842
-6.68673
-6.66713
-6.65526
-6.64776
-6.64798
-6.65539
-6.67187
-6.68816
-6.70629
-6.72002
-6.72775
-6.73112
-6.72748
-6.72274
-6.71309
-6.69954
-6.68676
-6.67527
-6.66139
-6.64975
-6.63852
-6.62791
-6.61887
-6.61453
-6.6212
-6.63712
-6.66697
-6.70409
-6.74849
-6.79418
-6.83359
-6.86032
-6.87219
-6.87081
-6.85534
-6.82591
-6.78421
-6.73887
-6.69511
-6.66103
-6.63584
-6.62486
-6.62774
-6.64173
-6.66487
-6.69375
-6.72473
-6.75232
-6.77627
-6.79529
-6.80926
-6.81803
-6.82355
-6.82943
-6.83238
-6.83588
-6.83984
-6.83724
-6.82645
-6.80999
-6.78676
-6.76082
-6.73758
-6.71864
-6.70191
-6.69241
-6.69022
-6.69474
-6.70117
-6.7099
-6.71458
-6.71812
-6.71519
-6.70695
-6.69539
-6.68347
-6.67255
-6.66295
-6.65808
-6.65946
-6.66634
-6.67571
-6.68819
-6.69557
-6.70617
-6.71536
-6.72099
-6.72547
-6.72752
-6.72752
-6.72935
-6.73072
-6.73107
-6.7294
-6.72897
-6.72722
-6.7228
-6.71666
-6.71217
-6.70559
-6.69908
-6.68973
-6.6813
-6.68069
-6.68921
-6.70252
-6.71894
-6.73883
-6.75906
-6.77123
-6.77877
-6.78732
-6.7846
-6.78025
-6.7744
-6.76285
-6.75206
-6.73781
-6.72175
-6.70414
-6.6876
-6.67031
-6.65381
-6.63951
-6.62784
-6.6204
-6.61937
-6.62469
-6.63946
-6.66152
-6.68802
-6.72026
-6.74897
-6.78255
-6.81421
-6.84306
-6.8647
-6.87861
-6.88657
-6.8838
-6.87089
-6.84924
-6.82034
-6.78393
-6.7438
-6.70301
-6.66921
-6.64155
-6.62262
-6.61797
-6.62307
-6.63783
-6.65702
-6.68119
-6.7036
-6.72499
-6.74287
-6.75338
-6.75753
-6.74982
-6.73769
-6.72393
-6.70908
-6.70257
-6.702
-6.71414
-6.73209
-6.7546
-6.77747
-6.79511
-6.80697
-6.81223
-6.81325
-6.80468
-6.79443
-6.78202
-6.77104
-6.75959
-6.74498
-6.72848
-6.70884
-6.69168
-6.67652
-6.66905
-6.66662
-6.66804
-6.67517
-6.68317
-6.69077
-6.69753
-6.70164
-6.70801
-6.71834
-6.72549
-6.73322
-6.7427
-6.74788
-6.75322
-6.75345
-6.74978
-6.74563
-6.74031
-6.7358
-6.73644
-6.74173
-6.75093
-6.76009
-6.77213
-6.77819
-6.77912
-6.77594
-6.76218
-6.7463
-6.7294
-6.7118
-6.70107
-6.69785
-6.70447
-6.71582
-6.72918
-6.73623
-6.74105
-6.73835
-6.7254
-6.70669
-6.68787
-6.66901
-6.65581
-6.64513
-6.64367
-6.64444
-6.65228
-6.66126
-6.66953
-6.67466
-6.67438
-6.67199
-6.66339
-6.65512
-6.65349
-6.65692
-6.66683
-6.68241
-6.6981
-6.70833
-6.71189
-6.70913
-6.70179
-6.69482
-6.69138
-6.69242
-6.69827
-6.70871
-6.72061
-6.73628
-6.75038
-6.76264
-6.77317
-6.78372
-6.79396
-6.80684
-6.81732
-6.82838
-6.83555
-6.84328
-6.84755
-6.85035
-6.84949
-6.8471
-6.83993
-6.82612
-6.80611
-6.78037
-6.7494
-6.71284
-6.67928
-6.64964
-6.62723
-6.6145
-6.61409
-6.62181
-6.63481
-6.65126
-6.66925
-6.68448
-6.69841
-6.71056
-6.71752
-6.72303
-6.72797
