0.8231980526
0.8229196277
0.819778966
0.813844847
0.805967218
0.7974939813
0.7899266413
0.7844887923
0.7816862271
0.7812567829
0.7823643398
0.7840158624
0.7853205179
0.7855904988
0.7845355887
0.7820486345
0.7782308924
0.7733526138
0.7676949148
0.7616004481
0.7554864582
0.7497375923
0.7448132248
0.7413011668
0.7398282432
0.7408975782
0.7448100785
0.7516523418
0.7614331774
0.7739893756
0.7888505239
0.8050746401
0.8214919446
0.8368468638
0.8498823162
0.8594026016
0.8642531599
0.8636046555
0.8573652555
0.8461800708
0.8314921373
0.8153346243
0.7999679569
0.7874594483
0.7792040488
0.7755862001
0.7759013518
0.7786345227
0.7820300177
0.7848466379
0.7867784009
0.7884185427
0.790778047
0.7945538653
0.7995830053
0.8047886883
0.8085644922
0.8092876967
0.8058085186
0.7978313888
0.7861937012
0.7728725878
0.7604558992
0.7515062067
0.7478753656
0.750284336
0.7582857116
0.7705666939
0.7852731702
0.8005096934
0.8146429953
0.8265287492
0.8355219519
0.8414406771
0.8444417651
0.8448277496
0.8428668988
0.8387738668
0.8326268847
0.8243598849
0.8138576291
0.8011070289
0.7863336046
0.7700490448
0.7530657254
0.7363368896
0.7206587283
0.7066699535
0.6947171592
0.6850017751
0.6776820421
0.6729027403
0.6707199258
0.6711629243
0.6743379832
0.680569115
0.6905009624
0.704987402
0.7248248027
0.7502577739
0.7805500586
0.8139173174
0.8477723364
0.8790706915
0.9050096529
0.9234729845
0.9332685026
0.9341760668
0.9267743597
0.9122481858
0.8921700737
0.8685673475
0.8435526766
0.8192602468
0.7975804418
0.779914565
0.7669301551
0.758499254
0.7539863629
0.7525732456
0.7535454731
0.7565105794
0.7612271514
0.7673717141
0.7742410956
0.7807164054
0.785622391
0.7881999029
0.7883824445
0.7868423103
0.7847912231
0.7836654764
0.7848918022
0.7894628508
0.7976195107
0.8086138581
0.8207329931
0.8316795776
0.8392179568
0.8418611764
0.8392543362
0.8321544565
0.8219433681
0.8100514182
0.7975421012
0.7850090848
0.7726936496
0.7607446922
0.7493593867
0.7388867652
0.7298200176
0.7228144164
0.7185211851
0.7174334602
0.7197181703
0.7253413206
0.7342918537
0.7467128973
0.7626066618
0.7814004575
0.8017076719
0.8214008742
0.8382461272
0.8505944972
0.8578302585
0.8602436496
0.85844501
0.8531127423
0.844807669
0.8343671098
0.8231233526
0.8127804022
0.8048933637
0.8002430868
0.7985227283
0.79856349
0.7987273088
0.7974892473
0.7937423251
0.7870488339
0.7777363826
0.7669723466
0.7567237053
0.7493958949
0.7471857282
0.7513707365
0.7618612533
0.7772154672
0.7952340617
0.8135036263
0.829891876
0.8426167712
0.8502185111
0.851609261
0.8461410122
0.8337832832
0.815221852
0.7918899272
0.7659009353
0.7399932412
0.717316175
0.7011161787
0.6940169378
0.697136872
0.7093576323
0.7274196586
0.7468332156
0.7633278019
0.7739975148
0.7780185689
0.7764309103
0.771573988
0.7662282716
0.7627604317
0.7626342849
0.7661831551
0.7727490336
0.7810087681
0.7893674591
0.7963150064
0.8008646805
0.802656409
0.8018969415
0.7990877939
0.794813219
0.7893622723
0.7828742331
0.7755009882
0.7676713573
0.7603897485
0.7552147737
0.7536882574
0.7566909965
0.7638665482
0.7736255454
0.7835630249
0.7910986111
0.7942882133
0.7921461404
0.7849518554
0.7742095242
0.7623633222
0.7524785816
0.7478357589
0.7511837265
0.7636041236
0.7836307682
0.8076572697
0.8313728774
0.8510263377
0.8640469927
0.8690771549
0.8660288109
0.8560670832
0.8415583655
0.8258340473
0.8125483984
0.804717294
0.8038668181
0.8096092836
0.8200028112
0.8323163086
0.8438252203
0.8523506377
0.8564566215
0.85552741
0.8497967163
0.8403772038
0.8290924343
0.8181253829
0.8094066664
0.8039316566
0.8014657849
0.8007263619
0.8000742293
0.7981339512
0.7943071954
0.7889114828
0.7829667876
0.7775757667
0.7732443141
0.7697733221
0.7665048049
0.7628994097
0.7587163811
0.7540086367
0.7491590509
0.7447346501
0.74137658
0.7395600464
0.739352312
0.7405201271
0.7425558872
0.744756498
0.7465067534
0.7477700582
0.7495813146
0.7541829812
0.7639895111
0.7798996797
0.8003525884
0.8220769957
0.8416358407
0.8564220957
0.8647767211
0.8659705719
0.8604322674
0.8497639079
0.8362840846
0.8220665293
0.8083708598
0.795751759
0.7846512185
0.7758470326
0.7703931984
0.7691365498
0.7721715795
0.7785177638
0.7862927413
0.7930511741
0.7963269226
0.7942066459
0.7857325094
0.7713906482
0.7533092648
0.7351122992
0.7211695102
0.7151223697
0.7185590743
0.7304849342
0.7478513536
0.7666516327
0.7831911759
0.7950114702
0.8013364843
0.803167316
0.8028137258
0.8030892852
0.8062628769
0.8129745236
0.8219709104
0.8306428234
0.8363741514
0.8377569194
0.8350517871
0.8299545428
0.824769614
0.8214651906
0.8209807105
0.8231630657
0.8270947358
0.831576863
0.8354137316
0.837543204
0.8371028888
0.8332771811
0.8254474533
0.8133438634
0.7972448631
0.7781752361
0.7580616545
0.7395393348
0.725520204
0.7182733587
0.7185392557
0.7252771303
0.7364129875
0.7498517638
0.7639630613
0.777422154
0.7890384949
0.7977722733
0.8029990877
0.8044214313
0.8020669943
0.7962224108
0.7875115574
0.7769536587
0.7659540711
0.7561905984
0.7492753057
0.7464038814
0.7480103032
0.7536279515
0.7620250559
0.7716051234
0.7807588265
0.7883045264
0.7936728724
0.7969934968
0.7988108424
0.7995721965
0.7994206862
0.7982246749
0.7959460304
0.7929447494
0.7900863863
0.7885676406
0.7896272431
0.7941457447
0.8024189173
0.8140015956
0.8276885022
0.8416843102
0.8542335666
0.8640962369
0.8706994127
0.8737990543
0.8731665182
0.8682715183
0.8585970877
0.8442058933
0.8260621404
0.8061845088
0.7872764739
0.7719926489
0.7621314821
0.7580628499
0.759073766
0.7639615867
0.7715297051
0.7807138286
0.7902436445
0.7985449838
0.8038466674
0.8044715251
0.7994065544
0.7888101817
0.774119089
0.7577188218
0.7422360498
0.7300199949
0.7228926052
0.7219186126
0.7272622366
0.73820026
0.7531623674
0.7700698222
0.7868280295
0.8016677568
0.8132808491
0.8210137047
0.8250779687
0.8264595704
0.8265320975
0.8266375268
0.8278448872
0.8309370399
0.8363261805
0.8438206427
0.8524001091
0.8602840399
0.865405015
0.8659542381
0.8609374141
0.8503776735
0.8353291338
0.8176433401
0.7995741293
0.7833971278
0.7710337539
0.7635154168
0.7607899666
0.7617340097
0.7647253976
0.7684171868
0.7721306753
0.7757965835
0.7795180972
0.7831915878
0.7865353005
0.7893625344
0.7919038081
0.7947109241
0.7984334971
0.8033331532
0.8091039535
0.8150426863
0.8203689769
0.8244459654
0.8266849878
0.8265604077
0.8238809377
0.8189582849
0.8124780388
0.8049204757
0.7963180477
0.7864514313
0.7756929445
0.7654328963
0.7576035366
0.7535325118
0.753089265
0.7551497972
0.758537903
0.7624974723
0.7667782347
0.7714371094
0.7765950228
0.7824532184
0.7892438565
0.7970062925
0.8057115203
0.8153600904
0.8259454897
0.836988969
0.8472058105
0.8547637507
0.8578387566
0.8551644081
0.8463625351
0.8319522977
0.8132170731
0.7921537691
0.771307703
0.7533602625
0.7405750198
0.7342820031
0.7346128374
0.7406713561
0.7510124628
0.7638867274
0.7775560536
0.7903557259
0.8008396431
0.8078391897
0.8105647681
0.8086645272
0.8025793028
0.7933867346
0.7825872551
0.7717403193
0.7622274216
0.7550731984
0.7510423214
0.7509029094
0.7555136165
0.7654972194
0.7807481965
0.7997972787
0.8198224088
0.8376608962
0.8509162418
0.8587930577
0.86213569
0.8627417823
0.8622735001
0.8615389114
0.8603917157
0.8583135616
0.854857496
0.8498182847
0.8430650623
0.8344302201
0.8237575857
0.811078285
0.7967420938
0.7815474693
0.7665858856
0.7529996248
0.7419403538
0.7344996745
0.7316442041
0.7336858551
0.7398172662
0.7481525538
0.7562864526
0.7620555062
0.7641667994
0.7624145532
0.7576635261
0.7515206719
0.745913116
0.7426311171
0.7428831887
0.7471261644
0.7549102779
0.7650644596
0.7760155757
0.7862249552
0.794593977
0.8009052103
0.8057791946
0.8102440995
0.8151760478
0.8206674579
0.8260616052
0.8303880183
0.8328545046
0.8330641854
0.8311199053
0.8274662974
0.8225043489
0.816365425
0.8090413148
0.8006336711
0.7916733546
0.7831696475
0.7763698873
0.7723305485
0.7714156237
0.7731287549
0.7763452971
0.7798489636
0.7829003178
0.7854480535
0.7879593938
0.7910548765
0.7950140314
0.7993147795
0.8028002059
0.8043293603
0.8035762616
0.8012964296
0.7988341811
0.7970859851
0.7958266138
0.7939362179
0.790216263
0.7843146979
0.7772931841
0.7713234898
0.7687948367
0.771234492
0.7785650903
0.7892807338
0.8011567968
0.8119579285
0.8200770649
0.8246361428
0.8254714533
0.8230329668
0.8180939569
0.8117293053
0.8050892295
0.7994834619
0.7958953206
0.794631153
0.79517766
0.7963523976
0.7969231826
0.7960540664
0.7936694356
0.790372307
0.7873391196
0.7859444943
0.7872812622
0.7917867332
0.7990873386
0.8082044674
0.817895602
0.8269515058
0.8343064996
0.8390318562
0.8403749317
0.8378276389
0.8313082103
0.821399335
0.8093603974
0.7971073916
0.7867729178
0.779993825
0.7772994632
0.7779809366
0.7804982286
0.7832171063
0.7850194386
0.7853484766
0.7841447555
0.7815163867
0.7777391556
0.7734263317
0.7695729255
0.7673509909
0.7676922654
0.7708456671
0.7761797677
0.7823460503
0.7878325385
0.7914805544
0.7928476182
0.7923743525
0.7910623824
0.7901233027
0.7904807686
0.7926029884
0.796427138
0.8015436687
0.8070773652
0.8120137177
0.8155839394
0.8176663117
0.8186279498
0.8188407555
0.8180501833
0.8154496062
0.8101688369
0.8019512448
0.7915213028
0.7803677289
0.7703414845
0.7631555023
0.7599658325
0.7613679957
0.7673590701
0.77743755
0.7905282618
0.8050683387
0.8192556817
0.8313054187
0.8397955115
0.8438791279
0.8432677586
0.8382826966
0.8296918133
0.8187901522
0.8072094196
0.7966291497
0.7881920949
0.7822693876
0.7784310253
0.7759146437
0.7741420426
0.7729186833
0.772083346
0.7711746555
0.7695689296
0.7670855591
0.7642578048
0.7623242259
0.7627647769
0.7667178119
0.7746069653
0.7859569341
0.7992591985
0.8123569913
0.8228685435
0.828776272
0.8289982466
0.8238066604
0.8149752997
0.805017959
0.7958657147
0.7878652641
0.7800412637
0.7714153088
0.7620537847
0.7534401425
0.7482152944
0.7492124791
0.7579368817
0.7735591471
0.7931234067
0.8128530457
0.8296404061
0.8418146948
0.8490106235
0.8517422281
0.8508371509
0.847079248
0.8410351408
0.8328940603
0.822702651
0.8107073606
0.7975343928
0.7842754829
0.7721315727
0.7620417452
0.754306658
0.7485639549
0.7440739148
0.7401914428
0.7367877568
0.7343388512
0.7338360299
0.7363634086
0.7425400951
0.7521067531
0.7639158814
0.7764003315
0.7880367
0.7975189097
0.80360534
0.8051954045
0.8016754286
0.7933599325
0.7815985536
0.7687851099
0.7577908498
0.7512521724
0.7508969007
0.7571799013
0.7691438659
0.7846658795
0.8009897946
0.8152845647
0.8250744482
0.8285641326
0.8248948078
0.814186884
0.7976757981
0.7777152989
0.7575163958
0.740618898
0.7301024263
0.7279529157
0.7346551327
0.7492216882
0.7695375431
0.7927914375
0.8160146115
0.8364754839
0.8520424703
0.8614955503
0.8646311113
0.8621158823
0.8552511806
0.8455416015
0.8342396475
0.8222486776
0.8102523897
0.7990488837
0.7897999221
0.7838668954
0.7824636488
0.7861082524
0.7943863369
0.8058319723
0.8180893574
0.8283619823
0.834058258
0.8335504912
0.8266825235
0.814962854
0.8009271675
0.7876410507
0.7780143382
0.7742233809
0.7772480506
0.7865348259
0.8002011405
0.815442209
0.8292442971
0.8390354256
0.8430777426
0.8407452987
0.8325006661
0.8197449493
0.8044757863
0.7887103042
0.7741864873
0.7620661178
0.7529988146
0.7473769035
0.74546754
0.7473223601
0.7525634138
0.7601183256
0.7683189824
0.775392526
0.7799960945
0.7816077109
0.7805362783
0.7775398627
0.7734353823
0.7689223119
0.7642828996
0.759646277
0.7551692479
0.7511498898
0.7480409247
0.7463018264
0.7464309606
0.7489671161
0.7542713612
0.7623678725
0.7727053471
0.7841243346
0.7952136616
0.8047417488
0.8121369392
0.8176481724
0.8217527492
0.8244353404
0.8249342777
0.822340334
0.8161766942
0.8068368574
0.795362849
0.7832463228
0.772222163
0.7640617001
0.7604354405
0.7626264772
0.7710979128
0.7851914242
0.8030200357
0.8218734129
0.8389387253
0.8518907862
0.8593490535
0.8609982103
0.8576202806
0.8507563146
0.8422228863
0.833621072
0.8258484439
0.8190124689
0.8126196077
0.8060024604
0.7987263869
0.7908671765
0.78295362
0.7760026736
0.7713963706
0.7706491459
0.774670573
0.7831605453
0.7944257183
0.8059738968
0.8153648824
0.8208734871
0.8217189066
0.8181861713
0.8113868555
0.8028669607
0.7939988693
0.7854264121
0.7770388587
0.7683062966
0.7589246349
0.7491940352
0.7398697606
0.7319882211
0.7265045988
0.7239541848
0.7244430989
0.7276583248
0.7330806335
0.740314529
0.7490879604
0.759137207
0.7701109145
0.781429893
0.7922181102
0.8013998701
0.8077927042
0.8103950629
0.8086851449
0.802710121
0.7931395625
0.781243855
0.7688363579
0.7580472982
0.7510465482
0.7495935358
0.7547334776
0.7665965966
0.7843336925
0.806297935
0.8301524506
0.8531408556
0.8724089877
0.8854267473
0.8901473085
0.8852805096
0.8704792912
0.8463124822
0.8145825212
0.7785726583
0.7432266019
0.7145306707
0.6975485098
0.6940752133
0.7022829421
0.7184430365
0.7387576484
0.7601192868
0.7801278357
0.7971520731
0.8104333326
0.819973828
0.8264949801
0.831130342
0.8348849595
0.8384503438
0.8419176066
0.8449029988
0.8467166521
0.8466049508
0.8440720572
0.8389861299
0.831440222
0.8215543311
0.8094850972
0.7957500577
0.7816128906
0.7691124802
0.7604035161
0.7568987199
0.7585877513
0.7641264472
0.7716543987
0.7796962867
0.7875617179
0.7947347135
0.8003207265
0.8031922702
0.8025501239
0.7983167585
0.7910465494
0.7817313452
0.7715521588
0.7619129054
0.7540956341
0.7489165908
0.7463108505
0.7454638476
0.7452891689
0.7450799905
0.7448570246
0.7454398426
0.7480281805
0.7537198869
0.7630285418
0.7756504473
0.7905747794
0.8063723985
0.8214952521
0.834465645
0.8440302894
0.8492915447
0.8499817208
0.8465591589
0.8401847242
0.8322735713
0.824034701
0.816216677
0.8090673881
0.8027190062
0.7974905351
0.7939808073
0.7927796294
0.7939551542
0.7965825324
0.7990462717
0.7995318429
0.7967998954
0.7906447026
0.7819764193
0.7725105071
0.7640115741
0.757786094
0.7543398258
0.7535605648
0.754943769
0.7579876069
0.7623669502
0.767950691
0.7747985793
0.7828502907
0.7916184017
0.8001036807
0.8071234297
0.8118232245
0.8141818414
0.8150839134
0.8157996417
0.8173641367
0.8198263573
0.8221460142
0.822771504
0.8204746981
0.8149235906
0.8068997567
0.7978812873
0.7895408795
0.7830311266
0.77872488
0.7762234753
0.7746818869
0.77315614
0.7709589107
0.7678236247
0.763677737
0.7586047278
0.7528936423
0.747085817
0.7420206698
0.7385380925
0.7372017809
0.7379699855
0.740278881
0.7433210383
0.7465075563
0.749822737
0.7537009755
0.7586846743
0.7650716477
0.7727414956
0.7811495168
0.7893829875
0.7964143696
0.8014855519
0.8043305014
0.805175833
0.8047271571
0.8040310249
0.8040335944
0.8052744898
0.807756768
0.8111035714
0.8149078096
0.8190572331
0.8235935506
0.828650306
0.8341918242
0.8398988239
0.8451941213
0.8493886816
0.8517626158
0.8517619401
0.8489202849
0.8428105621
0.8330448658
0.819331733
0.8017109313
0.7807069925
0.757552924
0.7341523752
0.7128617917
0.6960996912
0.6859069889
0.6835931234
0.6895105337
0.7030054739
0.7224936498
0.7457329166
0.7702608455
0.7937188291
0.8139486595
0.829251025
0.8384342459
0.8409187787
0.837060274
0.8283213835
0.8171226398
0.8062770417
0.7979280909
0.792876723
0.7907598045
0.790998126
0.7935439018
0.7989033935
0.8074102671
0.8184640237
0.8302572128
0.8404500336
0.8469894752
0.8488125809
0.8459860841
0.8394355002
0.8304017976
0.8199636993
0.8088984442
0.7978776115
0.7878552754
0.7799648551
0.7752633807
0.7742399376
0.7766915938
0.7819996421
0.7894083101
0.7982604931
0.8080456314
0.8182353983
0.8282228286
0.8372326693
0.8441966982
0.8479154887
0.8473133067
0.8417705295
0.8313708473
0.8169407916
0.8000464223
0.7828492073
0.7676370925
0.7563496795
0.7502701405
0.7495707466
0.7530898875
0.7585929023
0.7638276141
0.767440736
0.7694266415
0.7707329059
0.7724817996
0.7752948929
0.7793415421
0.7846876725
0.7915576902
0.8000742724
0.8098381077
0.8196223496
0.8276081219
0.8320187163
0.8317673778
0.8268805911
0.8185606151
0.808889253
0.8000567568
0.7935271291
0.7895027689
0.7868612505
0.7838089876
0.7789123993
0.7716343216
0.7623661503
0.7520997142
0.7421278813
0.7339748496
0.729279265
0.7295181393
0.7356244335
0.7477197156
0.7650736562
0.7860198766
0.8081412551
0.828590311
0.8448488317
0.8554134866
0.8603254425
0.8608674846
0.8589826033
0.8564512419
0.8542607806
0.8524888797
0.8504163387
0.8469921491
0.8415189754
0.8341205678
0.8259148645
0.8185618323
0.8135867827
0.8116209066
0.8122150314
0.8139460575
0.814974836
0.8135291345
0.8085323555
0.799899984
0.7886734476
0.776822245
0.7664442591
0.7587400106
0.7534260369
0.7493676411
0.7456793818
0.7422940591
0.7399097795
0.7394877037
0.7419670247
0.7481536382
0.7583840011
0.7720994038
0.787859905
0.8037104133
0.8178414977
0.8291330819
0.8372206907
0.8423366964
0.84499318
0.845699101
0.8446777907
0.8418275331
0.8367456164
0.8289892196
0.8183417858
0.8050070236
0.7898166071
0.7742132647
0.7600849795
0.7492079328
0.7427913371
0.7411726267
0.7436959145
0.7491981046
0.756458447
0.7645792581
0.7729927788
0.7812822206
0.7889210423
0.7951446841
0.7989902311
0.7995084422
0.7959799401
0.7881653264
0.7765729601
0.7625959506
0.7485417399
0.7374824001
0.7324291637
0.7351506143
0.745328425
0.7606196548
0.777782942
0.794099314
0.807940626
0.818888597
0.827388432
0.8342296349
0.8402137343
0.845759243
0.8506561679
0.854108117
0.8547685744
0.8512016946
0.8425474802
0.8290063101
0.8120734037
0.7940040567
0.7771657822
0.7634766098
0.7542784727
0.7503217279
0.7516772821
0.7577146026
0.7673486599
0.7792628475
0.7921256379
0.8047780733
0.8161902254
0.8253794998
0.8313593867
0.8330618781
0.8295887057
0.8205305914
0.8063031998
0.7884179289
0.7695323204
0.7530662425
0.7422565374
0.7390701346
0.7434797182
0.7538120232
0.7677999314
0.7834634546
0.799363245
0.8143595447
0.8271829039
0.8362488246
0.8398106373
0.8365362135
0.8262074049
0.8101902008
0.7911695274
0.7724871039
0.7571780605
0.7471513992
0.742722647
0.74272231
0.7450982675
0.7477633137
0.7492673474
0.7491905145
0.7481038633
0.7472790514
0.7481444512
0.7518401629
0.7589383965
0.7692221676
0.7818079885
0.7955162622
0.8090830882
0.8213153573
0.8310440907
0.8371772004
0.8389573435
0.8363755583
0.8305159842
0.8233584314
0.8172530574
0.8141447113
0.814952894
0.8191114075
0.8247708827
0.8293766443
0.8303441917
0.8259198556
0.8157529596
0.8010664942
0.7843516182
0.7685402996
0.7559660602
0.7476823139
0.7434176661
0.7420327219
0.7422136362
0.7430547194
0.744379989
0.7467086329
0.7508841144
0.7577183136
0.7675108671
0.7798614801
0.7936278366
0.807214169
0.818933822
0.827421283
0.8318861775
0.8321303556
0.828463007
0.8216593066
0.8128921918
0.8036646018
0.7957669722
0.7908648433
0.7899482134
0.7928113522
0.7980137058
0.8033523985
0.8065895177
0.8060967329
0.8011531513
0.7920276736
0.7798916598
0.7667023822
0.7548436908
0.7466213406
0.7436216411
0.746219668
0.753350825
0.7628172572
0.7719554255
0.7782475246
0.7800573729
0.7769955856
0.7698034974
0.7600772032
0.7497264009
0.7405695728
0.7339705074
0.7307466952
0.7312312562
0.7353135241
0.7424736402
0.7519520517
0.7629582515
0.7750280001
0.7881610664
0.802814194
0.8194282848
0.8381354455
0.8583418494
0.8786101005
0.8966386435
0.909736493
0.9155220407
0.9125474661
0.9004885127
0.8800706967
0.8529949042
0.8218457812
0.7899087933
0.7609266327
0.7385057499
0.7253868439
0.7226832833
0.7296291541
0.7439814541
0.7625921088
0.7822263193
0.8000730935
0.8140993898
0.823180338
0.8270541719
0.8262320637
0.8218639894
0.8156164327
0.8092722841
0.8046665416
0.803353247
0.8061983837
0.813081949
0.8227755156
0.8332354676
0.8422733585
0.84790399
0.8486184796
0.8435725902
0.8325465092
0.8160173993
0.795345165
0.7728066193
0.751264843
0.7333476402
0.7207333376
0.7139085093
0.7124867012
0.7156759845
0.7225894101
0.7323209155
0.7440007407
0.7570069062
0.7708497435
0.7849273882
0.7982933403
0.8100323512
0.8197140816
0.8273118448
0.8330001572
0.8367360611
0.8382002281
0.8369245354
0.8324951023
0.8245445169
0.8127978385
0.7973136763
0.7789126779
0.7594923452
0.7419417754
0.729548588
0.7249741279
0.7293334559
0.7417482396
0.7597466773
0.7801964544
0.8002285012
0.8177148903
0.8313433881
0.8406120307
0.8457797351
0.8477975785
0.8477790106
0.8465462628
0.8444226623
0.8413207404
0.8369109129
0.8310380765
0.8238423526
0.8157271846
0.8072110643
0.7987356546
0.7904791378
0.7823237002
0.7741217022
0.7658671605
0.7578844958
0.7506417079
0.7444404904
0.7392972948
0.7350628535
0.7316823908
0.7294251305
0.7289230156
0.7308880536
0.7358083686
0.7436986145
0.7539855819
0.7655545735
0.7770212431
0.7869048058
0.7939459556
0.7971933438
0.7960671551
0.7904636312
0.7808116283
0.7683112144
0.7549864355
0.7434785789
0.7367654334
0.7375631083
0.747510344
0.766500534
0.7923279314
0.8209805107
0.8476316611
0.8677477201
0.8782690755
0.8782539065
0.868944681
0.8535309004
0.8362659628
0.8211643221
0.8106811862
0.8054079671
0.8043855989
0.8061345752
0.8092651317
0.8126203505
0.8152609601
0.8164321028
0.8155473699
0.8122628856
0.8065111963
0.7987284595
0.7899713726
0.7818629368
0.775981368
0.7733328661
0.7739453261
0.7772384445
0.7825333223
0.7892743037
0.7968484709
0.8042969166
0.810333448
0.8135793184
0.8130386096
0.8085723204
0.8010928827
0.7924058124
0.7845629
0.7790799656
0.7762648847
0.7752861918
0.7748372334
0.7738287055
0.7720286788
0.7699186125
0.7681349867
0.7668941439
0.7660641986
0.7655632556
0.7656999948
0.7670448104
0.7699062382
0.774007269
0.7783883185
0.7819195608
0.7836970437
0.783279529
0.7809441464
0.7774372483
0.7738263216
0.7711596123
0.7702459655
0.771552027
0.7751925496
0.7809186796
0.7880205872
0.7953890709
0.8016649929
0.805699411
0.807075653
0.8062937198
0.8043072973
0.8017422111
0.7982780267
0.7929058281
0.7849459986
0.7750584285
0.7654290031
0.7589322946
0.7576683338
0.7619686829
0.7704607048
0.7809436558
0.7916340455
0.8017467424
0.8114804083
0.8215217764
0.8323560925
0.8438113259
0.8548033159
0.8636133558
0.8685805781
0.8688206438
0.8646662885
0.8575397574
0.8494938594
0.8423637976
0.837323847
0.8349417376
0.8353838655
0.838691373
0.8445343265
0.851850553
0.8588308606
0.8631626157
0.8627751323
0.8564176011
0.8439132482
0.8261333775
0.8048533229
0.7825545838
0.7619606116
0.7453919802
0.7341087453
0.7279317276
0.725486619
0.7249615089
0.7250227249
0.7253549441
0.726597795
0.7296599257
0.7349490285
0.7419364884
0.7495025456
0.7567400573
0.7632515635
0.769281167
0.7754197372
0.7823413455
0.7904257985
0.7996039517
0.8091233379
0.8176659534
0.8236929671
0.8259705204
0.8240091843
0.8181215998
0.8092445035
0.7987219046
0.7879332789
0.7781778945
0.7705106839
0.7656801025
0.7639562826
0.7651143046
0.7683833105
0.7726001665
0.7765016995
0.7791364443
0.7799801819
0.7789387296
0.7762805538
0.7725114315
0.7683553956
0.7647299767
0.7625853065
0.7626024186
0.7649822616
0.769252861
0.7745149179
0.7796728878
0.7838249041
0.78643058
0.7874485337
0.787364169
0.7871496707
0.7880309443
0.7912111314
0.7972825195
0.8060205281
0.8163571448
0.8267371473
0.8356794493
0.8421276731
0.8456264745
0.8463132694
0.8448379124
0.8423568368
0.8402629286
0.83973597
0.841114183
0.8435706239
0.8453490273
0.844316183
0.8387686054
0.8281116384
0.8129589785
0.7948030311
0.7754982384
0.7568858647
0.7406111711
0.7280967453
0.720372223
0.7177777072
0.7196557528
0.7245278665
0.730615588
0.7364290031
0.7411571562
0.7446588996
0.7472804552
0.7495799656
0.7521555358
0.7557731021
0.7615035561
0.7705796696
0.7837429091
0.8004870889
0.8187769439
0.8358030531
0.8490919579
0.8571994631
0.8597980547
0.8572527746
0.8502660201
0.8396705135
0.8264669794
0.8118405353
0.7971382964
0.783665423
0.7724500185
0.7641960371
0.7592641381
0.7577440816
0.7594141399
0.7637692669
0.7700544704
0.7774857003
0.7852664355
0.7927533912
0.7995346537
0.8053138916
0.8098150369
0.8127482206
0.8138416227
0.8128847419
0.8098441794
0.8049832579
0.7988634568
0.7923298656
0.7862016471
0.7809916113
0.7769088441
0.773939014
0.7720993737
0.7714067725
0.7718542404
0.7734224039
0.7760729417
0.7798372031
0.784639354
0.7902033931
0.7960744902
0.8016576266
0.8064497101
0.8100237397
0.8121900109
0.8128571806
0.8119362275
0.8092314513
0.8044954663
0.7977131676
0.7893256776
0.7805316998
0.7732538758
0.7696069833
0.7711828857
0.7782239894
0.7893915868
0.8020689361
0.8131569479
0.8199767953
0.8208992855
0.8156876807
0.8053445352
0.7916906593
0.7767140895
0.7620914567
0.7489957156
0.7383213582
0.7308642474
0.7273946379
0.7283367978
0.7335335546
0.742116329
0.7528208818
0.7642916103
0.775433686
0.7856999405
0.7951109636
0.804101627
0.8133147204
0.8231700072
0.8336365592
0.8441985128
0.8539593712
0.8619377177
0.8673799607
0.86988911
0.8694401164
0.8663844805
0.8611925894
0.8542771514
0.8457371104
0.8353868984
0.822919161
0.8083016952
0.7920805885
0.7750993147
0.7581884888
0.7417723365
0.7258800309
0.7105529621
0.6963746908
0.6848529885
0.6783042611
0.6792840403
0.6891976176
0.7070775271
0.7295131495
0.7521671261
0.7715118547
0.7856723303
0.7942538547
0.7977697517
0.7971051377
0.7932513158
0.7871640987
0.7800019164
0.7732359488
0.7688472979
0.7691243263
0.7758591648
0.7893726241
0.8079738545
0.8284228089
0.8471107946
0.8610604569
0.8685668258
0.8693164107
0.864178476
0.8548782656
0.8435886023
0.8323922056
0.8228180955
0.8155161384
0.8103432452
0.8065370769
0.803164112
0.7994865588
0.7954850255
0.7919256745
0.7901287917
0.7914956646
0.79673547
0.8053497738
0.8156399435
0.8255084628
0.8331414652
0.8376861884
0.8391355911
0.8380176478
0.8349905162
0.8306194646
0.8250825018
0.8182338805
0.8096200074
0.7987267259
0.7853047226
0.7696606043
0.7527186686
0.7358157342
0.7204299579
0.7079122319
0.6992549198
0.6950298448
0.6954517066
0.7005057721
0.7099302101
0.7230427823
0.7386588442
0.7550703351
0.7704298528
0.7831215514
0.7921482558
0.7973413371
0.7992613366
0.798908479
0.7973699961
0.7955224339
0.7938387019
0.7925479365
0.7917780294
0.7917668438
0.7929187733
0.7955373825
0.799671834
0.8049307927
0.8105880196
0.815740482
0.8195625062
0.8214592245
0.8212643098
0.8192044603
0.8159653926
0.8125759117
0.8098710301
0.8081113339
0.806851244
0.8052472437
0.8028642519
0.8000863951
0.7980727373
0.7981150538
0.800983438
0.8066227526
0.8140326777
0.8216781501
0.827739274
0.8303292495
0.8275706198
0.8180546661
0.8015445286
0.7795399114
0.7553494063
