-6.718354226
-6.71787092
-6.712064738
-6.700534168
-6.689175175
-6.67812306
-6.665396271
-6.657946544
-6.655103328
-6.655080296
-6.658833525
-6.661642411
-6.662185557
-6.663699615
-6.663524535
-6.658611193
-6.652379635
-6.644280633
-6.637645382
-6.627822459
-6.619329781
-6.610148728
-6.601959264
-6.595336824
-6.59315638
-6.595496559
-6.602123075
-6.614772411
-6.62890447
-6.646187855
-6.671994037
-6.696118886
-6.720348455
-6.741498791
-6.760926571
-6.775555413
-6.782045688
-6.779249022
-6.769732916
-6.752633884
-6.730556326
-6.706281556
-6.6845002
-6.666625926
-6.651702684
-6.646940845
-6.648537863
-6.656092153
-6.661161631
-6.665250563
-6.668691324
-6.6698929
-6.674261004
-6.679824708
-6.689430555
-6.696818851
-6.702777416
-6.700378797
-6.694802488
-6.681873548
-6.665301798
-6.64429983
-6.625706618
-6.614272389
-6.607771618
-6.611956174
-6.622765347
-6.641685189
-6.663950272
-6.687387598
-6.709288281
-6.726063256
-6.738121642
-6.746870157
-6.751280729
-6.750517353
-6.7472427
-6.739497106
-6.729318878
-6.715943055
-6.701470419
-6.681694598
-6.660235154
-6.637260897
-6.611109733
-6.582886943
-6.561206053
-6.542130359
-6.52420116
-6.511270303
-6.501315744
-6.493883131
-6.493591649
-6.494651095
-6.497577578
-6.508077744
-6.523272557
-6.547377276
-6.577651457
-6.615636251
-6.663622046
-6.715880976
-6.76454984
-6.810224235
-6.846839286
-6.874264705
-6.8895571
-6.889611761
-6.874435383
-6.854283161
-6.822843364
-6.789022767
-6.749201302
-6.715951649
-6.681361122
-6.655540352
-6.636124933
-6.622820926
-6.617223416
-6.615827138
-6.616635289
-6.62265588
-6.628353978
-6.636768762
-6.646125581
-6.65567741
-6.661105267
-6.665244304
-6.664227918
-6.661750048
-6.658384704
-6.658574134
-6.661511822
-6.668589105
-6.681647702
-6.699418799
-6.717583482
-6.733312223
-6.743637375
-6.747780489
-6.743117802
-6.730605239
-6.714943779
-6.697603341
-6.678805402
-6.658732284
-6.638684738
-6.621154855
-6.604508121
-6.58865167
-6.575636495
-6.565168948
-6.557241857
-6.555789542
-6.561016808
-6.57027535
-6.584854776
-6.606606191
-6.633855371
-6.661093857
-6.690323604
-6.720877144
-6.746856284
-6.763978426
-6.773428837
-6.777663784
-6.772773722
-6.764290958
-6.750148285
-6.73361636
-6.718385309
-6.705086458
-6.694685679
-6.687548853
-6.683387786
-6.682932678
-6.683715472
-6.681217595
-6.674194671
-6.66404655
-6.649111386
-6.632242493
-6.61811336
-6.608075617
-6.604690992
-6.614226385
-6.630490394
-6.655702428
-6.680984951
-6.706627934
-6.730769366
-6.748857585
-6.761335328
-6.762425972
-6.751234647
-6.731375095
-6.699789361
-6.663261196
-6.626030161
-6.587433002
-6.553847688
-6.532054877
-6.523558991
-6.530710674
-6.549861804
-6.579420108
-6.608049971
-6.631419583
-6.644815137
-6.650865611
-6.649750538
-6.64025995
-6.633027941
-6.628903194
-6.626032743
-6.628959767
-6.639486652
-6.651032868
-6.667336227
-6.676157129
-6.682576513
-6.687769534
-6.6862817
-6.682782245
-6.676508265
-6.669137405
-6.661849207
-6.648414924
-6.634726382
-6.621415035
-6.615076343
-6.613755993
-6.618618725
-6.629580903
-6.642481356
-6.657844462
-6.667960182
-6.671988145
-6.669905103
-6.660719563
-6.641984767
-6.62493976
-6.609702977
-6.605395347
-6.610792592
-6.632347029
-6.662621147
-6.699556256
-6.735075887
-6.765973352
-6.784366518
-6.787438628
-6.781391166
-6.767195517
-6.742414906
-6.718626272
-6.700630513
-6.687606934
-6.690310565
-6.699136231
-6.716830371
-6.739242333
-6.755543071
-6.765799675
-6.772845883
-6.772308765
-6.762739314
-6.747543824
-6.732132569
-6.716229
-6.704244815
-6.696210058
-6.693847978
-6.691570602
-6.687564503
-6.685037812
-6.679990686
-6.670760742
-6.664128602
-6.655536667
-6.645960928
-6.639536471
-6.632670729
-6.624919998
-6.621144456
-6.615971456
-6.608718433
-6.602198172
-6.598664482
-6.596186488
-6.596750724
-6.595437136
-6.599537906
-6.601509246
-6.603395957
-6.6055915
-6.609526216
-6.615764407
-6.630415599
-6.65512699
-6.686564645
-6.721641625
-6.750415037
-6.771722514
-6.785795951
-6.785543353
-6.775033264
-6.758768724
-6.740253513
-6.720239092
-6.698855516
-6.680448905
-6.664724885
-6.651623908
-6.643380785
-6.640541644
-6.646006754
-6.657184769
-6.66854273
-6.678320536
-6.679949163
-6.676494525
-6.663478858
-6.639925646
-6.612181308
-6.583604948
-6.563987009
-6.55694009
-6.565767495
-6.581800578
-6.60770244
-6.635792126
-6.66034959
-6.677260238
-6.686938774
-6.689496531
-6.689194923
-6.689589998
-6.695212198
-6.705104762
-6.717130358
-6.730829024
-6.737535047
-6.738609739
-6.736640937
-6.727849607
-6.722181077
-6.718260115
-6.716671825
-6.717045473
-6.726022256
-6.733050153
-6.740561075
-6.744398852
-6.744255301
-6.736981029
-6.724281294
-6.703545229
-6.678215594
-6.648332241
-6.617554273
-6.588954971
-6.571406035
-6.561982705
-6.562811142
-6.575023816
-6.59285545
-6.612564457
-6.634369042
-6.654680693
-6.670767706
-6.682080686
-6.690658364
-6.692537145
-6.688456277
-6.67985523
-6.665786116
-6.649780697
-6.634642385
-6.621614874
-6.61307538
-6.608786489
-6.611204181
-6.619821841
-6.632387348
-6.64712177
-6.660029782
-6.671367988
-6.678761984
-6.684451811
-6.686346026
-6.687027368
-6.684387354
-6.682427612
-6.678862339
-6.674314961
-6.672405058
-6.671084927
-6.673469061
-6.680484014
-6.695055541
-6.709930218
-6.731611819
-6.75379434
-6.772607549
-6.787258186
-6.798271275
-6.802055296
-6.798890822
-6.788268766
-6.77335004
-6.749489887
-6.722499409
-6.691987595
-6.665618146
-6.643413468
-6.629175454
-6.624551947
-6.626088373
-6.633253904
-6.643619991
-6.659489938
-6.674360802
-6.683573731
-6.690283021
-6.692028244
-6.682264603
-6.664979966
-6.641865244
-6.616900784
-6.59466424
-6.577639198
-6.567820407
-6.566343426
-6.575594958
-6.593054469
-6.61561078
-6.642709607
-6.667669278
-6.690489628
-6.707028895
-6.716746993
-6.722359934
-6.724782664
-6.725460235
-6.726691636
-6.728415123
-6.732733167
-6.74019379
-6.752335305
-6.765560236
-6.776465719
-6.783569819
-6.784898819
-6.777484413
-6.760230203
-6.737118253
-6.709720186
-6.682108009
-6.657324082
-6.64237499
-6.631523851
-6.628085869
-6.630571112
-6.634916953
-6.638220266
-6.642805534
-6.647012476
-6.653247178
-6.659056225
-6.666266388
-6.671733325
-6.674243366
-6.677903585
-6.68268711
-6.688580673
-6.697963522
-6.710067938
-6.720178783
-6.725733111
-6.728122213
-6.727227926
-6.722839652
-6.716467783
-6.705592942
-6.695726806
-6.682321127
-6.666367211
-6.649861889
-6.634055756
-6.622492901
-6.616654262
-6.614832144
-6.616576481
-6.622108922
-6.628423392
-6.634896282
-6.641949725
-6.650423505
-6.660633197
-6.671289341
-6.682753045
-6.695624675
-6.709596919
-6.725595549
-6.741814595
-6.758493627
-6.767008154
-6.771471239
-6.767189651
-6.752767199
-6.730396476
-6.699848695
-6.668427375
-6.637412101
-6.613071275
-6.597072063
-6.587674354
-6.591699131
-6.600890213
-6.615933821
-6.635158967
-6.657261391
-6.675884473
-6.688567615
-6.697499825
-6.700251686
-6.69640156
-6.686068886
-6.674522804
-6.656915401
-6.641083497
-6.627752918
-6.617116612
-6.611277261
-6.612369545
-6.618440257
-6.637479672
-6.662360469
-6.690972976
-6.720564893
-6.743853577
-6.762291105
-6.775274708
-6.777806925
-6.778780262
-6.778007759
-6.775575274
-6.774726279
-6.771098429
-6.765368573
-6.758206352
-6.748133499
-6.735854456
-6.719538409
-6.699911015
-6.676595627
-6.653760827
-6.630800732
-6.611046113
-6.592984724
-6.582453612
-6.578909474
-6.58428643
-6.593964618
-6.606283974
-6.61890761
-6.624488052
-6.627058132
-6.625516629
-6.62000162
-6.612029472
-6.602881979
-6.59551028
-6.592916278
-6.598891568
-6.611019522
-6.627452782
-6.6461345
-6.664467248
-6.675731066
-6.68524799
-6.691451395
-6.699792034
-6.707288079
-6.717189316
-6.725185907
-6.73370985
-6.737411804
-6.73738406
-6.736765681
-6.731067005
-6.723447281
-6.715036113
-6.703218858
-6.691126834
-6.675732611
-6.662497505
-6.653622257
-6.648026675
-6.648719114
-6.651279494
-6.656224418
-6.660797511
-6.664639609
-6.667116286
-6.671254964
-6.674082869
-6.682072519
-6.687193071
-6.691547981
-6.692521249
-6.693030296
-6.69013672
-6.685216589
-6.68465657
-6.683729906
-6.68134276
-6.676075029
-6.664680505
-6.652197748
-6.643927202
-6.642750912
-6.646867321
-6.654616243
-6.671343366
-6.687197712
-6.705676297
-6.715098129
-6.720398892
-6.720471534
-6.717998038
-6.712239032
-6.702893853
-6.693321574
-6.686457537
-6.683691039
-6.68082831
-6.680536623
-6.683260282
-6.683940162
-6.679481375
-6.676357899
-6.671682167
-6.66825946
-6.663927043
-6.666716629
-6.67394143
-6.685241591
-6.697472829
-6.711670868
-6.727012389
-6.737063326
-6.744659007
-6.748064553
-6.744282187
-6.735233603
-6.719297823
-6.702681487
-6.682184319
-6.668744022
-6.658535719
-6.654109539
-6.656491762
-6.658461435
-6.660518915
-6.663024207
-6.662961087
-6.661580739
-6.656796914
-6.651966249
-6.646139378
-6.641497001
-6.639145277
-6.638463046
-6.642939237
-6.651165318
-6.660739729
-6.668758016
-6.675187361
-6.676594904
-6.675030817
-6.672065747
-6.667885887
-6.668019095
-6.671796359
-6.678414819
-6.688484309
-6.698386393
-6.702710511
-6.709450353
-6.711082704
-6.71174854
-6.710979337
-6.709907812
-6.708248678
-6.699232117
-6.686824685
-6.670955943
-6.655883146
-6.640191204
-6.629299763
-6.62712311
-6.629282037
-6.639901767
-6.656527209
-6.677467403
-6.698059391
-6.719134016
-6.735141723
-6.747583723
-6.750419886
-6.748161752
-6.7387829
-6.726098628
-6.710498818
-6.694464286
-6.679501765
-6.667544752
-6.65998762
-6.655781212
-6.651823559
-6.648604962
-6.647492182
-6.643354948
-6.642250361
-6.640353253
-6.635225387
-6.631342618
-6.628698955
-6.629499113
-6.63601065
-6.649066576
-6.664890364
-6.685940994
-6.706660808
-6.721854483
-6.73185181
-6.729695549
-6.722829808
-6.709564456
-6.69335726
-6.679171887
-6.665988539
-6.654829505
-6.64109427
-6.627670696
-6.61376774
-6.606359014
-6.607019698
-6.618993443
-6.644553165
-6.674508138
-6.702547212
-6.728408244
-6.748834253
-6.755995969
-6.759163482
-6.757976635
-6.75488335
-6.74484911
-6.734267607
-6.71998359
-6.701757738
-6.682875242
-6.662748608
-6.644141529
-6.630006702
-6.619063352
-6.60939945
-6.603114873
-6.597355369
-6.59170409
-6.588239462
-6.585607787
-6.589273181
-6.59811613
-6.614193505
-6.633740253
-6.654055409
-6.672245585
-6.687985435
-6.697156689
-6.69976978
-6.691783106
-6.679322524
-6.661336659
-6.641218436
-6.625232449
-6.616260598
-6.613489856
-6.62386669
-6.641541942
-6.666112194
-6.689513243
-6.710761588
-6.724280004
-6.72782382
-6.723176236
-6.705806001
-6.680654924
-6.647532706
-6.616191359
-6.591611497
-6.578936982
-6.579636228
-6.591295995
-6.615468575
-6.647234774
-6.682962282
-6.716908723
-6.745051059
-6.766245857
-6.778174062
-6.784556151
-6.780999258
-6.77082488
-6.753350522
-6.736570914
-6.718859339
-6.703512556
-6.68497332
-6.670206241
-6.663210433
-6.661200917
-6.669683233
-6.682381036
-6.701139826
-6.716834566
-6.730747225
-6.738116918
-6.735721542
-6.725846112
-6.70805486
-6.686250954
-6.665709604
-6.65234619
-6.647326854
-6.651909568
-6.666974935
-6.68856639
-6.711738754
-6.733618523
-6.747214649
-6.75200859
-6.747247052
-6.73214116
-6.714432746
-6.691966196
-6.670016191
-6.648529571
-6.629155662
-6.618313434
-6.609126838
-6.606509072
-6.610810361
-6.618139304
-6.631636597
-6.643882272
-6.652903693
-6.659696646
-6.661026727
-6.659069783
-6.653057253
-6.648420795
-6.641943683
-6.633679582
-6.62414859
-6.616827178
-6.609931031
-6.602852899
-6.600488791
-6.601977099
-6.606180388
-6.613591227
-6.626773956
-6.643828761
-6.661329357
-6.678125834
-6.690495847
-6.70062498
-6.709945782
-6.715587659
-6.71967176
-6.720341586
-6.716897704
-6.70583377
-6.690773882
-6.673677919
-6.657163357
-6.640288642
-6.629588147
-6.624948233
-6.628845572
-6.645388114
-6.664009185
-6.690451598
-6.721245779
-6.748956776
-6.766980705
-6.775349118
-6.776338076
-6.771930017
-6.76254691
-6.748996414
-6.733908989
-6.722078176
-6.709345451
-6.698792454
-6.69105464
-6.68165765
-6.669164859
-6.657033282
-6.646855105
-6.638483768
-6.640304334
-6.648040948
-6.662628368
-6.681369658
-6.698198329
-6.712121466
-6.717448078
-6.718012318
-6.71213291
-6.701566244
-6.690595336
-6.676341517
-6.662563977
-6.648349131
-6.63581154
-6.620678978
-6.604785636
-6.590940703
-6.580719281
-6.573877377
-6.571158973
-6.571358622
-6.577841878
-6.586592638
-6.596399182
-6.610739484
-6.625007218
-6.643509364
-6.661120475
-6.674225858
-6.688633032
-6.698681435
-6.702930965
-6.701003254
-6.689177173
-6.676310658
-6.655991775
-6.638119104
-6.620420161
-6.611935997
-6.610373205
-6.61910389
-6.637213368
-6.668145969
-6.700253183
-6.733186555
-6.768273583
-6.794781478
-6.814160321
-6.820197123
-6.813025795
-6.791295997
-6.753430086
-6.701370581
-6.646751456
-6.595611023
-6.551119055
-6.527975797
-6.524391078
-6.537199755
-6.561661528
-6.593126701
-6.624144743
-6.653149835
-6.675890052
-6.693937273
-6.708701418
-6.722333878
-6.730708605
-6.737577699
-6.743888663
-6.747436789
-6.753086265
-6.755567473
-6.755384439
-6.752172238
-6.745139815
-6.731191927
-6.716995058
-6.698910955
-6.676845097
-6.656055156
-6.637086255
-6.624734155
-6.621269168
-6.624495329
-6.633879479
-6.642417792
-6.656427948
-6.667194368
-6.679401894
-6.688098891
-6.690299756
-6.68878761
-6.681930904
-6.669670848
-6.654510885
-6.641491064
-6.627225989
-6.613912021
-6.605910808
-6.602658739
-6.602209596
-6.601977441
-6.601634128
-6.601026052
-6.602762965
-6.605102856
-6.614490676
-6.631581979
-6.652239726
-6.671945286
-6.696941402
-6.719077644
-6.737450141
-6.749584265
-6.75873206
-6.758455103
-6.753428903
-6.745163502
-6.734468148
-6.724402579
-6.712768883
-6.701180956
-6.691150292
-6.682871735
-6.675654346
-6.674221851
-6.675319175
-6.680004319
-6.683199193
-6.682859228
-6.676934205
-6.667560014
-6.653014543
-6.638197259
-6.626690985
-6.618076683
-6.614949894
-6.615113531
-6.617470119
-6.624521078
-6.63159586
-6.638212288
-6.64641154
-6.659289115
-6.671180363
-6.684744608
-6.695940643
-6.703262621
-6.708772478
-6.708065389
-6.70985709
-6.713663095
-6.718400068
-6.722380751
-6.721000844
-6.71544593
-6.706344351
-6.691778667
-6.679214122
-6.667563594
-6.656510424
-6.651334019
-6.648768013
-6.646842014
-6.644163709
-6.643325328
-6.6342677
-6.629515854
-6.623730293
-6.615104663
-6.605794741
-6.59870084
-6.594421836
-6.592104241
-6.594506189
-6.60072406
-6.604690903
-6.608827373
-6.613847764
-6.619148134
-6.624232646
-6.635320814
-6.64666018
-6.660286113
-6.671877138
-6.682171301
-6.690096379
-6.694362414
-6.694728547
-6.693622851
-6.693271087
-6.690847518
-6.693880145
-6.697116431
-6.702225422
-6.706365669
-6.710698466
-6.71757317
-6.72685841
-6.735229125
-6.745387415
-6.752568824
-6.758308359
-6.760253673
-6.761801315
-6.757078272
-6.749330192
-6.731842051
-6.710673498
-6.683682078
-6.650456495
-6.615866952
-6.581561412
-6.548526947
-6.522949051
-6.508451882
-6.507837137
-6.517270593
-6.537893978
-6.568497009
-6.606310983
-6.643746085
-6.679236309
-6.710239012
-6.732990471
-6.744486297
-6.746888085
-6.740561291
-6.727873948
-6.71158315
-6.696225024
-6.683528249
-6.67416724
-6.672025455
-6.674979206
-6.677559002
-6.688004
-6.703164481
-6.719352228
-6.737290753
-6.750857654
-6.76097473
-6.760717669
-6.756809518
-6.744904751
-6.731728132
-6.71657754
-6.700584219
-6.682835259
-6.664803783
-6.653703187
-6.645574645
-6.645232081
-6.651654804
-6.663222997
-6.673617005
-6.687719997
-6.701521945
-6.719410748
-6.734303626
-6.745975605
-6.754720008
-6.75906884
-6.756807856
-6.747414498
-6.732432061
-6.710612788
-6.683129245
-6.657800425
-6.636746089
-6.621502616
-6.61450526
-6.613881468
-6.6196242
-6.629921348
-6.639531802
-6.643380325
-6.646178322
-6.648781572
-6.648946432
-6.653672563
-6.661222635
-6.669127602
-6.679683449
-6.690099327
-6.705824594
-6.720685339
-6.732240862
-6.73852909
-6.738719299
-6.731413127
-6.716954607
-6.699197241
-6.684601818
-6.675525752
-6.669158868
-6.664613193
-6.659511926
-6.652471379
-6.640560962
-6.625783527
-6.611952324
-6.597807667
-6.58598223
-6.580881709
-6.584343598
-6.594414623
-6.612445518
-6.638503336
-6.672870557
-6.706968792
-6.737169356
-6.758827421
-6.774435122
-6.782328225
-6.780372228
-6.777341432
-6.773552649
-6.768079621
-6.764149573
-6.760260907
-6.754849831
-6.747287987
-6.737591989
-6.724643205
-6.714856957
-6.709770636
-6.705645103
-6.704877689
-6.706529365
-6.706517825
-6.704517624
-6.694188276
-6.679457895
-6.663019219
-6.645656368
-6.630764226
-6.6186501
-6.610947732
-6.604635272
-6.599129406
-6.593169169
-6.592087064
-6.591501264
-6.598319688
-6.610144493
-6.624778143
-6.645775026
-6.669892887
-6.693845461
-6.714671038
-6.7324325
-6.7440903
-6.751355754
-6.753397179
-6.754189952
-6.751103862
-6.748143743
-6.739824552
-6.723876457
-6.707802705
-6.687447895
-6.664813642
-6.641820705
-6.62229889
-6.605292708
-6.597688901
-6.5965921
-6.600586356
-6.611123587
-6.622840667
-6.634128102
-6.646757434
-6.658812741
-6.669144677
-6.67754441
-6.685465805
-6.685350868
-6.679418518
-6.668367128
-6.647266308
-6.625458541
-6.605901239
-6.588727527
-6.583532278
-6.586546995
-6.60245899
-6.625249986
-6.650707496
-6.675537696
-6.698133788
-6.713822598
-6.727882134
-6.740877881
-6.745568396
-6.753818396
-6.763933864
-6.769115106
-6.768592984
-6.762517968
-6.749407177
-6.727482562
-6.704013603
-6.677264263
-6.652035454
-6.628542526
-6.615491912
-6.610366913
-6.611867244
-6.621543654
-6.638047875
-6.656801595
-6.674516943
-6.693055633
-6.708933996
-6.725221235
-6.732652941
-6.733188943
-6.727150252
-6.713381956
-6.691683401
-6.664492875
-6.637261247
-6.611911528
-6.596103302
-6.591216883
-6.596922867
-6.615392707
-6.635452016
-6.662307578
-6.685777145
-6.706742054
-6.724553681
-6.736476179
-6.742159919
-6.736493191
-6.720012734
-6.695652594
-6.666614229
-6.638585706
-6.615674904
-6.600197203
-6.59368295
-6.594189163
-6.600201032
-6.605068671
-6.608059121
-6.607734367
-6.606045173
-6.60658486
-6.607267204
-6.612976193
-6.625432552
-6.641597181
-6.662024263
-6.681681239
-6.702231568
-6.719313896
-6.734733909
-6.745585806
-6.747577407
-6.74408359
-6.733975727
-6.720970122
-6.713442305
-6.709337312
-6.710478195
-6.717744253
-6.72625848
-6.732788959
-6.733195316
-6.723416402
-6.705746055
-6.681926706
-6.653878551
-6.62792252
-6.609668511
-6.599835834
-6.595254396
-6.595116939
-6.594239039
-6.595563534
-6.598951305
-6.603308734
-6.609598223
-6.620938779
-6.639295057
-6.658450765
-6.681132634
-6.700374555
-6.716901043
-6.727771013
-6.733512546
-6.732936401
-6.727869904
-6.716959158
-6.703946626
-6.688563459
-6.674465931
-6.666699625
-6.664643044
-6.672007473
-6.680314338
-6.687179164
-6.69351108
-6.693096664
-6.688250018
-6.674333469
-6.653880458
-6.633800692
-6.614466723
-6.60283343
-6.5978907
-6.6032178
-6.612818174
-6.626828578
-6.640594683
-6.649766075
-6.65206798
-6.646135296
-6.634191964
-6.620672622
-6.605533618
-6.59242565
-6.58202151
-6.577730034
-6.579989171
-6.58758525
-6.599703241
-6.614846056
-6.632509824
-6.651082944
-6.668706229
-6.691280895
-6.717487225
-6.747779589
-6.778542914
-6.806842287
-6.83430214
-6.851377071
-6.85946196
-6.853311517
-6.833245268
-6.801158426
-6.760711972
-6.712979889
-6.665256419
-6.620914073
-6.588849589
-6.571351168
-6.567867063
-6.58055307
-6.603915357
-6.631555344
-6.660913311
-6.685931181
-6.705962117
-6.717176777
-6.723853245
-6.72361231
-6.716008444
-6.707470355
-6.699385744
-6.693848612
-6.691168914
-6.695427393
-6.704020973
-6.718827111
-6.734125318
-6.747622016
-6.754770058
-6.754050727
-6.744287294
-6.728813113
-6.704254728
-6.673112171
-6.637957346
-6.607646142
-6.580183682
-6.562126161
-6.550148732
-6.549738502
-6.553844869
-6.563087423
-6.580945043
-6.598051464
-6.618040288
-6.641158869
-6.664827299
-6.685009607
-6.702326248
-6.714911021
-6.725362904
-6.736205508
-6.741170282
-6.741693514
-6.738362732
-6.731212329
-6.720996961
-6.700534583
-6.676466371
-6.649522452
-6.620455874
-6.595651043
-6.57387379
-6.568646729
-6.575533594
-6.595189481
-6.623095725
-6.654534044
-6.68659376
-6.71263562
-6.731796652
-6.746339162
-6.754837213
-6.761046555
-6.759819615
-6.756533625
-6.752571676
-6.748065583
-6.742529029
-6.732858902
-6.722539932
-6.710916258
-6.697480985
-6.68317714
-6.670174609
-6.657617372
-6.644005715
-6.632282877
-6.619092566
-6.609018801
-6.597292485
-6.590695565
-6.583175408
-6.579864027
-6.576363911
-6.577231606
-6.579949605
-6.584873106
-6.598740886
-6.61445023
-6.634154677
-6.651215656
-6.665367732
-6.674771162
-6.679336882
-6.677296441
-6.669207151
-6.655173012
-6.634849402
-6.614616564
-6.599486802
-6.591344927
-6.5922208
-6.606936927
-6.635034055
-6.674506443
-6.720760215
-6.759720038
-6.788290038
-6.801857271
-6.801592002
-6.785484654
-6.762753504
-6.737581428
-6.716144555
-6.700885081
-6.693378093
-6.691394301
-6.693666509
-6.696205351
-6.701184184
-6.706917764
-6.709047998
-6.709318579
-6.702722109
-6.693744514
-6.68280823
-6.670299627
-6.658048059
-6.650633043
-6.644903529
-6.646596852
-6.651231799
-6.660397814
-6.671002458
-6.683395149
-6.694448885
-6.703177647
-6.709471711
-6.707731069
-6.699519023
-6.687657272
-6.673645508
-6.662477732
-6.654341623
-6.652416533
-6.64917494
-6.646533502
-6.645868954
-6.644047723
-6.641215167
-6.637325665
-6.636185703
-6.635636912
-6.634298752
-6.634001439
-6.635263276
-6.639778973
-6.64507969
-6.652243314
-6.660893146
-6.661946285
-6.662616489
-6.659201388
-6.654492962
-6.649801597
-6.64601565
-6.644956517
-6.646295751
-6.653391855
-6.659332389
-6.668491352
-6.67882694
-6.687322346
-6.694598025
-6.695638134
-6.695836276
-6.693072922
-6.688807727
-6.680813803
-6.671418519
-6.659751629
-6.645100464
-6.631575003
-6.621540937
-6.621152494
-6.626097466
-6.638962864
-6.654492694
-6.666910652
-6.681664546
-6.699497672
-6.714335416
-6.73330655
-6.749864362
-6.766154624
-6.780187772
-6.787938266
-6.786934131
-6.783698349
-6.772077343
-6.760685377
-6.750888091
-6.745968952
-6.742811786
-6.741965464
-6.7463717
-6.754800072
-6.765539867
-6.776743051
-6.783632386
-6.782541328
-6.770770185
-6.751786395
-6.721860451
-6.687014821
-6.653959527
-6.624181506
-6.600716739
-6.582987361
-6.573750945
-6.57146251
-6.571481489
-6.572255448
-6.571858503
-6.574260794
-6.577560414
-6.586456564
-6.597753053
-6.609105274
-6.620185141
-6.632763769
-6.640482138
-6.647502624
-6.657393166
-6.672293607
-6.686503892
-6.699768051
-6.712306192
-6.720207431
-6.725913465
-6.724610445
-6.716225394
-6.700944098
-6.683085655
-6.666323515
-6.652910503
-6.642442061
-6.632743739
-6.631264863
-6.634030475
-6.63819351
-6.644231509
-6.649947405
-6.654627299
-6.655930228
-6.65345366
-6.649258144
-6.642196606
-6.635973717
-6.631989046
-6.631326167
-6.631382945
-6.637225355
-6.644498812
-6.65374553
-6.660090024
-6.66481528
-6.666856419
-6.666227534
-6.665683029
-6.664792823
-6.665737454
-6.672539387
-6.682732976
-6.696169082
-6.711146524
-6.726271731
-6.740016914
-6.748939153
-6.754067992
-6.754390631
-6.750319069
-6.746561403
-6.744884741
-6.744381943
-6.746369978
-6.751711797
-6.753452615
-6.752615942
-6.742243
-6.725836747
-6.702218363
-6.67306205
-6.641820732
-6.612201232
-6.586968373
-6.569827892
-6.558684417
-6.556830664
-6.560858356
-6.569764843
-6.580561579
-6.589804737
-6.5947631
-6.599205182
-6.604022568
-6.609734341
-6.612724347
-6.620003701
-6.628046872
-6.643218387
-6.665843768
-6.691688086
-6.717835505
-6.743287784
-6.761540895
-6.772551594
-6.776935089
-6.773694396
-6.762288519
-6.745930927
-6.725501671
-6.704103344
-6.6802067
-6.661568845
-6.644501271
-6.631631653
-6.6253925
-6.620378073
-6.624297264
-6.630851855
-6.640506566
-6.652728925
-6.665689561
-6.677810146
-6.689145248
-6.699910635
-6.704825377
-6.709616716
-6.709668081
-6.705971709
-6.701114602
-6.69326162
-6.684283429
-6.674814658
-6.666382778
-6.656789706
-6.649861991
-6.646547247
-6.643637158
-6.644063992
-6.644581394
-6.650009974
-6.654477653
-6.660613694
-6.66665684
-6.674763423
-6.683244823
-6.690885092
-6.697589851
-6.70404479
-6.704805165
-6.70525119
-6.702973788
-6.69927596
-6.691532714
-6.683015387
-6.669621087
-6.655865493
-6.647620444
-6.64155528
-6.643789716
-6.653806195
-6.67130701
-6.688030486
-6.706449723
-6.714579746
-6.71373139
-6.705372339
-6.686958887
-6.666793967
-6.644277338
-6.621208827
-6.604139783
-6.588232273
-6.577271085
-6.569797663
-6.571552599
-6.582519648
-6.597099069
-6.614655575
-6.632201822
-6.648480144
-6.66567898
-6.679693845
-6.692845369
-6.708361871
-6.725516027
-6.740629361
-6.75706779
-6.772152949
-6.785078886
-6.790877973
-6.794514162
-6.794391099
-6.789129146
-6.78008896
-6.769473772
-6.756088707
-6.739944131
-6.718640975
-6.695779154
-6.672568102
-6.644788761
-6.621423317
-6.592996601
-6.569880014
-6.547326552
-6.52633316
-6.50864813
-6.500115624
-6.502875903
-6.519075875
-6.546859646
-6.580193864
-6.613882986
-6.642208044
-6.664872586
-6.678230022
-6.683134902
-6.681915094
-6.677031102
-6.667975036
-6.656533911
-6.647239651
-6.643466493
-6.643460592
-6.653309036
-6.674183768
-6.701959293
-6.733257391
-6.762055738
-6.78015226
-6.792004704
-6.793779437
-6.784019169
-6.768969201
-6.753855133
-6.735278338
-6.723178961
-6.713221524
-6.703462335
-6.696587981
-6.692816236
-6.688204186
-6.682845921
-6.677022452
-6.671798095
-6.672788081
-6.679926623
-6.69323762
-6.709077554
-6.72300053
-6.73434579
-6.741652391
-6.744368967
-6.741712267
-6.739206883
-6.731500601
-6.722369155
-6.710248392
-6.698636666
-6.682892117
-6.663038802
-6.640272589
-6.614116629
-6.589538073
-6.565832982
-6.548873397
-6.535549577
-6.527961453
-6.53058953
-6.535940374
-6.551981097
-6.570177146
-6.594168679
-6.617782511
-6.639873274
-6.660352716
-6.673307514
-6.679907411
-6.681719718
-6.682238981
-6.681126465
-6.679654108
-6.677821055
-6.676929025
-6.676191114
-6.677614425
-6.678250877
-6.682087746
-6.688820513
-6.698122454
-6.705622628
-6.71061629
-6.71609375
-6.717976934
-6.718674418
-6.714054341
-6.707810094
-6.704070982
-6.700159611
-6.695697858
-6.695756157
-6.693890485
-6.690856242
-6.687684031
-6.684241619
-6.68372392
-6.689764342
-6.697928807
-6.709840702
-6.721523393
-6.733136801
-6.73569589
-6.729326577
-6.71398187
-6.688890808
-6.654315303
-6.614485018
