-5.483557147
-5.483491479
-5.482396289
-5.479766898
-5.480224348
-5.481882088
-5.480506309
-5.481213355
-5.482573987
-5.483195121
-5.485287016
-5.485618617
-5.48420478
-5.485313867
-5.486721152
-5.485538242
-5.485033297
-5.484251712
-5.48610301
-5.485421787
-5.486100093
-5.48554234
-5.484739426
-5.483385074
-5.483414015
-5.484150191
-5.484907957
-5.487293898
-5.486754704
-5.485203792
-5.488718251
-5.488506926
-5.488110538
-5.486228495
-5.486103097
-5.486451511
-5.485665948
-5.483842039
-5.483685032
-5.483363778
-5.48331812
-5.483279619
-5.484548264
-5.485436753
-5.48289661
-5.483561545
-5.484685835
-5.488140369
-5.488116605
-5.487980606
-5.488523723
-5.487265086
-5.488093934
-5.48799391
-5.490056047
-5.489635819
-5.489930678
-5.486447252
-5.486089711
-5.485126465
-5.486011247
-5.484990948
-5.48502277
-5.487013079
-5.48595857
-5.48652967
-5.48533678
-5.485835148
-5.486040517
-5.486623058
-5.487323788
-5.486270132
-5.484838714
-5.484709141
-5.484618082
-5.483275728
-5.482942352
-5.481336306
-5.480378551
-5.479403228
-5.480683975
-5.480034054
-5.480734747
-5.48218733
-5.481511145
-5.478381609
-5.480217961
-5.482125429
-5.482125421
-5.483767641
-5.48479268
-5.48452902
-5.48751176
-5.487906709
-5.486070604
-5.487224071
-5.487521114
-5.489896173
-5.490414253
-5.49024959
-5.492796958
-5.495005
-5.492891335
-5.491618198
-5.489324806
-5.489055228
-5.489654346
-5.488347661
-5.484273844
-5.485910882
-5.484588253
-5.486171746
-5.483872287
-5.487061278
-5.484990459
-5.485668505
-5.485729701
-5.485072045
-5.486243872
-5.48696727
-5.48631708
-5.487890011
-5.486513251
-5.485711191
-5.484763938
-5.484602802
-5.48267168
-5.48294445
-5.481654251
-5.481486582
-5.481197869
-5.483075919
-5.484174119
-5.484394829
-5.485218436
-5.486498012
-5.486483992
-5.485792856
-5.48481044
-5.484988725
-5.484236298
-5.482373554
-5.482028727
-5.482526214
-5.48249225
-5.481218657
-5.479644264
-5.480037817
-5.480469041
-5.480321523
-5.480906468
-5.480947323
-5.47946008
-5.479639352
-5.481439552
-5.482263369
-5.483416996
-5.486536845
-5.489945379
-5.48899317
-5.487762096
-5.488775833
-5.489487093
-5.48808668
-5.48668345
-5.48729831
-5.485106207
-5.484621844
-5.482936781
-5.482065695
-5.48370028
-5.485915855
-5.487345634
-5.487184223
-5.485603694
-5.485087443
-5.485624508
-5.484983724
-5.483581184
-5.483473299
-5.482506812
-5.481783973
-5.483027802
-5.483981774
-5.4839124
-5.48717028
-5.487698514
-5.489879227
-5.488133859
-5.486372495
-5.485931552
-5.484932428
-5.486007561
-5.485012081
-5.482023129
-5.480700171
-5.476956583
-5.475426306
-5.477178758
-5.47744314
-5.477873426
-5.480380609
-5.482533584
-5.485005366
-5.485825356
-5.48829062
-5.487800147
-5.486427881
-5.483818865
-5.483837758
-5.485104172
-5.482898968
-5.483685534
-5.484762546
-5.482081315
-5.479685035
-5.480363102
-5.479519716
-5.483285038
-5.481684619
-5.481279492
-5.48378492
-5.483436288
-5.484150554
-5.484288436
-5.485093997
-5.487537858
-5.485163442
-5.483219346
-5.480830412
-5.482254183
-5.483223607
-5.483582231
-5.483781081
-5.482043038
-5.482499925
-5.481312266
-5.480555825
-5.481685893
-5.48329178
-5.480670481
-5.481394777
-5.480985104
-5.483641709
-5.484017003
-5.486940844
-5.487174995
-5.488070351
-5.488016571
-5.489433846
-5.488296029
-5.483822896
-5.482347949
-5.483094893
-5.480077358
-5.479875201
-5.481807915
-5.480530993
-5.484510338
-5.484722305
-5.486826155
-5.49076787
-5.489805241
-5.487273719
-5.488160951
-5.48901765
-5.48804424
-5.486978018
-5.488493918
-5.489040926
-5.490134815
-5.490312573
-5.491649301
-5.490481059
-5.487453159
-5.487836885
-5.488529893
-5.487393518
-5.489678421
-5.489173017
-5.486094457
-5.484876488
-5.482913521
-5.480570883
-5.483069884
-5.484958501
-5.484979857
-5.485096197
-5.486599612
-5.486846418
-5.487722256
-5.484656946
-5.485704075
-5.484374499
-5.483635827
-5.483936413
-5.485154245
-5.484489936
-5.484431332
-5.485277471
-5.486035763
-5.488526131
-5.487961276
-5.487089371
-5.488630869
-5.486587495
-5.484384863
-5.484122862
-5.485827386
-5.487139298
-5.486299226
-5.486821267
-5.487748057
-5.487853359
-5.487790987
-5.486836819
-5.487749384
-5.489408124
-5.489103618
-5.488743774
-5.485458779
-5.485184556
-5.484880093
-5.482839674
-5.482217411
-5.480936499
-5.482232744
-5.484256535
-5.487928883
-5.486073177
-5.48592541
-5.485814677
-5.485562826
-5.484743032
-5.484934048
-5.484745557
-5.484974334
-5.484956071
-5.485817883
-5.485642976
-5.484173993
-5.484864789
-5.48297382
-5.48197436
-5.484063256
-5.482917793
-5.485026656
-5.486062329
-5.485200759
-5.482300874
-5.485380153
-5.485684859
-5.487440478
-5.488084046
-5.488600968
-5.487065257
-5.486110114
-5.483529434
-5.482348299
-5.481069386
-5.480461791
-5.479645968
-5.483125729
-5.484572667
-5.485002259
-5.487108121
-5.488235969
-5.487786812
-5.48842445
-5.488547462
-5.487209963
-5.485422276
-5.486159732
-5.485904998
-5.485355786
-5.485521614
-5.48451878
-5.484350209
-5.485711278
-5.487328976
-5.489162421
-5.489180667
-5.489188726
-5.489379913
-5.489349765
-5.489714085
-5.488891542
-5.488911199
-5.488252675
-5.488961566
-5.488129762
-5.487669073
-5.485256325
-5.485090599
-5.484943293
-5.484897837
-5.487275478
-5.488233466
-5.489028196
-5.489265397
-5.491427165
-5.488927825
-5.490079065
-5.491267875
-5.491257199
-5.491113831
-5.492222156
-5.491356715
-5.489141045
-5.485861488
-5.485454408
-5.483181047
-5.483406198
-5.482710832
-5.484703436
-5.485424495
-5.48597823
-5.487457672
-5.487477724
-5.487311524
-5.486325433
-5.488419195
-5.488995335
-5.485756255
-5.48451302
-5.485320956
-5.483154772
-5.481764693
-5.48068661
-5.480322551
-5.481310165
-5.482609205
-5.483481499
-5.483465507
-5.484701603
-5.485754079
-5.485867229
-5.487604874
-5.487427234
-5.487987993
-5.487107621
-5.485226436
-5.484742981
-5.485093309
-5.485662089
-5.486735345
-5.486647792
-5.486327607
-5.48570452
-5.486604341
-5.486960072
-5.486039659
-5.485462296
-5.485967462
-5.486078292
-5.484663693
-5.484124553
-5.483255176
-5.482746815
-5.48222839
-5.485824359
-5.486250726
-5.486900919
-5.487970098
-5.487828857
-5.485594486
-5.484609521
-5.483317601
-5.483970032
-5.484268843
-5.486463437
-5.487689523
-5.486387654
-5.485837198
-5.485036864
-5.483580943
-5.484307592
-5.487503908
-5.489625317
-5.489064163
-5.488094731
-5.487387315
-5.487018246
-5.488030356
-5.486875884
-5.488346092
-5.487844055
-5.486690064
-5.486322472
-5.485906411
-5.486087596
-5.486355494
-5.485198247
-5.483851786
-5.484302068
-5.484677183
-5.48472893
-5.484794061
-5.48553097
-5.486953369
-5.487423557
-5.487243607
-5.487057394
-5.486556783
-5.486677315
-5.486331142
-5.487684911
-5.484862528
-5.484713104
-5.484443039
-5.483223397
-5.482468029
-5.480023085
-5.480196722
-5.480450546
-5.483030881
-5.486209533
-5.48625135
-5.489779875
-5.489883179
-5.489415127
-5.489328876
-5.490927311
-5.490350885
-5.48730815
-5.48574104
-5.484404534
-5.48340477
-5.482199932
-5.484442702
-5.483034518
-5.483473018
-5.484411785
-5.484506814
-5.484713779
-5.486015181
-5.485169833
-5.489233843
-5.491238174
-5.491277058
-5.49083128
-5.487362233
-5.485916742
-5.487085121
-5.48460339
-5.484667589
-5.484597509
-5.483266907
-5.484138705
-5.483628086
-5.483082329
-5.483478925
-5.483535905
-5.484209126
-5.48390203
-5.483293588
-5.481482486
-5.481439623
-5.480921903
-5.481546676
-5.480074193
-5.480704101
-5.481443167
-5.483757647
-5.484238719
-5.484055144
-5.484477931
-5.481404793
-5.480807933
-5.481894799
-5.483506331
-5.484748465
-5.484012306
-5.481563604
-5.478591495
-5.478202321
-5.478654106
-5.479856092
-5.482111136
-5.485129815
-5.4838401
-5.483890175
-5.482782603
-5.484425885
-5.484524007
-5.486188129
-5.486093499
-5.488127822
-5.488130047
-5.487787782
-5.490085823
-5.489867559
-5.489690758
-5.490487975
-5.489656886
-5.490176327
-5.488222579
-5.487743034
-5.489067426
-5.489530852
-5.491595679
-5.491586361
-5.491706473
-5.491024065
-5.490289132
-5.488944206
-5.489315873
-5.487500554
-5.489551472
-5.488220902
-5.487347672
-5.486027209
-5.487665904
-5.488192075
-5.486965318
-5.489027592
-5.489989986
-5.490438433
-5.490750634
-5.488208458
-5.486257972
-5.486941968
-5.489558657
-5.490015583
-5.486768608
-5.487422266
-5.485462517
-5.487739404
-5.484982532
-5.483444678
-5.482264354
-5.483448588
-5.485098097
-5.485299895
-5.48568773
-5.487232344
-5.489848058
-5.48888158
-5.487770133
-5.488731686
-5.488555388
-5.485400275
-5.485853746
-5.486123707
-5.48725078
-5.485010302
-5.485794736
-5.48626133
-5.486610583
-5.485166128
-5.484827465
-5.48658513
-5.485603576
-5.486111223
-5.487502156
-5.487540728
-5.488271288
-5.487198821
-5.488640891
-5.486523232
-5.488584646
-5.488544982
-5.488160344
-5.489520357
-5.487714092
-5.485693256
-5.485495049
-5.484938372
-5.485363606
-5.484522334
-5.485357516
-5.48599988
-5.487137613
-5.488118791
-5.486924648
-5.486670736
-5.486895667
-5.487220654
-5.487009208
-5.48796653
-5.487323477
-5.486469288
-5.485472174
-5.482700933
-5.482297942
-5.482891877
-5.483774112
-5.486168806
-5.487770345
-5.484689934
-5.486074444
-5.484583237
-5.483806615
-5.482718204
-5.482832537
-5.485074269
-5.483978862
-5.483897818
-5.483673989
-5.485331553
-5.484678977
-5.48456651
-5.487174361
-5.487230044
-5.488863162
-5.490370884
-5.49167501
-5.490456883
-5.490250494
-5.488183595
-5.487890456
-5.484601194
-5.483260114
-5.481358855
-5.481560908
-5.48231359
-5.483650156
-5.484558041
-5.48525661
-5.486583539
-5.488134674
-5.487951593
-5.487391899
-5.488114157
-5.485229929
-5.485488378
-5.485999858
-5.484597048
-5.48495591
-5.485212616
-5.485351947
-5.485933932
-5.487156128
-5.485954963
-5.487052197
-5.488125321
-5.487551668
-5.488687402
-5.486198179
-5.487119818
-5.487101506
-5.485830321
-5.485373315
-5.484190643
-5.484767609
-5.483971307
-5.484590019
-5.483607526
-5.484036073
-5.483200979
-5.482088121
-5.484214444
-5.484823028
-5.483267643
-5.483947635
-5.486112211
-5.482480034
-5.48155014
-5.481720908
-5.484264478
-5.483296399
-5.484926516
-5.485929614
-5.485696697
-5.486573652
-5.486335384
-5.48594417
-5.486944084
-5.487603365
-5.486553518
-5.487004
-5.487068205
-5.486522455
-5.486731186
-5.484853742
-5.484728068
-5.484305987
-5.486033375
-5.48786643
-5.489454911
-5.490190535
-5.491707071
-5.491748679
-5.491976673
-5.489269963
-5.489282625
-5.488938828
-5.488040771
-5.488546174
-5.48938234
-5.487144505
-5.488096839
-5.487826143
-5.489113375
-5.488028551
-5.487834741
-5.486668332
-5.484977621
-5.485834025
-5.484525675
-5.484141227
-5.480959758
-5.479916766
-5.48068315
-5.483783342
-5.487706855
-5.489313296
-5.491636043
-5.49292846
-5.493775126
-5.492886806
-5.490337833
-5.488182152
-5.485930737
-5.487609484
-5.487825434
-5.487948109
-5.485038119
-5.485211443
-5.485486323
-5.488133971
-5.486399995
-5.485506357
-5.487410089
-5.487505444
-5.490520854
-5.49080153
-5.492391868
-5.489700529
-5.488204252
-5.487029531
-5.485395805
-5.485822326
-5.485610579
-5.484860203
-5.484248028
-5.485324682
-5.485991782
-5.486037493
-5.487172696
-5.488264679
-5.48857544
-5.489752077
-5.488661511
-5.487391976
-5.486129104
-5.483390161
-5.484815322
-5.485252516
-5.486950735
-5.48724984
-5.486056486
-5.488815212
-5.488061483
-5.488307762
-5.489826821
-5.489294183
-5.491459109
-5.491403798
-5.489814904
-5.489702504
-5.48861516
-5.488265366
-5.486747459
-5.488267721
-5.488560215
-5.487255232
-5.484679174
-5.484073306
-5.483206196
-5.480791512
-5.481036051
-5.482330658
-5.482729714
-5.482184185
-5.483222148
-5.484770741
-5.485142855
-5.485305341
-5.483383224
-5.482419571
-5.483473523
-5.482958535
-5.48301875
-5.482940169
-5.483387203
-5.481568729
-5.480518596
-5.480633646
-5.482293873
-5.481955398
-5.483495596
-5.484295072
-5.484905856
-5.488741245
-5.486222048
-5.485921544
-5.48843566
-5.490548688
-5.489144525
-5.486325537
-5.484840761
-5.485499596
-5.486412438
-5.485662085
-5.483477381
-5.48330551
-5.480826747
-5.479863043
-5.482050949
-5.483568069
-5.482864094
-5.482602852
-5.482851094
-5.481389212
-5.484330615
-5.486035089
-5.48788755
-5.489731081
-5.489237484
-5.489074143
-5.486137847
-5.485433959
-5.484853653
-5.484485961
-5.486294894
-5.485343214
-5.484424359
-5.482790843
-5.483352095
-5.482292026
-5.480994583
-5.481136062
-5.482736949
-5.484120478
-5.485227695
-5.484693973
-5.486354391
-5.486971688
-5.485927388
-5.487107543
-5.486301407
-5.488342992
-5.488975635
-5.485898693
-5.486533227
-5.486992379
-5.487338371
-5.487975537
-5.485111991
-5.486601314
-5.484125992
-5.484864567
-5.483349213
-5.485366175
-5.485982901
-5.487003674
-5.487318473
-5.491645431
-5.49080628
-5.487957879
-5.4885623
-5.486167996
-5.4860202
-5.48497616
-5.485105031
-5.485577061
-5.483961363
-5.479496799
-5.478892469
-5.48077112
-5.479323049
-5.481653033
-5.483278258
-5.483775342
-5.483996974
-5.484990229
-5.483965813
-5.482958081
-5.480161942
-5.478287274
-5.478740676
-5.482591408
-5.484013092
-5.48525026
-5.486213148
-5.484560379
-5.485731767
-5.485492495
-5.485477013
-5.486064152
-5.48666062
-5.484031594
-5.484663562
-5.484683309
-5.48322001
-5.48363582
-5.483417535
-5.48412888
-5.485921089
-5.486613702
-5.487689808
-5.484936194
-5.486883518
-5.485851791
-5.487299823
-5.487617801
-5.48551135
-5.484962424
-5.484455767
-5.483101024
-5.481913867
-5.484162826
-5.484356631
-5.48276857
-5.482535922
-5.483192463
-5.484013825
-5.484043687
-5.484014142
-5.483740515
-5.484603201
-5.483060585
-5.483910846
-5.487039166
-5.488764055
-5.486083117
-5.487382804
-5.486834765
-5.485751674
-5.483538831
-5.484794743
-5.483482521
-5.483590165
-5.484886415
-5.486057791
-5.488350528
-5.488443868
-5.487579874
-5.487071783
-5.486635932
-5.484683135
-5.485052407
-5.484386444
-5.48513052
-5.484629786
-5.483561464
-5.481734362
-5.48159296
-5.480049914
-5.479431498
-5.480673624
-5.481397542
-5.483440155
-5.484772684
-5.485054465
-5.487539668
-5.488045434
-5.486286252
-5.484213671
-5.485013679
-5.48375276
-5.484589087
-5.485255499
-5.485527785
-5.487499716
-5.485439519
-5.486157627
-5.48761689
-5.488660532
-5.489161729
-5.486843588
-5.484733883
-5.483958965
-5.481429032
-5.482392191
-5.483252275
-5.481963734
-5.483246699
-5.4844328
-5.484819183
-5.484429499
-5.486886962
-5.482532263
-5.483999248
-5.485823201
-5.4857642
-5.485166016
-5.485669835
-5.486614697
-5.486301569
-5.487551211
-5.490305739
-5.489709345
-5.489066038
-5.489113659
-5.48859667
-5.486205635
-5.487713343
-5.487547936
-5.488561838
-5.487802657
-5.487549746
-5.487868051
-5.487866661
-5.486964797
-5.486532115
-5.487224549
-5.484797127
-5.48596841
-5.485481279
-5.485570065
-5.484003955
-5.482112616
-5.482182844
-5.483882951
-5.483941389
-5.485539179
-5.484777642
-5.484225337
-5.482609749
-5.484158405
-5.483697844
-5.485114348
-5.482274752
-5.481675899
-5.481115681
-5.479396007
-5.479537566
-5.480332849
-5.479234259
-5.478799514
-5.479591398
-5.482447452
-5.483004792
-5.483385767
-5.484756534
-5.487711609
-5.488354817
-5.488658066
-5.489316023
-5.489113934
-5.486834929
-5.485509917
-5.48497088
-5.485391872
-5.48589919
-5.486809461
-5.486636113
-5.484852156
-5.485885748
-5.488482017
-5.48724315
-5.48964891
-5.492049081
-5.491656193
-5.491904933
-5.490182604
-5.490490517
-5.487498797
-5.487830392
-5.4857515
-5.486125436
-5.486631991
-5.487236552
-5.486018841
-5.483020869
-5.483755905
-5.482679574
-5.483872174
-5.486617413
-5.490223534
-5.48950454
-5.490329258
-5.489453498
-5.492057651
-5.491969383
-5.490126601
-5.488424961
-5.487195607
-5.485837896
-5.484758704
-5.48537579
-5.485201601
-5.483059612
-5.483526614
-5.48529045
-5.486978097
-5.489100049
-5.489525348
-5.489989368
-5.492031994
-5.493790381
-5.492219221
-5.492038359
-5.492682213
-5.490223733
-5.490730224
-5.492210322
-5.492096093
-5.492346914
-5.489987918
-5.491067433
-5.491251815
-5.49082868
-5.490501016
-5.491068233
-5.491092241
-5.489113684
-5.485863362
-5.484516683
-5.485235059
-5.484904714
-5.484321318
-5.483798445
-5.48410278
-5.48310948
-5.482234302
-5.483802752
-5.484615845
-5.485019956
-5.486962811
-5.490066389
-5.490977973
-5.490865944
-5.490892852
-5.493840742
-5.494756909
-5.49428389
-5.491554173
-5.491314893
-5.491840062
-5.489071001
-5.488867527
-5.488875786
-5.48668845
-5.485416254
-5.484636399
-5.484361607
-5.485009524
-5.486411137
-5.485770909
-5.487014209
-5.489390462
-5.488213743
-5.486555142
-5.485610279
-5.484055571
-5.484223922
-5.481389743
-5.479607919
-5.480009048
-5.480423
-5.481097837
-5.480540084
-5.480808677
-5.480583811
-5.480610333
-5.47972808
-5.482222395
-5.482269709
-5.485369151
-5.487914036
-5.487202141
-5.48762592
-5.48810303
-5.488279841
-5.487908792
-5.488732877
-5.488259264
-5.487850709
-5.485907409
-5.485641301
-5.484087176
-5.485402444
-5.484706127
-5.480392627
-5.480290026
-5.479937359
-5.480088731
-5.480500808
-5.482171421
-5.481480809
-5.483501895
-5.48483316
-5.485042484
-5.48732643
-5.488152996
-5.487259215
-5.487268266
-5.486889411
-5.485763114
-5.484827384
-5.486980458
-5.486088205
-5.485448608
-5.486119138
-5.482406868
-5.481564615
-5.483088629
-5.482503927
-5.484888532
-5.483821073
-5.484466353
-5.484320504
-5.484033083
-5.484388725
-5.486222849
-5.485489703
-5.486799486
-5.489533429
-5.485247795
-5.485179531
-5.487949613
-5.487952931
-5.486440122
-5.485715426
-5.485585957
-5.483973097
-5.485903497
-5.486258178
-5.486286781
-5.483327611
-5.484074202
-5.484884321
-5.48435132
-5.48497175
-5.487024885
-5.487907324
-5.486328486
-5.485888523
-5.484648658
-5.487151985
-5.485613861
-5.483596126
-5.482767193
-5.482586068
-5.482228602
-5.481865982
-5.482962766
-5.482312165
-5.482718496
-5.482611681
-5.48170329
-5.484674672
-5.483752119
-5.487112396
-5.486732278
-5.485202737
-5.483779325
-5.482102942
-5.482443963
-5.48168887
-5.480701627
-5.480367292
-5.479859938
-5.479855051
-5.479907813
-5.479470104
-5.47959898
-5.480105698
-5.482553631
-5.483423701
-5.4841581
-5.483948595
-5.483889378
-5.485666283
-5.485050527
-5.485215949
-5.487024957
-5.487763929
-5.48931228
-5.488406845
-5.488606935
-5.48734086
-5.488167773
-5.489820005
-5.489141391
-5.489520253
-5.48820175
-5.485932474
-5.487562719
-5.488120245
-5.488048854
-5.489077142
-5.489102156
-5.488723993
-5.487679028
-5.484536618
-5.482116615
-5.480326964
-5.477351124
-5.475112071
-5.475719421
-5.478312363
-5.480127897
-5.482067856
-5.480918585
-5.480981455
-5.482381321
-5.483245785
-5.483272051
-5.484361309
-5.488028756
-5.488658545
-5.490690879
-5.489553302
-5.48850031
-5.486639089
-5.48568328
-5.484740868
-5.485175393
-5.484470198
-5.484608339
-5.483066556
-5.480815472
-5.480402361
-5.479720724
-5.482790445
-5.483293779
-5.482150566
-5.483626803
-5.483951564
-5.486520291
-5.486291959
-5.484042968
-5.483747118
-5.482201187
-5.48290142
-5.482458238
-5.483888298
-5.482791936
-5.482602692
-5.482661545
-5.482394788
-5.481981921
-5.480641917
-5.479486718
-5.480556817
-5.480944017
-5.481571291
-5.481065749
-5.481609991
-5.483142286
-5.484614963
-5.485992781
-5.486917979
-5.488072446
-5.488540944
-5.48646463
-5.487059604
-5.488344798
-5.490576421
-5.49103014
-5.488927136
-5.489344175
-5.486772331
-5.486178899
-5.484490318
-5.482512499
-5.481052381
-5.481219616
-5.480211217
-5.480393229
-5.479524124
-5.481090964
-5.483270902
-5.483842139
-5.486109339
-5.487943175
-5.487667181
-5.487573832
-5.48582154
-5.484813032
-5.48240627
-5.483271987
-5.484264215
-5.48321246
-5.484045706
-5.485477318
-5.4868488
-5.486139043
-5.486129817
-5.484398049
-5.484663837
-5.484272116
-5.484211978
-5.482914073
-5.481123008
-5.478928409
-5.479993349
-5.480228629
-5.480094424
-5.478747417
-5.480748877
-5.480162221
-5.481026155
-5.479285969
-5.48100845
-5.480330892
-5.479203307
-5.48246367
-5.482050353
-5.482529929
-5.484884253
-5.487436217
-5.487569597
-5.487277721
-5.485339899
-5.484395137
-5.486705272
-5.48606619
-5.484393172
-5.482975929
-5.482469675
-5.484180186
-5.481337826
-5.480495856
-5.481153435
-5.481217356
-5.48273838
-5.479550908
-5.481185538
-5.48153341
-5.482567121
-5.483475709
-5.484239363
-5.486251008
-5.486063284
-5.48478157
-5.485421116
-5.48616761
-5.489350188
-5.4881511
-5.486714231
-5.485937683
-5.486084472
-5.487162659
-5.486301787
-5.486776403
-5.487325482
-5.486664389
-5.485073658
-5.484455902
-5.484131822
-5.482823161
-5.483482136
-5.482265822
-5.483056239
-5.48063175
-5.481749623
-5.480581128
-5.482340441
-5.482226215
-5.483847082
-5.483617525
-5.481160553
-5.483192964
-5.483471857
-5.485822817
-5.485683792
-5.485010523
-5.483852228
-5.483546867
-5.483195708
-5.483511704
-5.48395557
-5.482382581
-5.482136911
-5.484268934
-5.486196776
-5.485876138
-5.485671411
-5.485283254
-5.486014546
-5.489289449
-5.488272547
-5.486668458
-5.484453658
-5.484211142
-5.482067633
-5.482457154
-5.483182484
-5.484398072
-5.484863301
-5.485266143
-5.484815903
-5.484464646
-5.482307654
-5.482253659
-5.484026324
-5.484399844
-5.485997525
-5.484327781
-5.483977719
-5.484715541
-5.485342568
-5.485253654
-5.486660991
-5.484904229
-5.485678863
-5.485374132
-5.486597831
-5.487091003
-5.488122443
-5.48800351
-5.487677475
-5.489102733
-5.488173154
-5.486660542
-5.486017948
-5.485036789
-5.485633381
-5.485721674
-5.488019206
-5.486245652
-5.484277651
-5.485125895
-5.486004705
-5.486337248
-5.485123185
-5.485844487
-5.486540614
-5.485953868
-5.485451447
-5.48469606
-5.484919616
-5.484068787
-5.484660836
-5.488013804
-5.48640072
-5.487697196
-5.487785168
-5.488337089
-5.489062114
-5.489276232
-5.489587569
-5.48896771
-5.490603031
-5.48795437
-5.486460471
-5.485743333
-5.484824857
-5.486048908
-5.485024654
-5.486395696
-5.486611976
-5.48619441
-5.483396763
-5.482059777
-5.482332631
-5.482512821
-5.483431499
-5.483142495
-5.484649993
-5.483144441
-5.483271807
-5.48307721
-5.479459584
-5.479044432
-5.48227706
-5.482052752
-5.484772411
-5.484147373
-5.48394965
-5.484767739
-5.485067398
-5.483703166
-5.486698917
-5.485767707
-5.486444588
-5.487342395
-5.489983182
-5.49039918
-5.488889666
-5.488334641
-5.487998582
-5.487764038
-5.48849676
-5.488888462
-5.488378629
-5.486143783
-5.485916523
-5.482660385
-5.479734837
-5.480127651
-5.481240589
-5.482628769
-5.481824243
-5.481853353
-5.483232582
-5.484039225
-5.484721361
-5.483826087
-5.484364101
-5.483070525
-5.484033022
-5.484848321
-5.484851456
-5.485075055
-5.487886424
-5.486560387
-5.484373018
-5.483881148
-5.48665491
-5.487097964
-5.486083044
-5.485807262
-5.484667981
-5.486957684
-5.488596669
-5.489042995
-5.487077342
-5.485002798
-5.484423596
-5.485643662
-5.486676035
-5.484223585
-5.485330439
-5.486359018
-5.485618544
-5.485331259
-5.485194856
-5.485922633
-5.485959955
-5.485045566
-5.484837313
-5.483429459
-5.483440624
-5.484894081
-5.487448207
-5.487479317
-5.489751963
-5.49061952
-5.491973153
-5.490580692
-5.489077923
-5.487210549
-5.485054733
-5.484636776
-5.484068317
-5.483691037
-5.48572269
-5.486809197
-5.48713829
-5.486610807
-5.48616601
-5.48649774
-5.485747644
-5.485628281
-5.484920726
-5.4830622
-5.483026148
-5.484490348
-5.484777988
-5.484698703
-5.486355861
-5.485429075
-5.486141667
-5.484090092
-5.48366929
-5.482779895
-5.480857503
-5.478573375
-5.476872435
-5.476051617
-5.477682774
-5.478126083
-5.480164103
-5.481374727
-5.482973043
-5.484638197
-5.485161232
-5.483027366
-5.482216833
-5.483101885
-5.485364393
-5.484491044
-5.486344048
-5.485791538
-5.487348883
-5.490229404
-5.490957453
-5.489670089
-5.489583204
-5.487902958
-5.4867524
-5.487238007
-5.487815234
-5.486889489
-5.486425157
-5.485801202
-5.486342541
-5.484499256
-5.48607071
-5.485826243
-5.485337598
-5.486496293
-5.483761951
-5.485176054
-5.485197955
-5.48542486
-5.486500375
-5.487789907
-5.48868006
-5.489843268
-5.491939798
-5.490102822
-5.490494385
-5.488905646
-5.486644596
-5.486348333
-5.485786733
-5.485988244
-5.48631986
-5.487080307
-5.485302289
-5.484498725
-5.485638726
-5.485488097
-5.486953833
-5.486800034
-5.489876368
-5.49036824
-5.490857889
-5.489697809
-5.489458333
-5.489133087
-5.488398653
-5.487915286
-5.489009181
-5.486520148
-5.485965419
-5.485069447
-5.485428783
-5.484789514
-5.486445636
-5.485632571
-5.485067943
-5.48773963
-5.487144805
-5.487015387
-5.486470211
-5.48721963
-5.484927082
-5.486714301
-5.484614553
-5.482382462
-5.481840818
-5.478942084
-5.479257978
-5.479206204
-5.478071642
-5.48064621
-5.480750235
-5.480974714
-5.478705706
-5.479047403
-5.482219316
-5.483924576
-5.485424252
-5.485764407
-5.485329615
-5.487129069
-5.4870274
-5.486692929
-5.48838979
-5.490761016
-5.490174522
-5.490770021
-5.491213892
-5.49217231
-5.489808032
-5.489680497
-5.490230925
-5.489552426
-5.488300076
-5.488058045
-5.487483042
-5.486863784
-5.484262233
-5.483326611
-5.48444722
-5.482139789
-5.484140584
-5.480338096
-5.481059967
-5.481497109
-5.481771124
-5.481368647
-5.482659232
-5.483949843
-5.485279448
-5.486243356
-5.48592414
-5.485632296
-5.484940262
-5.48636409
-5.48684924
-5.486480274
-5.486257387
-5.487154129
-5.487228888
-5.486531036
-5.487385728
-5.490195546
-5.489774103
-5.489520289
-5.490124832
-5.489998512
-5.490623178
-5.491389547
-5.488561574
-5.489154466
-5.489804821
-5.487751455
-5.486651803
-5.48847223
-5.48669003
-5.488951818
-5.489947316
-5.487947468
-5.486782366
-5.488070068
-5.488974348
-5.489618383
-5.489133941
-5.486604907
-5.485544584
-5.484823418
-5.485212959
-5.485617639
-5.484737835
-5.484633592
-5.485123108
-5.48566558
-5.484685795
-5.486721109
-5.485571404
-5.484745402
-5.482897571
-5.484206655
-5.484802028
-5.485081718
-5.485781683
-5.485038626
-5.485814471
-5.485188045
-5.487005049
-5.486667197
-5.485416686
-5.48741197
-5.485181716
-5.487085782
-5.485612972
-5.486180413
-5.485177008
-5.484228495
-5.485670389
-5.48508513
-5.483895405
-5.482827714
-5.483876262
-5.48507147
-5.486370458
-5.487063002
-5.48810712
-5.48852407
-5.489964159
-5.488872717
-5.488781672
-5.489312762
-5.490726265
-5.489740599
-5.487005567
-5.486749991
-5.485788097
-5.486777953
-5.48524765
-5.483862005
-5.485207114
-5.485353066
-5.483530857
-5.485479291
-5.48601962
-5.486559864
-5.487554438
-5.487132513
-5.486551339
-5.488289185
-5.487994678
-5.488791686
-5.489006167
-5.49152789
-5.490202015
-5.487970647
-5.486899871
-5.486574015
-5.485005436
-5.481460909
