        2000     -5.5098     -5.5098           0
        2000    -5.46332    -5.48656    0.023241
        2000    -5.44401    -5.47238   0.0195237
        2000    -5.46201    -5.46979   0.0140466
        2000    -5.45287     -5.4664   0.0113942
        2000    -5.46598    -5.46633  0.00930356
        2000    -5.45496    -5.46471  0.00802902
        2000     -5.4793    -5.46653  0.00718848
        2000    -5.47132    -5.46706  0.00636195
        2000    -5.47459    -5.46782  0.00573984
        2000    -5.46408    -5.46748  0.00520299
        2000    -5.46547    -5.46731  0.00475259
        2000    -5.46553    -5.46717  0.00437388
        2000     -5.4393    -5.46518  0.00451231
        2000    -5.46345    -5.46507  0.00420232
        2000    -5.46781    -5.46524  0.00393466
        2000     -5.4767    -5.46591  0.00375695
        2000    -5.44776     -5.4649  0.00368281
        2000    -5.47324    -5.46534  0.00351111
        2000    -5.46051     -5.4651  0.00333969
        2000    -5.47421    -5.46553  0.00320613
        2000    -5.45168     -5.4649  0.00312115
        2000    -5.47048    -5.46515  0.00299222
        2000    -5.46652     -5.4652  0.00286541
        2000    -5.44059    -5.46422  0.00291937
        2000     -5.4763    -5.46468  0.00284304
        2000    -5.46857    -5.46483   0.0027395
        2000    -5.46959      -5.465  0.00264532
        2000    -5.47352    -5.46529  0.00256934
        2000    -5.48435    -5.46593  0.00256222
        2000    -5.45893     -5.4657  0.00248844
        2000    -5.45302    -5.46531   0.0024418
        2000    -5.47676    -5.46565  0.00239196
        2000    -5.47594    -5.46595  0.00234018
        2000    -5.46559    -5.46594  0.00227236
        2000    -5.44273     -5.4653  0.00230055
        2000    -5.48398     -5.4658  0.00229378
        2000    -5.46603    -5.46581  0.00223261
        2000    -5.46703    -5.46584  0.00217483
        2000    -5.48807     -5.4664  0.00219137
        2000    -5.48497    -5.46685  0.00218474
        2000    -5.46609    -5.46683  0.00213216
        2000    -5.46762    -5.46685  0.00208207
        2000    -5.46949    -5.46691  0.00203508
        2000    -5.47262    -5.46704  0.00199339
        2000    -5.47298    -5.46717  0.00195385
        2000    -5.45012     -5.4668  0.00194591
        2000    -5.46261    -5.46672  0.00190695
        2000    -5.47781    -5.46694   0.0018813
        2000     -5.4625    -5.46685  0.00184543
