           0,0
           0,0
           0,0
           0,0
           0,0
           0,0
           0,0
           0,0
           0,0
           0,0
           0,0
           0,0
           0,0
           0,0
           0,0
           0,0
           0,0
           0,0
           0,0
           0,0
           0,0
           0,0
           0,0
           0,0
           0,0
           0,0
           0,0
           0,0
           0,0
           0,0
           0,0
           0,0
           0,0
 1.75071e-05,6.0181e-06
  0.00133431,5.3284e-05
   0.0238953,0.000243613
    0.164439,0.000801553
    0.561183,0.00191962
     1.19814,0.00249748
     1.86223,0.00304496
     2.33738,0.00274238
     2.55589,0.00197578
     2.54911,0.00188494
     2.40936,0.00223302
     2.19921,0.00212628
     1.97553,0.00215796
     1.75527,0.00184062
     1.56017,0.00210421
     1.39194,0.00215785
     1.24656,0.00166519
     1.12691,0.00178151
     1.02341,0.00134166
    0.940704,0.00137381
    0.871079,0.00119992
    0.815225,0.00137344
    0.772507,0.000995865
    0.735499,0.00102904
    0.710276,0.000981318
    0.689578,0.00118576
    0.677579,0.00105496
    0.673283,0.00132958
    0.671301,0.00122363
    0.676359,0.00122318
    0.686241,0.00119695
    0.702398,0.00115111
    0.723342,0.00110551
    0.749197,0.0013428
    0.780556,0.00117052
     0.81557,0.00114099
    0.853203,0.00114132
    0.893828,0.00122768
    0.934463,0.00114895
    0.976517,0.00111641
     1.01754,0.00119462
     1.05736,0.00112265
      1.0958,0.00119885
     1.12992,0.00123588
     1.16197,0.00106035
     1.18665,0.00110205
     1.20565,0.000981848
      1.2147,0.00109865
     1.21582,0.000999766
     1.20941,0.000893967
     1.19645,0.0011171
     1.17571,0.00110603
     1.15131,0.00105416
     1.12472,0.00102219
     1.09501,0.000909391
     1.06632,0.000946478
     1.03867,0.00100144
      1.0122,0.000852372
    0.986653,0.00099956
    0.964853,0.000791655
    0.946023,0.000781085
    0.930414,0.000804061
    0.917394,0.000784113
    0.907693,0.000898979
    0.894033,0.000802903
     0.88599,0.000966112
    0.885921,0.000829566
