        2000    0.048947    0.048947           0
        2000   0.0493462   0.0491466 0.000199621
        2000   0.0490072   0.0491001 0.000124273
        2000    0.048804   0.0490261  0.00011491
        2000   0.0491445   0.0490498 9.21045e-05
        2000    0.049054   0.0490505 7.52063e-05
        2000   0.0489939   0.0490424 6.40725e-05
        2000    0.048953   0.0490312 5.66017e-05
        2000   0.0493523   0.0490669 6.13583e-05
        2000   0.0490851   0.0490687 5.49108e-05
        2000   0.0491691   0.0490778 5.05006e-05
        2000   0.0487149   0.0490476 5.51352e-05
        2000   0.0488921   0.0490356 5.21084e-05
        2000   0.0490755   0.0490385  4.8327e-05
        2000   0.0487585   0.0490198 4.87092e-05
        2000   0.0486586   0.0489972 5.08486e-05
        2000   0.0493305   0.0490169 5.16308e-05
        2000   0.0490148   0.0490167 4.86781e-05
        2000   0.0492131   0.0490271 4.71907e-05
        2000   0.0487873   0.0490151  4.6347e-05
        2000   0.0489625   0.0490126  4.4156e-05
        2000   0.0488373   0.0490046 4.28487e-05
        2000   0.0491485   0.0490109 4.14188e-05
        2000   0.0488955   0.0490061 3.99456e-05
        2000    0.048733   0.0489951 3.98407e-05
        2000   0.0491126   0.0489997 3.85435e-05
        2000   0.0487372   0.0489899  3.8341e-05
        2000   0.0490969   0.0489938 3.71434e-05
        2000   0.0488096   0.0489874  3.6398e-05
        2000   0.0491657   0.0489934 3.56627e-05
        2000   0.0492899   0.0490029  3.5795e-05
        2000    0.049161   0.0490079 3.50087e-05
        2000   0.0489916   0.0490074 3.39348e-05
        2000   0.0493363    0.049017 3.43138e-05
        2000   0.0487548   0.0490095 3.41512e-05
        2000   0.0489674   0.0490084 3.32096e-05
        2000   0.0494422   0.0490201 3.43619e-05
        2000   0.0489781    0.049019 3.34637e-05
        2000   0.0491473   0.0490223 3.27598e-05
        2000   0.0488202   0.0490172 3.23275e-05
        2000    0.049131     0.04902 3.16511e-05
        2000   0.0491725   0.0490236 3.11009e-05
        2000   0.0487923   0.0490183 3.08418e-05
        2000   0.0489062   0.0490157 3.02402e-05
        2000   0.0493953   0.0490241 3.07406e-05
        2000   0.0491171   0.0490262 3.01328e-05
        2000   0.0488963   0.0490234 2.96138e-05
        2000   0.0489167   0.0490212 2.90753e-05
        2000   0.0486234   0.0490131 2.96104e-05
        2000   0.0490111    0.049013 2.90122e-05
