        2000   -0.408613   -0.408613           0
        2000    -0.40646   -0.407536  0.00107669
        2000   -0.413626   -0.409566  0.00212305
        2000   -0.414978   -0.410919  0.00202086
        2000   -0.410608   -0.410857  0.00156658
        2000   -0.412661   -0.411158  0.00131396
        2000   -0.409686   -0.410947  0.00113023
        2000   -0.413316   -0.411243  0.00102261
        2000   -0.412045   -0.411332 0.000906236
        2000   -0.415166   -0.411716 0.000896654
        2000   -0.404777   -0.411085  0.00102747
        2000    -0.42027    -0.41185   0.0012106
        2000   -0.414306   -0.412039  0.00112949
        2000   -0.419108   -0.412544  0.00116122
        2000   -0.418436   -0.412937  0.00115017
        2000   -0.414235   -0.413018  0.00107894
        2000   -0.414536   -0.413107  0.00101742
        2000   -0.414038   -0.413159 0.000960622
        2000   -0.415008   -0.413256 0.000913854
        2000   -0.409378   -0.413062 0.000888379
        2000   -0.412301   -0.413026 0.000845796
        2000   -0.417429   -0.413226 0.000830897
        2000   -0.416735   -0.413379 0.000808471
        2000   -0.413054   -0.413365 0.000774171
        2000   -0.418952   -0.413589 0.000775458
        2000   -0.421198   -0.413881 0.000800449
        2000   -0.408536   -0.413683 0.000795266
        2000   -0.412813   -0.413652 0.000766967
        2000   -0.417775   -0.413795 0.000753575
        2000   -0.416104   -0.413872 0.000732082
        2000   -0.412587    -0.41383 0.000709285
        2000   -0.410589   -0.413729  0.00069419
        2000   -0.415754    -0.41379 0.000675618
        2000   -0.417863    -0.41391 0.000666303
        2000   -0.413506   -0.413898 0.000647088
        2000   -0.421065   -0.414098  0.00065961
        2000   -0.413682   -0.414086 0.000641633
        2000   -0.417781   -0.414184 0.000632043
        2000   -0.413345   -0.414162 0.000615999
        2000   -0.412539   -0.414121 0.000601771
        2000   -0.416776   -0.414186  0.00059047
        2000    -0.41466   -0.414197  0.00057635
        2000   -0.413253   -0.414176 0.000563215
        2000   -0.416719   -0.414233 0.000553295
        2000    -0.40624   -0.414056  0.00056928
        2000   -0.412091   -0.414013 0.000558402
        2000   -0.419754   -0.414135 0.000559878
        2000   -0.416348   -0.414181 0.000550026
        2000   -0.420136   -0.414303  0.00055222
        2000   -0.409879   -0.414214 0.000548248
