           0,0
           0,0
           0,0
           0,0
           0,0
           0,0
           0,0
           0,0
           0,0
           0,0
           0,0
           0,0
           0,0
 0.000736379,0.00010091
    0.148025,0.00123114
     1.06205,0.00346066
     2.04472,0.00521405
     2.26975,0.00647985
     2.08381,0.00647448
     1.82777,0.00468668
     1.61252,0.00361179
     1.45403,0.00266065
     1.33595,0.00273707
     1.25132,0.00234667
     1.18915,0.00280758
     1.14298,0.00226829
     1.11313,0.00261756
     1.08803,0.00223912
     1.07456,0.00229666
     1.06554,0.00186531
     1.05956,0.00170945
     1.05595,0.00194883
     1.05604,0.00188549
     1.05002,0.00188024
     1.04699,0.0014761
     1.04139,0.00194883
      1.0366,0.00154351
     1.03135,0.00151215
     1.02813,0.00156802
     1.02017,0.00120606
     1.01734,0.0016762
     1.01187,0.00156151
     1.01046,0.00122868
     1.00692,0.00152319
     1.00706,0.00133836
      1.0026,0.00127808
      1.0003,0.00105089
    0.999771,0.00107299
    0.996877,0.00134565
     0.99773,0.00107629
    0.997598,0.0011099
     0.99584,0.000975901
    0.994673,0.000998812
    0.994017,0.00114731
      0.9927,0.000901592
    0.991611,0.000864436
    0.992178,0.000929142
    0.991061,0.000853429
    0.990363,0.000854216
    0.991497,0.000893117
    0.989473,0.000847069
    0.989343,0.000617552
     0.98934,0.000888001
    0.989617,0.000813723
    0.988404,0.00075288
     0.98822,0.000658772
    0.987561,0.000704718
     0.98757,0.00069363
    0.987484,0.000660105
    0.987473,0.000738709
    0.987242,0.000611809
     0.98753,0.000710221
    0.986487,0.000666097
    0.987764,0.000615058
    0.987867,0.000641411
    0.987038,0.000571638
    0.986989,0.000583596
    0.987488,0.000571915
    0.986742,0.000598971
    0.986264,0.000600754
    0.986639,0.00058644
    0.986086,0.000640176
    0.987469,0.000493844
    0.986962,0.000605418
    0.985995,0.000512818
    0.985579,0.000514183
    0.986752,0.000487471
     0.98559,0.000502446
    0.986243,0.000536215
    0.986181,0.000540783
    0.987197,0.000506364
    0.986494,0.000533515
    0.986327,0.00053731
    0.986647,0.00055355
    0.986405,0.000445281
    0.985983,0.00054319
    0.986601,0.000508013
    0.985879,0.00046553
    0.986297,0.000511977
    0.986324,0.000419248
