0.793591
0.771664
0.735023
0.684817
0.62285
0.551887
0.47574
0.399174
0.3276
0.26639
0.21999
0.191083
0.180096
0.185261
0.203167
0.229574
0.260219
0.291388
0.320229
0.344826
0.364146
0.377894
0.386354
0.3902
0.390409
0.388079
0.384334
0.380247
0.376784
0.374673
0.374395
0.37617
0.379959
0.385542
0.392473
0.40027
0.408435
0.416505
0.42409
0.430852
0.436557
0.440984
0.443929
0.445242
0.444771
0.442432
0.438215
0.432313
0.425166
0.417447
0.41002
0.403799
0.399628
0.398176
0.399768
0.404319
0.411326
0.420039
0.429499
0.438713
0.446758
0.452924
0.456714
0.457878
0.456391
0.452503
0.44666
0.439486
0.431649
0.423769
0.416293
0.409431
0.40323
0.397621
0.392587
0.388269
0.384999
0.383229
0.383357
0.385461
0.389191
0.393785
0.398359
0.402279
0.405329
0.407655
0.409586
0.411398
0.413119
0.414556
0.415323
0.415056
0.413526
0.410694
0.406765
0.402046
0.396901
0.391643
0.386589
0.382022
0.378216
0.375436
0.373978
0.374064
0.375811
0.379186
0.384007
0.389921
0.396516
0.403358
0.410051
0.416317
0.422012
0.427055
0.431366
0.434853
0.437368
0.438758
0.438901
0.437706
0.435206
0.431618
0.427222
0.422432
0.417659
0.413298
0.409615
0.406725
0.404604
0.403133
0.402109
0.401315
0.40055
0.399732
0.398875
0.398156
0.397891
0.398441
0.400087
0.402955
0.406889
0.41143
0.415938
0.419683
0.42203
0.422556
0.421161
0.418099
0.413851
0.409046
0.404274
0.399883
0.396006
0.392504
0.389072
0.385449
0.381556
0.377586
0.373995
0.371449
0.370633
0.372066
0.375997
0.382355
0.390749
0.400578
0.41116
0.421803
0.431921
0.441057
0.44886
0.455139
0.459764
0.462656
0.463735
0.463023
0.460573
0.456522
0.451059
0.444413
0.436826
0.428468
0.419481
0.410018
0.400278
0.390579
0.381331
0.373018
0.366083
0.360877
0.357581
0.356193
0.356569
0.358462
0.36162
0.365811
0.370831
0.376501
0.382663
0.389159
0.395799
0.402411
0.408833
0.41493
0.420687
0.42613
0.431334
0.436356
0.441216
0.445842
0.450049
0.453556
0.45608
0.457319
0.457064
0.455115
0.451346
0.445741
0.438452
0.429876
0.420518
0.410973
0.401833
0.393581
0.386583
0.381095
0.37735
0.375618
0.376082
0.378717
0.383283
0.389289
0.39608
0.402994
0.409385
0.414711
0.41856
0.420638
0.420835
0.419219
0.416013
0.411564
0.406372
0.400972
0.39588
0.39149
0.388131
0.386039
0.385418
0.386411
0.389065
0.393325
0.39898
0.405593
0.41266
0.419675
0.426183
0.431853
0.436546
0.440282
0.443096
0.445039
0.446101
0.446187
0.445115
0.442704
0.438862
0.433678
0.427385
0.420401
0.413239
0.406366
0.400159
0.394856
0.39052
0.387034
0.384255
0.382022
0.380199
0.378803
0.377981
0.377969
0.379063
0.381505
0.385412
0.390674
0.396914
0.403607
0.410075
0.415609
0.419592
0.421653
0.421719
0.420081
0.4173
0.414023
0.410872
0.408269
0.40641
0.405284
0.404784
0.404758
0.405054
0.40555
0.406183
0.406965
0.407939
0.409154
0.41062
0.412296
0.414067
0.415667
0.416752
0.416943
0.415933
0.41352
0.409745
0.404961
0.399729
0.394768
0.3908
0.388385
0.387819
0.38912
0.391976
0.395861
0.400077
0.403937
0.406911
0.408713
0.409392
0.409278
0.408866
0.408659
0.409037
0.410172
0.4121
0.414706
0.417775
0.421009
0.424047
0.426493
0.427926
0.427939
0.426271
0.422896
0.418014
0.41213
0.405949
0.400339
0.396121
0.393945
0.394115
0.396556
0.400853
0.406295
0.412045
0.417261
0.421237
0.423436
0.423593
0.421701
0.418001
0.412871
0.406813
0.400285
0.393708
0.38748
0.381997
0.377732
0.375194
0.37484
0.376979
0.38169
0.388776
0.397759
0.407994
0.41869
0.428977
0.43802
0.445108
0.449707
0.451499
0.450441
0.446762
0.440963
0.433745
0.425908
0.418236
0.411372
0.405791
0.401762
0.399316
0.398322
0.398462
0.399307
0.400298
0.400856
0.400529
0.399081
0.396545
0.393172
0.389405
0.385749
0.382642
0.380444
0.379373
0.379537
0.381002
0.383768
0.38781
0.392995
0.39913
0.405953
0.413099
0.420156
0.426654
0.432124
0.436224
0.438692
0.439453
0.438588
0.436319
0.433009
0.429057
0.424917
0.421015
0.417712
0.415175
0.413442
0.412409
0.411812
0.411303
0.410469
0.408948
0.40648
0.403026
0.398731
0.393946
0.389248
0.385332
0.382878
0.382387
0.384059
0.387664
0.392618
0.39804
0.40304
0.406964
0.409533
0.41094
0.411785
0.412844
0.414781
0.417814
0.42171
0.425896
0.429712
0.43269
0.434593
0.435339
0.43501
0.433724
0.431553
0.428618
0.425099
0.421195
0.417215
0.413347
0.409732
0.406432
0.403506
0.401044
0.39919
0.398183
0.398331
0.399905
0.403043
0.407728
0.41367
0.420377
0.427159
0.433188
0.437731
0.440055
0.439618
0.436126
0.429608
0.420413
0.4092
0.39693
0.384783
0.373967
0.365609
0.360584
0.359432
0.362231
0.368521
0.377376
0.387521
0.397466
0.4058
0.411448
0.413863
0.413116
0.409853
0.405142
0.400216
0.396163
0.393767
0.393334
0.394737
0.397545
0.401091
0.404685
0.407737
0.409823
0.410782
0.410693
0.409856
0.408695
0.40767
0.40719
0.407533
0.408807
0.410956
0.413879
0.417411
0.42145
0.425885
0.430618
0.435504
0.440364
0.44493
0.448908
0.452043
0.454108
0.454852
0.45409
0.451696
0.447598
0.44186
0.434752
0.426719
0.418328
0.410061
0.402227
0.394889
0.387891
0.38104
0.374228
0.36753
0.361224
0.355708
0.351444
0.348865
0.348274
0.349802
0.353425
0.358996
0.366212
0.374745
0.384204
0.394159
0.404178
0.413844
0.422759
0.430555
0.436861
0.441384
0.443955
0.444509
0.443102
0.439846
0.434929
0.428617
0.421208
0.413103
0.404793
0.396828
0.389812
0.384374
0.380998
0.380079
0.381822
0.386139
0.392543
0.400224
0.408186
0.415499
0.421458
0.425686
0.428114
0.42889
0.428318
0.426725
0.424514
0.422078
0.419759
0.417874
0.416581
0.415855
0.415544
0.41547
0.415445
0.415344
0.415152
0.414874
0.414582
0.414391
0.414429
0.414765
0.415448
0.416411
0.417461
0.418265
0.418396
0.417458
0.415136
0.411282
0.405998
0.399633
0.392764
0.386114
0.380449
0.376441
0.374533
0.374885
0.377376
0.381647
0.387135
0.393167
0.39897
0.403733
0.406751
0.407561
0.406095
0.402747
0.398308
0.393832
0.390435
0.389044
0.390266
0.394256
0.400695
0.408911
0.417934
0.426747
0.434447
0.440402
0.444271
0.44604
0.445942
0.444352
0.44168
0.438236
0.434235
0.429748
0.424823
0.419545
0.414069
0.40865
0.403672
0.399592
0.396812
0.395605
0.396064
0.39804
0.401144
0.404808
0.408415
0.4114
0.413308
0.413901
0.413126
0.411092
0.408004
0.404141
0.399846
0.39548
0.391421
0.388002
0.385631
0.384666
0.385405
0.388072
0.392739
0.399291
0.407407
0.416516
0.425844
0.43455
0.441842
0.447136
0.450012
0.450196
0.447541
0.442057
0.433947
0.423725
0.412242
0.400685
0.390418
0.382791
0.378759
0.37876
0.382591
0.389507
0.398387
0.408035
0.417361
0.425496
0.431817
0.4359
0.437478
0.436422
0.43277
0.426783
0.41893
0.409905
0.400537
0.391682
0.38408
0.378258
0.374511
0.372927
0.373381
0.375592
0.379143
0.383554
0.38834
0.393118
0.397666
0.40194
0.406063
0.410164
0.414387
0.418768
0.423218
0.427506
0.431306
0.434258
0.436017
0.436257
0.434767
0.431466
0.426431
0.41991
0.412312
0.40421
0.396258
0.38916
0.383606
0.380167
0.379145
0.380454
0.383656
0.388004
0.392631
0.396767
0.399887
0.401817
0.402693
0.40289
0.402938
0.403404
0.404764
0.40729
0.410956
0.415491
0.420453
0.425351
0.429751
0.433325
0.435812
0.436999
0.43671
0.434757
0.4311
0.425812
0.419227
0.4119
0.404596
0.398233
0.393623
0.391375
0.391673
0.394222
0.398311
0.403061
0.407583
0.411183
0.413416
0.414131
0.413436
0.411597
0.408999
0.406045
0.403131
0.40056
0.398604
0.397495
0.397446
0.398571
0.40091
0.404316
0.40852
0.413065
0.417448
0.421106
0.42355
0.424475
0.423807
0.421717
0.418508
0.414555
0.410357
0.406467
0.403454
0.401794
0.401823
0.403583
0.406885
0.411281
0.416224
0.421138
0.42554
0.429047
0.431436
0.432662
0.43282
0.432106
0.43076
0.428895
0.42645
0.423325
0.419442
0.414828
0.409686
0.404401
0.399463
0.395279
0.392078
0.389882
0.388497
0.387621
0.387005
0.386503
0.386141
0.386046
0.386486
0.387732
0.389996
0.393369
0.397754
0.40287
0.408336
0.413717
0.418581
0.422526
0.425243
0.426512
0.426216
0.424389
0.421189
0.416881
0.411855
0.4066
0.401627
0.397405
0.394251
0.392359
0.391851
0.392759
0.395043
0.398626
0.403329
0.408876
0.414818
0.420608
0.425659
0.429413
0.431478
0.431654
0.430032
0.426888
0.422567
0.417492
0.412056
0.406622
0.401513
0.397039
0.393514
0.391183
0.390135
0.390287
0.39129
0.392623
0.393703
0.39396
0.392994
0.390702
0.387371
0.383668
0.380546
0.379054
0.380076
0.384166
0.391408
0.401359
0.413142
0.425568
0.437341
0.44725
0.454332
0.458061
0.458405
0.455771
0.450946
0.444869
0.438441
0.432385
0.427121
0.422824
0.419512
0.417141
0.415655
0.414968
0.414911
0.415174
0.415255
0.414613
0.412689
0.409091
0.403643
0.396471
0.387968
0.378833
0.369965
0.362273
0.356531
0.353277
0.352707
0.354807
0.359378
0.366116
0.37466
0.384642
0.395669
0.407342
0.419258
0.430935
0.441845
0.451353
0.458789
0.46356
0.465245
0.463638
0.458802
0.450999
0.440741
0.428694
0.415659
0.402591
0.390492
0.380369
0.373158
0.369567
0.369872
0.373861
0.380878
0.389954
0.400054
0.410199
0.419564
0.427455
0.43337
0.436979
0.438118
0.436863
0.43348
0.428391
0.422086
0.415071
0.407824
0.40085
0.394693
0.38983
0.386662
0.385401
0.386058
0.388461
0.392252
0.39705
0.402529
0.408467
0.414718
0.421172
0.427657
0.433883
0.820921
0.837909
0.847559
0.848035
0.838184
0.817624
0.786883
0.747462
0.701952
0.653952
0.607997
0.568904
0.540579
0.524841
0.520918
0.525787
0.535273
0.545301
0.552628
0.555205
0.552146
0.543696
0.531156
0.516878
0.504061
0.496276
0.496583
0.506663
0.526251
0.553394
0.585093
0.618141
0.649582
0.677134
0.699273
0.715211
0.724772
0.728322
0.726624
0.720711
0.711759
0.70089
0.689069
0.677101
0.665503
0.654626
0.644668
0.63556
0.626957
0.618065
0.607842
0.595288
0.579731
0.561166
0.540604
0.520219
0.503275
0.493327
0.492914
0.502361
0.519737
0.541876
0.565558
0.588224
0.608083
0.623941
0.635134
0.641497
0.643308
0.641334
0.636727
0.630796
0.624851
0.620103
0.617506
0.617749
0.621184
0.627786
0.637089
0.648277
0.660275
0.67184
0.681764
0.688923
0.692369
0.69148
0.685928
0.675763
0.661463
0.643817
0.623882
0.602884
0.582049
0.562433
0.544656
0.528784
0.514478
0.501366
0.489587
0.479968
0.47398
0.473246
0.478914
0.491158
0.509144
0.53132
0.555854
0.580904
0.604759
0.625935
0.643178
0.655669
0.66317
0.666244
0.666206
0.66486
0.663919
0.664363
0.666132
0.668273
0.669447
0.668524
0.664994
0.659082
0.651457
0.64298
0.634491
0.62672
0.620143
0.615028
0.61141
0.609153
0.608111
0.608149
0.608976
0.610061
0.610535
0.609365
0.605694
0.599161
0.59002
0.57883
0.566147
0.552503
0.538625
0.525627
0.515017
0.508408
0.50708
0.511677
0.521983
0.536955
0.554968
0.574202
0.592978
0.609869
0.623786
0.634057
0.640477
0.643318
0.643305
0.641435
0.638786
0.63639
0.634939
0.634877
0.636386
0.639436
0.643771
0.648976
0.654444
0.659508
0.663427
0.665419
0.664629
0.660244
0.651617
0.638533
0.621459
0.601549
0.580517
0.560233
0.542332
0.527917
0.517452
0.510855
0.507701
0.507417
0.509429
0.513298
0.518735
0.525612
0.533947
0.543815
0.555235
0.568031
0.581807
0.596025
0.610183
0.623998
0.637393
0.650397
0.662858
0.674331
0.684126
0.691442
0.695586
0.69618
0.693301
0.687528
0.679701
0.670686
0.661271
0.651907
0.642761
0.633744
0.624645
0.615371
0.60606
0.596973
0.588303
0.579881
0.571087
0.561211
0.549862
0.537273
0.524371
0.512507
0.503063
0.497161
0.495515
0.498364
0.50553
0.516465
0.530358
0.546332
0.563594
0.581503
0.599494
0.617083
0.633772
0.649134
0.662875
0.674869
0.685034
0.693377
0.699811
0.704114
0.705954
0.704957
0.700812
0.693547
0.683523
0.671445
0.658157
0.644593
0.631585
0.619848
0.609786
0.601411
0.594367
0.587853
0.580887
0.572567
0.562434
0.550565
0.537717
0.524993
0.513574
0.504349
0.497698
0.493603
0.491852
0.492316
0.495215
0.501037
0.510367
0.523444
0.53988
0.558666
0.578462
0.598068
0.616684
0.633845
0.649334
0.663047
0.674883
0.684751
0.692581
0.69831
0.701868
0.703233
0.702314
0.698951
0.692948
0.684193
0.672947
0.659931
0.646146
0.632697
0.620487
0.610046
0.601478
0.59449
0.588468
0.582632
0.576177
0.568497
0.559292
0.548682
0.537205
0.52584
0.515915
0.508888
0.505916
0.507619
0.513916
0.52423
0.537624
0.553029
0.569351
0.585589
0.600873
0.614639
0.62656
0.636508
0.644641
0.651252
0.656714
0.661362
0.665524
0.669415
0.673096
0.676545
0.679597
0.681961
0.683161
0.682644
0.679823
0.674188
0.665503
0.653928
0.639977
0.62445
0.608214
0.592066
0.576643
0.562569
0.550437
0.540564
0.532635
0.525671
0.518609
0.511033
0.503525
0.49743
0.494294
0.495331
0.501093
0.511473
0.525763
0.542832
0.561282
0.579609
0.596363
0.610269
0.620472
0.62674
0.629584
0.630149
0.630022
0.630736
0.633527
0.639042
0.647278
0.657719
0.669512
0.681576
0.692631
0.701318
0.706275
0.706187
0.700214
0.688201
0.67079
0.649493
0.626433
0.603977
0.584359
0.569341
0.560013
0.556661
0.55882
0.565356
0.574585
0.584492
0.593194
0.599275
0.602002
0.601331
0.59793
0.592961
0.587915
0.584161
0.582511
0.58303
0.585191
0.588302
0.591815
0.595402
0.598826
0.601859
0.604248
0.605727
0.605968
0.604779
0.602093
0.598188
0.593715
0.589734
0.587577
0.588502
0.593205
0.601484
0.612245
0.623744
0.63405
0.641446
0.644717
0.643308
0.637309
0.627444
0.614786
0.600639
0.586396
0.573379
0.562736
0.555317
0.5516
0.551635
0.5551
0.561408
0.569835
0.57967
0.590247
0.600931
0.611121
0.620201
0.627556
0.632704
0.635456
0.635907
0.634456
0.631781
0.628668
0.625999
0.624422
0.624404
0.625971
0.62856
0.631133
0.632486
0.631496
0.627434
0.620118
0.609953
0.597958
0.585473
0.574068
0.565204
0.559831
0.558099
0.559349
0.562265
0.565322
0.567251
0.567369
0.56566
0.562712
0.55947
0.556997
0.556268
0.558038
0.562798
0.570718
0.581479
0.594385
0.608329
0.622064
0.634356
0.644243
0.651169
0.654955
0.65573
0.653833
0.649649
0.643614
0.636154
0.627875
0.619469
0.611855
0.606103
0.603283
0.604234
0.609342
0.618351
0.630377
0.643919
0.657178
0.668262
0.675467
0.677624
0.674144
0.665047
0.650947
0.633052
0.613025
0.592839
0.574602
0.560237
0.551001
0.547189
0.548211
0.552769
0.559314
0.566538
0.573647
0.580347
0.586577
0.592381
0.597788
0.602709
0.60688
0.609845
0.611097
0.610329
0.607613
0.603506
0.598939
0.594909
0.59226
0.591406
0.592318
0.594653
0.597902
0.601569
0.605348
0.609031
0.61249
0.615507
0.617661
0.618543
0.617905
0.615764
0.612378
0.608256
0.603978
0.599992
0.596466
0.59332
0.590343
0.587366
0.584487
0.582061
0.580652
0.58094
0.583451
0.588363
0.595448
0.604098
0.613413
0.622286
0.629651
0.634691
0.636761
0.635529
0.630935
0.623221
0.612974
0.601228
0.589359
0.578984
0.571659
0.568396
0.569345
0.573682
0.579938
0.586439
0.591824
0.595243
0.596478
0.595942
0.594382
0.59275
0.591924
0.592439
0.594488
0.598143
0.603407
0.610151
0.617957
0.62603
0.633267
0.638381
0.640257
0.638207
0.632119
0.622489
0.610364
0.597178
0.58448
0.573673
0.565875
0.56178
0.561673
0.565455
0.572847
0.583376
0.596262
0.610442
0.624504
0.636808
0.645721
0.649989
0.649069
0.643378
0.634365
0.62419
0.61515
0.609045
0.606651
0.607621
0.610863
0.614828
0.618052
0.619409
0.618222
0.61425
0.607605
0.598662
0.588035
0.576598
0.565358
0.555364
0.547511
0.542369
0.540137
0.540692
0.543792
0.549269
0.557055
0.567213
0.579693
0.59407
0.609426
0.624459
0.637826
0.648415
0.655595
0.659287
0.659897
0.658061
0.654464
0.649628
0.643885
0.637314
0.629704
0.620695
0.609938
0.597384
0.583424
0.568949
0.555301
0.543918
0.536111
0.532773
0.534288
0.54056
0.551002
0.564636
0.580188
0.59617
0.611056
0.623517
0.632641
0.637966
0.639405
0.637156
0.631518
0.622829
0.611575
0.598577
0.585237
0.573554
0.565745
0.563552
0.567629
0.577441
0.591545
0.607906
0.624322
0.638713
0.649398
0.65523
0.6556
0.650388
0.639905
0.62496
0.607073
0.58849
0.571952
0.560081
0.554656
0.556232
0.564233
0.577308
0.593871
0.612436
0.631618
0.649988
0.665967
0.678026
0.684868
0.685665
0.680153
0.668745
0.652447
0.632743
0.611421
0.590256
0.570836
0.554403
0.54181
0.533551
0.529733
0.530178
0.534458
0.541735
0.550965
0.560995
0.570774
0.579554
0.586919
0.592777
0.597265
0.600642
0.603133
0.604804
0.60557
0.605242
0.603745
0.601202
0.598038
0.594881
0.59246
0.591457
0.592393
0.595416
0.60034
0.606623
0.613452
0.619972
0.625463
0.629521
0.632117
0.633439
0.633594
0.632432
0.629549
0.6246
0.617586
0.609105
0.600254
0.592341
0.5864
0.58286
0.581483
0.581581
0.582291
0.583012
0.583515
0.583913
0.584466
0.585308
0.586297
0.587028
0.58705
0.586083
0.584147
0.581627
0.579228
0.577869
0.578447
0.581671
0.587862
0.596894
0.608115
0.620511
0.632932
0.644231
0.653387
0.659504
0.661957
0.660474
0.655342
0.647318
0.637638
0.627707
0.618842
0.612006
0.607685
0.605746
0.605527
0.60607
0.606411
0.605897
0.604297
0.601729
0.598476
0.594827
0.59093
0.586867
0.582698
0.578646
0.575159
0.572905
0.572644
0.574958
0.580021
0.587606
0.597191
0.608144
0.619785
0.63146
0.642479
0.651996
0.659074
0.662784
0.662331
0.657231
0.647437
0.633378
0.615953
0.596411
0.576272
0.557037
0.540005
0.526134
0.516062
0.510171
0.508655
0.511496
0.518449
0.528887
0.541735
0.555685
0.569556
0.58251
0.594129
0.604278
0.612979
0.620225
0.625989
0.630342
0.633481
0.635832
0.637856
0.64001
0.642615
0.645715
0.64903
0.65196
0.653704
0.653355
0.650239
0.644115
0.635351
0.624957
0.614406
0.60523
0.598573
0.594857
0.59366
0.593847
0.594111
0.593268
0.590796
0.586834
0.581979
0.576994
0.572492
0.568831
0.566095
0.564123
0.562748
0.561868
0.561677
0.562545
0.564935
0.569228
0.575588
0.584112
0.594722
0.607075
0.620404
0.633354
0.644175
0.651151
0.652976
0.64922
0.640413
0.627949
0.613851
0.600281
0.589178
0.581982
0.57948
0.581697
0.587918
0.596916
0.607162
0.617041
0.625054
0.630029
0.631155
0.628019
0.62084
0.610431
0.598246
0.586097
0.575846
0.568933
0.565998
0.566557
0.569172
0.572088
0.573937
0.574306
0.573763
0.573594
0.575196
0.579629
0.58732
0.597874
0.610192
0.622687
0.633719
0.641943
0.646581
0.647614
0.645702
0.641933
0.637503
0.633261
0.629586
0.626436
0.623482
0.620302
0.616519
0.61199
0.60681
0.601447
0.596537
0.592544
0.589606
0.587472
0.585585
0.583258
0.579965
0.575511
0.570136
0.564504
0.559667
0.556759
0.556542
0.55908
0.563594
0.568774
0.573398
0.576772
0.57891
0.58046
0.58242
0.58589
0.591712
0.600187
0.610895
0.622652
0.633743
0.64221
0.646341
0.64508
0.638214
0.626473
0.611595
0.596062
0.582493
0.572984
0.568488
0.568726
0.828418
0.86075
0.891669
0.917049
0.933016
0.936525
0.925804
0.900805
0.86364
0.818626
0.771981
0.730299
0.698644
0.679142
0.671083
0.671997
0.678726
0.688123
0.697487
0.704822
0.708912
0.709279
0.705902
0.69924
0.690163
0.679934
0.670126
0.662466
0.658629
0.660054
0.667603
0.681275
0.700179
0.722645
0.746631
0.77023
0.792053
0.811148
0.826897
0.838851
0.846433
0.84905
0.846377
0.838601
0.826645
0.812192
0.797122
0.782863
0.769744
0.756948
0.74289
0.725677
0.703841
0.677306
0.648532
0.622828
0.606703
0.604649
0.616643
0.638472
0.664096
0.688151
0.707523
0.72122
0.729693
0.733859
0.734364
0.731489
0.725581
0.717817
0.710509
0.706756
0.709089
0.718504
0.734213
0.754308
0.776215
0.797322
0.815431
0.829092
0.837697
0.841173
0.839841
0.834285
0.82531
0.81399
0.801597
0.789389
0.778161
0.767793
0.757165
0.744458
0.727832
0.70635
0.680982
0.654891
0.632659
0.618471
0.61416
0.618857
0.630085
0.644961
0.661212
0.677405
0.69286
0.707329
0.720776
0.733165
0.74428
0.753665
0.760667
0.764574
0.764855
0.761386
0.754562
0.745324
0.73498
0.724736
0.715468
0.707665
0.701623
0.697742
0.696489
0.698236
0.703036
0.710506
0.719869
0.730092
0.739993
0.748322
0.75399
0.756152
0.754312
0.748345
0.738438
0.72482
0.707857
0.688172
0.666876
0.645859
0.627611
0.614744
0.609183
0.61147
0.62059
0.634401
0.650325
0.665901
0.679137
0.688825
0.694533
0.696623
0.696163
0.694735
0.694246
0.696585
0.703114
0.714206
0.72905
0.745974
0.763078
0.77897
0.793321
0.806886
0.820756
0.834964
0.847679
0.855641
0.855699
0.846033
0.826806
0.800047
0.769228
0.738743
0.712971
0.695007
0.685606
0.683146
0.684728
0.68774
0.690793
0.693818
0.697329
0.701528
0.705795
0.709023
0.710231
0.709034
0.705712
0.701067
0.696221
0.692366
0.690608
0.691728
0.696057
0.703465
0.713289
0.724572
0.736197
0.747162
0.756553
0.763606
0.767717
0.768487
0.765706
0.759417
0.749904
0.737683
0.723374
0.70765
0.691293
0.675328
0.660992
0.649662
0.642518
0.640277
0.642975
0.650077
0.660597
0.673141
0.686048
0.697557
0.706138
0.71086
0.711562
0.708888
0.704073
0.698556
0.693727
0.690805
0.69087
0.694787
0.702855
0.714533
0.72862
0.743836
0.759218
0.77412
0.78797
0.800205
0.810221
0.817564
0.822222
0.824718
0.826143
0.82775
0.829914
0.831682
0.831078
0.826174
0.815924
0.800391
0.780512
0.757656
0.733274
0.708749
0.685276
0.663828
0.645279
0.630438
0.619916
0.614044
0.612736
0.615521
0.621647
0.63008
0.639513
0.648604
0.656435
0.66299
0.66928
0.676734
0.686323
0.698085
0.711149
0.724301
0.736431
0.746794
0.755021
0.760876
0.76435
0.765623
0.765163
0.76373
0.762133
0.761059
0.761048
0.762863
0.767689
0.776483
0.788774
0.802282
0.813785
0.820257
0.819457
0.810073
0.791725
0.765082
0.731956
0.695338
0.6591
0.627559
0.604867
0.59406
0.596264
0.610088
0.631903
0.657144
0.681851
0.703752
0.722225
0.737539
0.750125
0.760088
0.767279
0.77165
0.773522
0.773597
0.77283
0.772067
0.771888
0.772486
0.773635
0.774888
0.775853
0.776358
0.776491
0.776681
0.777264
0.778438
0.78006
0.781676
0.782649
0.782169
0.779478
0.774092
0.765844
0.754841
0.74134
0.725762
0.708716
0.691121
0.674118
0.659018
0.647014
0.638997
0.635411
0.636202
0.640852
0.648383
0.657508
0.666801
0.675028
0.681353
0.685639
0.688435
0.690772
0.69379
0.698411
0.704949
0.713031
0.721899
0.730718
0.73896
0.746372
0.752819
0.75796
0.761192
0.761918
0.759965
0.75577
0.750355
0.745083
0.741226
0.739598
0.740177
0.742053
0.743709
0.743505
0.740512
0.734971
0.727789
0.719642
0.71101
0.702883
0.69721
0.695952
0.699689
0.707081
0.71589
0.724514
0.732606
0.74091
0.750448
0.761611
0.773817
0.785729
0.795715
0.802479
0.805335
0.804443
0.800767
0.795767
0.790962
0.787575
0.786153
0.78642
0.787241
0.786902
0.783657
0.776308
0.764829
0.750558
0.735828
0.723142
0.714234
0.709493
0.708202
0.70924
0.711621
0.714598
0.717545
0.719662
0.719819
0.71672
0.709325
0.697205
0.680909
0.661996
0.642747
0.625826
0.613686
0.607987
0.609199
0.616566
0.628482
0.643007
0.658453
0.673609
0.687766
0.700482
0.71151
0.720724
0.728018
0.733491
0.737512
0.740618
0.743367
0.746202
0.749393
0.752936
0.756688
0.760351
0.763431
0.765394
0.765764
0.764244
0.760915
0.756302
0.75116
0.746341
0.742466
0.739891
0.73867
0.738615
0.739291
0.740203
0.740753
0.740177
0.737548
0.731965
0.7229
0.710591
0.69606
0.680878
0.66689
0.656008
0.649999
0.650237
0.657461
0.67151
0.691346
0.715019
0.739863
0.762818
0.781036
0.792635
0.797159
0.795609
0.789851
0.781779
0.772514
0.762311
0.75104
0.738917
0.726871
0.716369
0.708758
0.704674
0.703802
0.70501
0.706865
0.708094
0.708
0.706639
0.704666
0.703121
0.702983
0.70486
0.70865
0.713548
0.718541
0.722974
0.726766
0.73035
0.734331
0.739084
0.744432
0.749627
0.753614
0.755295
0.753928
0.749208
0.741321
0.730782
0.718434
0.705412
0.693229
0.683669
0.678485
0.678919
0.68531
0.696957
0.712412
0.729997
0.747925
0.764347
0.777382
0.785244
0.786694
0.781303
0.769674
0.753537
0.735505
0.718565
0.705331
0.697453
0.695382
0.698468
0.705401
0.714556
0.724359
0.733519
0.741045
0.746235
0.748561
0.747517
0.742688
0.733754
0.720904
0.705062
0.687902
0.671664
0.658593
0.650356
0.647643
0.650211
0.657167
0.667426
0.68009
0.694578
0.710635
0.727937
0.745728
0.762796
0.777623
0.788968
0.796197
0.799356
0.798943
0.795456
0.789122
0.779743
0.766981
0.750772
0.7317
0.711207
0.691521
0.675171
0.664419
0.660646
0.664024
0.673577
0.687478
0.703638
0.720078
0.735205
0.747757
0.756856
0.761857
0.762425
0.758458
0.750237
0.738476
0.724321
0.709271
0.69505
0.683472
0.676039
0.673333
0.674636
0.678307
0.68262
0.68642
0.689331
0.691637
0.694225
0.698171
0.704308
0.712714
0.722601
0.732582
0.7413
0.747838
0.751886
0.753608
0.75341
0.751798
0.749342
0.746616
0.744127
0.742349
0.741649
0.742125
0.743591
0.745491
0.747076
0.747729
0.747237
0.745857
0.744102
0.742231
0.739953
0.736522
0.731072
0.722944
0.711802
0.698045
0.682901
0.668304
0.656596
0.649941
0.649883
0.657115
0.671507
0.692105
0.717169
0.744354
0.771005
0.794525
0.812796
0.824334
0.828409
0.825044
0.814891
0.799039
0.778965
0.756416
0.733163
0.710775
0.69042
0.672741
0.657915
0.645816
0.636105
0.628528
0.62305
0.619907
0.619514
0.622365
0.628789
0.638771
0.651905
0.667485
0.684664
0.702555
0.720233
0.736789
0.751319
0.763044
0.771414
0.776283
0.777832
0.776443
0.772599
0.766676
0.759084
0.750535
0.742076
0.734866
0.729847
0.727299
0.726833
0.727569
0.728385
0.728151
0.725785
0.720514
0.71212
0.701214
0.689276
0.67836
0.670477
0.666869
0.667667
0.672028
0.678579
0.685934
0.693215
0.70028
0.707674
0.716273
0.726827
0.739535
0.754064
0.769655
0.785098
0.798653
0.808311
0.812292
0.80971
0.800853
0.78697
0.769829
0.751381
0.733423
0.717518
0.70499
0.697088
0.694867
0.69879
0.708229
0.721413
0.735768
0.748603
0.757717
0.761756
0.760056
0.752519
0.739433
0.721666
0.700783
0.679074
0.659427
0.644898
0.638228
0.641178
0.654
0.675298
0.702257
0.731202
0.758431
0.780775
0.795949
0.802616
0.800206
0.788783
0.769211
0.743413
0.714466
0.686131
0.662151
0.645362
0.637149
0.637453
0.645195
0.658765
0.676507
0.696964
0.718901
0.741294
0.763218
0.783645
0.801491
0.815684
0.825252
0.829437
0.827804
0.820358
0.807491
0.789963
0.768974
0.746087
0.723055
0.701554
0.682994
0.668194
0.657415
0.650486
0.64712
0.647048
0.650185
0.656566
0.666099
0.678504
0.693197
0.709175
0.725109
0.739448
0.750681
0.757714
0.760138
0.758355
0.753316
0.746183
0.737972
0.729267
0.720265
0.71096
0.701533
0.692468
0.684604
0.678794
0.675694
0.675627
0.678694
0.684748
0.693557
0.704658
0.717353
0.730652
0.743477
0.754952
0.764439
0.771547
0.775898
0.777076
0.774616
0.768173
0.757686
0.74366
0.727523
0.711557
0.698324
0.689513
0.685117
0.683856
0.684426
0.686472
0.690311
0.696175
0.70358
0.711315
0.717915
0.722129
0.723236
0.721261
0.716925
0.71144
0.706239
0.70264
0.701674
0.703984
0.709766
0.718746
0.730411
0.74427
0.759947
0.777059
0.794919
0.812228
0.827206
0.837987
0.843063
0.841658
0.83371
0.819798
0.801039
0.778769
0.754496
0.729753
0.705865
0.683848
0.664439
0.648102
0.635182
0.626003
0.621056
0.620875
0.625661
0.634959
0.647553
0.661709
0.675601
0.687736
0.697216
0.703794
0.707782
0.709948
0.711227
0.712473
0.71418
0.716422
0.719032
0.721974
0.725529
0.730021
0.735666
0.742328
0.749514
0.756494
0.762401
0.766378
0.767714
0.765926
0.76101
0.753611
0.744999
0.736754
0.730587
0.728094
0.730389
0.737753
0.74928
0.763052
0.776719
0.788095
0.795621
0.798409
0.79626
0.789495
0.778813
0.765132
0.749443
0.732707
0.715669
0.698975
0.683266
0.669298
0.658051
0.650543
0.647666
0.649772
0.656493
0.666762
0.67906
0.691689
0.703085
0.711965
0.717355
0.718752
0.716261
0.710567
0.702948
0.695079
0.688846
0.686128
0.688441
0.696599
0.710125
0.727096
0.744527
0.759258
0.768736
0.771609
0.767805
0.758504
0.745954
0.733089
0.722802
0.716937
0.715911
0.718837
0.724261
0.730881
0.737875
0.744868
0.751657
0.757975
0.763563
0.768194
0.771708
0.774124
0.775486
0.775628
0.774248
0.770872
0.765065
0.756789
0.746543
0.735237
0.723696
0.712378
0.701505
0.691546
0.683354
0.677899
0.675998
0.678095
0.684198
0.822826
0.849184
0.873009
0.890111
0.89774
0.894841
0.881938
0.86117
0.836226
0.811693
0.792187
0.780796
0.777977
0.781502
0.787482
0.791798
0.79143
0.785019
0.772886
0.756677
0.739047
0.723276
0.712836
0.710746
0.718914
0.73753
0.764921
0.798162
0.833677
0.867892
0.897648
0.920486
0.934855
0.940135
0.936686
0.925784
0.909451
0.890114
0.870413
0.852662
0.838616
0.829295
0.824765
0.823858
0.824296
0.823065
0.817235
0.804647
0.784377
0.756972
0.724741
0.691767
0.663166
0.643508
0.635129
0.637494
0.647973
0.663333
0.680906
0.699143
0.717508
0.736219
0.755738
0.776194
0.796913
0.816425
0.832866
0.844885
0.852531
0.857272
0.860925
0.864277
0.866873
0.868096
0.868128
0.867881
0.868317
0.8698
0.872003
0.874198
0.875505
0.875301
0.873342
0.869716
0.864589
0.858033
0.849915
0.839935
0.827649
0.812792
0.795387
0.775947
0.755407
0.734971
0.715943
0.699439
0.686229
0.676842
0.671875
0.672048
0.677744
0.688395
0.702492
0.718095
0.733384
0.747045
0.758299
0.766969
0.773579
0.779346
0.785868
0.794686
0.806818
0.822376
0.840441
0.859321
0.876735
0.890464
0.898681
0.900277
0.895074
0.883796
0.867824
0.84906
0.829518
0.810961
0.794679
0.781468
0.771598
0.764951
0.760931
0.758329
0.755547
0.750906
0.743265
0.732437
0.719344
0.705945
0.69472
0.687905
0.686528
0.690109
0.697186
0.706238
0.716117
0.725921
0.734973
0.743137
0.751023
0.759711
0.770304
0.783298
0.798361
0.814478
0.830388
0.845042
0.857881
0.868834
0.8782
0.886311
0.893358
0.899101
0.902754
0.903212
0.899215
0.889839
0.874923
0.85517
0.83189
0.806642
0.780998
0.756504
0.735042
0.718991
0.71081
0.711874
0.721328
0.736077
0.752076
0.765973
0.775831
0.781067
0.782122
0.779954
0.775664
0.770357
0.765036
0.760594
0.757574
0.756122
0.756018
0.756973
0.759026
0.762746
0.769093
0.779126
0.793659
0.812675
0.835005
0.858236
0.879329
0.895408
0.90456
0.906235
0.901008
0.889988
0.874373
0.855362
0.834082
0.811661
0.788915
0.76637
0.744492
0.724015
0.706004
0.691626
0.681586
0.675987
0.674662
0.677642
0.685019
0.696245
0.709566
0.722341
0.731958
0.736726
0.736262
0.731586
0.724901
0.719144
0.717333
0.721821
0.73378
0.753076
0.77842
0.807779
0.838829
0.869225
0.896762
0.919571
0.936268
0.946208
0.949369
0.946402
0.93845
0.92674
0.912445
0.896358
0.878868
0.860036
0.839787
0.817959
0.794537
0.769899
0.745379
0.723336
0.706677
0.697402
0.695498
0.699138
0.705735
0.712744
0.718041
0.720036
0.717941
0.712013
0.703623
0.694924
0.688111
0.684705
0.685397
0.690382
0.699752
0.71368
0.732019
0.75384
0.777427
0.800608
0.821403
0.838503
0.85158
0.861286
0.868905
0.87574
0.882386
0.888361
0.892307
0.892595
0.887894
0.877587
0.861859
0.841452
0.817656
0.792202
0.767448
0.746321
0.731783
0.725979
0.72934
0.740523
0.757047
0.776091
0.795068
0.81177
0.824415
0.831756
0.83329
0.829388
0.821124
0.809916
0.797329
0.784853
0.773934
0.765947
0.761831
0.761766
0.765123
0.770655
0.777018
0.782962
0.787826
0.791586
0.794695
0.797919
0.802004
0.807463
0.814447
0.822667
0.831491
0.839976
0.846861
0.850758
0.850349
0.844807
0.833852
0.817817
0.797614
0.774582
0.750385
0.726907
0.705894
0.688643
0.675721
0.667087
0.66235
0.66102
0.662667
0.666818
0.673013
0.681071
0.691219
0.703977
0.719586
0.737602
0.757054
0.776883
0.796206
0.814153
0.829791
0.84251
0.852543
0.861162
0.870253
0.881546
0.895967
0.913056
0.930875
0.946548
0.957018
0.959794
0.953548
0.9383
0.915472
0.887801
0.858576
0.830714
0.806098
0.785409
0.768444
0.754468
0.742628
0.732471
0.724153
0.718286
0.715494
0.716053
0.719726
0.725871
0.733554
0.741464
0.747904
0.751102
0.749744
0.743542
0.733585
0.722243
0.712615
0.707678
0.709256
0.717547
0.73132
0.748534
0.767032
0.78493
0.800821
0.813695
0.822877
0.828058
0.829146
0.826213
0.819381
0.808952
0.795834
0.781971
0.76986
0.761534
0.757358
0.756108
0.756149
0.756526
0.757214
0.758758
0.761822
0.766557
0.772383
0.777934
0.781779
0.78326
0.783011
0.782299
0.781976
0.781943
0.78166
0.781016
0.780681
0.78202
0.786622
0.795475
0.808225
0.823209
0.838205
0.851425
0.861713
0.86828
0.870453
0.867831
0.860609
0.849719
0.836593
0.822848
0.809955
0.799021
0.790706
0.785302
0.782773
0.782739
0.784561
0.787402
0.790354
0.792486
0.793105
0.791754
0.788283
0.782844
0.775863
0.767849
0.759331
0.750884
0.74309
0.736425
0.731191
0.727369
0.724665
0.722661
0.72105
0.719873
0.719821
0.722121
0.728177
0.738828
0.753646
0.770841
0.787892
0.802369
0.812544
0.817699
0.817988
0.814303
0.808091
0.801099
0.795214
0.792123
0.793008
0.79811
0.806736
0.81743
0.828482
0.838452
0.84634
0.851602
0.853949
0.853067
0.848667
0.840532
0.829
0.815243
0.800914
0.787496
0.775907
0.766701
0.760317
0.757306
0.75801
0.762115
0.768508
0.775362
0.780748
0.783183
0.782168
0.778305
0.772958
0.767713
0.763935
0.76253
0.763953
0.768182
0.774641
0.782243
0.789511
0.794973
0.79756
0.796956
0.793494
0.787881
0.780848
0.772945
0.764523
0.755961
0.74776
0.740521
0.735051
0.732333
0.733529
0.739496
0.75018
0.764274
0.779533
0.793646
0.804853
0.812234
0.815674
0.815684
0.813327
0.809998
0.806991
0.805045
0.804085
0.803393
0.802087
0.799559
0.795694
0.791012
0.786525
0.78344
0.782696
0.784655
0.788924
0.79464
0.800755
0.806461
0.811244
0.814846
0.817037
0.817588
0.816267
0.813017
0.808038
0.801895
0.795366
0.789389
0.784848
0.782611
0.783391
0.787369
0.794063
0.802335
0.810684
0.817686
0.821977
0.822184
0.816929
0.805162
0.786862
0.763511
0.738168
0.715141
0.698868
0.692413
0.696268
0.708305
0.72485
0.742229
0.757852
0.770741
0.781143
0.789817
0.79738
0.803813
0.808347
0.809917
0.807704
0.801728
0.792954
0.782922
0.773323
0.765503
0.760278
0.758016
0.758808
0.76244
0.768443
0.776138
0.784672
0.793136
0.800547
0.806165
0.809755
0.811718
0.812985
0.814711
0.817742
0.822342
0.828061
0.83383
0.838325
0.84046
0.839856
0.836836
0.832044
0.82571
0.817336
0.806144
0.792042
0.776261
0.761349
0.750309
0.745472
0.747571
0.755481
0.76692
0.779385
0.790897
0.800313
0.807096
0.811066
0.812073
0.810123
0.805549
0.79927
0.792683
0.787275
0.784066
0.783112
0.783499
0.783688
0.782189
0.778143
0.771618
0.763649
0.756003
0.750687
0.74947
0.753325
0.761989
0.773773
0.785819
0.794847
0.798038
0.793803
0.782202
0.764963
0.745078
0.72594
0.710426
0.700156
0.695404
0.695736
0.700529
0.709225
0.721264
0.735835
0.751751
0.767495
0.781391
0.791775
0.797266
0.797061
0.791108
0.780206
0.765946
0.750524
0.736572
0.726872
0.723882
0.729138
0.742568
0.76225
0.78502
0.807464
0.826803
0.841356
0.850541
0.854644
0.854559
0.851476
0.846328
0.83954
0.831266
0.821817
0.812103
0.803521
0.797255
0.793669
0.792103
0.791339
0.790322
0.788746
0.787122
0.786419
0.787392
0.79005
0.793506
0.796305
0.797139
0.79537
0.791199
0.78562
0.780222
0.776671
0.776278
0.77967
0.786601
0.796093
0.806675
0.816662
0.82437
0.828299
0.82728
0.82065
0.808305
0.790798
0.769389
0.745918
0.722602
0.701652
0.684962
0.674008
0.669854
0.672946
0.682856
0.698288
0.71735
0.737913
0.758011
0.776083
0.791204
0.803099
0.811966
0.81799
0.821231
0.821769
0.820108
0.817538
0.815682
0.815424
0.816263
0.816791
0.81576
0.812745
0.808124
0.802676
0.797222
0.792393
0.788546
0.785633
0.783236
0.780824
0.778072
0.775086
0.772343
0.770332
0.769211
0.768655
0.767985
0.766619
0.764495
0.762173
0.760452
0.759867
0.760432
0.761889
0.764175
0.767852
0.773809
0.782631
0.793959
0.8065
0.818592
0.828845
0.836597
0.841919
0.845311
0.847326
0.848301
0.848075
0.846084
0.841509
0.833616
0.822144
0.807354
0.790051
0.771762
0.75481
0.742192
0.736912
0.740677
0.752958
0.771056
0.791129
0.809444
0.823333
0.831498
0.834029
0.832129
0.827501
0.821687
0.815516
0.808976
0.80146
0.792298
0.781244
0.76876
0.75599
0.744465
0.735565
0.730009
0.72752
0.726986
0.727221
0.727708
0.728867
0.731787
0.737633
0.747024
0.759603
0.77403
0.788495
0.801381
0.811822
0.820001
0.826709
0.832483
0.836998
0.8392
0.837779
0.831836
0.821289
0.806885
0.790263
0.773702
0.759662
0.750239
0.746588
0.748616
0.755033
0.763682
0.772215
0.77879
0.782577
0.783685
0.782983
0.781725
0.781143
0.782253
0.785644
0.791457
0.79947
0.809005
0.81885
0.827416
0.833099
0.834748
0.831963
0.82514
0.8153
0.803794
0.792018
0.781358
0.773192
0.768678
0.768236
0.771303
0.776581
0.782625
0.787997
0.791407
0.791709
0.788093
0.780438
0.769568
0.75715
0.745371
0.736349
0.731614
0.731821
0.736662
0.744972
0.754848
0.764232
0.771565
0.776359
0.779146
0.780768
0.781623
0.781443
0.779848
0.776765
0.772584
0.768008
0.763696
0.760052
0.757087
0.754461
0.751717
0.748694
0.745924
0.744766
0.746865
0.753318
0.76409
0.778076
0.793488
0.808305
0.820501
0.828484
0.831237
0.828575
0.821301
0.811028
0.799775
0.789715
0.782769
0.78038
0.783255
0.791147
0.802853
0.816238
0.828675
0.837671
0.841376
0.838984
0.830916
0.818549
0.803922
0.789153
0.776022
0.765825
0.75932
0.7569
0.758802
0.765078
0.775462
0.789331
0.805583
0.822602
0.838183
0.849721
0.854758
0.851711
0.840246
0.821365
0.797222
0.770672
0.744766
0.72214
0.704433
0.692242
0.685241
0.682621
0.683536
0.687517
0.694657
0.705516
0.720647
0.740136
0.763485
0.789813
0.817897
0.846094
0.872363
0.805532
0.813217
0.81994
0.823142
0.821268
0.813971
0.801776
0.785657
0.766587
0.745754
0.725129
0.707966
0.698177
0.69837
0.707926
0.722873
0.737909
0.748692
0.753035
0.750856
0.743615
0.733602
0.723367
0.715069
0.71016
0.709436
0.713319
0.721969
0.735243
0.752621
0.773051
0.794951
0.816377
0.835387
0.85042
0.860475
0.865168
0.864885
0.860756
0.854286
0.846834
0.838923
0.829947
0.818227
0.801847
0.779621
0.751755
0.720234
0.688736
0.662013
0.64452
0.638699
0.644008
0.657489
0.675466
0.695118
0.714949
0.734311
0.752379
0.767636
0.778275
0.783077
0.781985
0.776142
0.767377
0.757676
0.748832
0.74224
0.73876
0.738714
0.741878
0.747703
0.755522
0.764742
0.774795
0.785047
0.794811
0.80336
0.810233
0.815357
0.819118
0.82202
0.824508
0.826718
0.828251
0.828062
0.824642
0.816354
0.801755
0.779925
0.750826
0.715662
0.677046
0.638772
0.605277
0.580919
0.569044
0.571191
0.586585
0.612327
0.644143
0.677491
0.708472
0.73433
0.75355
0.765884
0.772296
0.774551
0.774679
0.774411
0.774852
0.776666
0.780284
0.78623
0.795025
0.806866
0.821401
0.837622
0.854003
0.868965
0.881008
0.888843
0.891347
0.887677
0.877506
0.861034
0.839062
0.812797
0.783636
0.75313
0.722702
0.693716
0.667486
0.645213
0.627843
0.615924
0.609372
0.607465
0.609008
0.612645
0.617274
0.622318
0.627708
0.633744
0.640954
0.65011
0.662261
0.678525
0.699293
0.723697
0.74965
0.77467
0.796765
0.81478
0.828392
0.837848
0.843739
0.846849
0.847871
0.84738
0.84555
0.842188
0.836783
0.828818
0.817964
0.804181
0.787695
0.769099
0.74926
0.729208
0.710038
0.692757
0.67821
0.667234
0.660882
0.660214
0.665777
0.677066
0.692395
0.70942
0.725803
0.739663
0.749761
0.755452
0.756494
0.753113
0.746124
0.736874
0.727235
0.719295
0.715077
0.716135
0.72332
0.736634
0.755253
0.777728
0.802244
0.826791
0.849327
0.867875
0.88069
0.886362
0.883969
0.873293
0.855035
0.830883
0.803413
0.775517
0.749568
0.726533
0.706096
0.687317
0.669445
0.65238
0.636716
0.623536
0.614061
0.609409
0.610447
0.61763
0.630837
0.649119
0.670575
0.692681
0.712928
0.729454
0.741393
0.748831
0.752606
0.754031
0.754586
0.75575
0.75888
0.76506
0.774798
0.787759
0.802711
0.81773
0.830771
0.840204
0.845181
0.84584
0.843148
0.838572
0.833465
0.828528
0.823591
0.817663
0.809558
0.798582
0.784906
0.769569
0.754029
0.739342
0.7259
0.713247
0.700593
0.687354
0.673665
0.660417
0.649082
0.641266
0.638209
0.640513
0.648112
0.660427
0.676489
0.694974
0.714203
0.732307
0.747502
0.758419
0.764438
0.765823
0.763544
0.759291
0.755081
0.752841
0.753967
0.759032
0.76754
0.778093
0.788923
0.798506
0.805923
0.810996
0.814139
0.815831
0.816295
0.815289
0.812198
0.806202
0.796503
0.782699
0.765097
0.744822
0.723722
0.703913
0.687127
0.674245
0.665305
0.659979
0.658053
0.659576
0.664806
0.673858
0.686415
0.701733
0.718702
0.736082
0.752571
0.766923
0.778191
0.785848
0.789953
0.791072
0.789978
0.787333
0.783552
0.778879
0.773732
0.768998
0.766091
0.766711
0.772097
0.782233
0.795458
0.808813
0.819
0.82338
0.820673
0.811217
0.796836
0.780294
0.764435
0.751302
0.741652
0.734924
0.729588
0.723765
0.715807
0.704876
0.691321
0.676776
0.663902
0.655814
0.655428
0.664431
0.682381
0.706352
0.731891
0.75475
0.772144
0.782901
0.787134
0.785831
0.78059
0.773534
0.76702
0.763227
0.763777
0.769355
0.779661
0.793651
0.809821
0.826412
0.841494
0.852898
0.858319
0.855801
0.844447
0.824845
0.79923
0.77093
0.743488
0.719771
0.701391
0.688791
0.681542
0.678786
0.679391
0.681942
0.684868
0.686482
0.685409
0.681179
0.67437
0.666654
0.660332
0.65779
0.660857
0.670249
0.685336
0.704282
0.72451
0.743442
0.759209
0.771009
0.779091
0.784475
0.788599
0.792861
0.79842
0.806016
0.815704
0.82682
0.838088
0.847852
0.854385
0.856173
0.852026
0.841285
0.824007
0.801322
0.77555
0.74989
0.727747
0.711878
0.703748
0.703308
0.709095
0.718795
0.729894
0.74022
0.748213
0.752722
0.753006
0.748791
0.740343
0.728596
0.715108
0.70167
0.689956
0.681227
0.676247
0.675443
0.678984
0.686668
0.697746
0.711002
0.725128
0.739003
0.751899
0.763438
0.773541
0.782227
0.789462
0.795099
0.798946
0.800869
0.80072
0.798294
0.793436
0.786202
0.777115
0.767207
0.757741
0.749786
0.743803
0.739521
0.736325
0.733789
0.73202
0.731625
0.733215
0.736831
0.74184
0.747333
0.752782
0.758404
0.765052
0.77372
0.784787
0.797395
0.809557
0.818572
0.82193
0.818179
0.807405
0.791142
0.771716
0.751333
0.731723
0.714224
0.700068
0.690351
0.685555
0.685169
0.687709
0.69134
0.694731
0.697497
0.700166
0.703924
0.71009
0.719638
0.732661
0.748356
0.765278
0.781757
0.796232
0.807413
0.814341
0.816455
0.813457
0.805365
0.792607
0.776157
0.757697
0.73936
0.723508
0.712155
0.706691
0.707678
0.714863
0.727117
0.74228
0.75742
0.769578
0.776548
0.777539
0.773319
0.765713
0.757028
0.74929
0.743976
0.741953
0.743553
0.748394
0.755379
0.762897
0.769266
0.773272
0.774505
0.773536
0.771649
0.77044
0.771226
0.774823
0.781465
0.790717
0.801326
0.81133
0.818335
0.820062
0.814971
0.802434
0.782932
0.758004
0.730062
0.701928
0.676227
0.654849
0.638729
0.628287
0.623954
0.626375
0.63602
0.652823
0.675776
0.702934
0.731665
0.759053
0.782384
0.79949
0.809154
0.811129
0.806043
0.795176
0.780155
0.762747
0.744758
0.727995
0.714187
0.70492
0.701521
0.704767
0.714465
0.729355
0.747358
0.765993
0.782944
0.796326
0.8048
0.807593
0.804483
0.795846
0.782457
0.765367
0.745861
0.725431
0.705902
0.689288
0.677578
0.672224
0.673673
0.681198
0.693236
0.707785
0.722651
0.73582
0.745683
0.751326
0.752623
0.75012
0.744851
0.73807
0.731021
0.724799
0.720422
0.718754
0.720433
0.725665
0.7341
0.744818
0.75637
0.767229
0.776003
0.78167
0.783686
0.781931
0.776845
0.76944
0.761144
0.753586
0.7482
0.74583
0.746645
0.750142
0.755396
0.761256
0.766634
0.770749
0.773379
0.774552
0.774279
0.772307
0.768368
0.76254
0.755631
0.749078
0.744452
0.742797
0.744261
0.748099
0.753024
0.757807
0.761681
0.764613
0.767102
0.769933
0.773911
0.77951
0.786595
0.794193
0.800733
0.80446
0.804102
0.799152
0.789871
0.777034
0.761774
0.745333
0.728987
0.713877
0.700954
0.690848
0.683798
0.679689
0.678051
0.678168
0.679246
0.680706
0.682458
0.684932
0.688616
0.693776
0.70034
0.708193
0.717387
0.728002
0.739899
0.752609
0.765315
0.776895
0.786136
0.79188
0.79323
0.789889
0.782279
0.771643
0.759987
0.749672
0.742569
0.739375
0.739415
0.741028
0.742266
0.741649
0.738627
0.733631
0.727925
0.723273
0.721395
0.723563
0.730386
0.741561
0.755908
0.771511
0.786215
0.798111
0.805858
0.808958
0.807739
0.803121
0.796309
0.788458
0.780446
0.772956
0.766344
0.760943
0.757108
0.75523
0.755502
0.757847
0.761778
0.766442
0.770731
0.773439
0.773539
0.770384
0.763937
0.754876
0.744502
0.734622
0.727091
0.723302
0.723816
0.728111
0.734712
0.741649
0.747087
0.749824
0.749576
0.746887
0.742661
0.737659
0.732113
0.725841
0.718495
0.710002
0.700869
0.692244
0.685867
0.683481
0.686215
0.694075
0.705791
0.719434
0.733078
0.745126
0.754304
0.75967
0.760606
0.757035
0.749684
0.740212
0.730845
0.723932
0.721384
0.724261
0.732398
0.744449
0.758226
0.771202
0.781216
0.786856
0.787594
0.783746
0.776387
0.76715
0.757869
0.750194
0.745049
0.742297
0.740902
0.739436
0.736755
0.732414
0.726682
0.720291
0.714189
0.70929
0.706393
0.706068
0.70856
0.713654
0.720637
0.728515
0.736335
0.743538
0.750059
0.756255
0.762515
0.768974
0.775366
0.781149
0.785856
0.789266
0.791503
0.792705
0.79273
0.791092
0.787396
0.781623
0.774455
0.767201
0.761457
0.758427
0.758353
0.76036
0.762905
0.764339
0.763323
0.759144
0.751744
0.741907
0.730921
0.72041
0.711828
0.706074
0.70329
0.702933
0.704036
0.705542
0.706516
0.706414
0.705098
0.702903
0.700596
0.699323
0.70038
0.704684
0.7125
0.723145
0.735089
0.746378
0.755138
0.760018
0.760467
0.756956
0.750911
0.744452
0.739957
0.739571
0.744502
0.75481
0.769316
0.785943
0.802339
0.81634
0.826155
0.830425
0.828255
0.819362
0.804157
0.783824
0.760366
0.736308
0.71436
0.696988
0.685888
0.681623
0.683493
0.689734
0.698076
0.706484
0.713581
0.718981
0.723049
0.726583
0.730434
0.735135
0.740659
0.746517
0.752049
0.756864
0.761113
0.765355
0.770287
0.776301
0.783132
0.789678
0.79414
0.794427
0.78878
0.776501
0.758223
0.735886
0.712226
0.69001
0.671395
0.657688
0.649482
0.646769
0.649047
0.655372
0.664446
0.674782
0.685032
0.694336
0.702584
0.710359
0.71856
0.727845
0.738238
0.749122
0.759629
0.769048
0.777097
0.783933
0.789993
0.795609
0.800778
0.805017
0.807571
0.807609
0.804491
0.798025
0.788517
0.776637
0.763422
0.750002
0.737431
0.726454
0.717373
0.710066
0.704059
0.698807
0.693912
0.689364
0.685611
0.683419
0.683729
0.687286
0.694228
0.703804
0.714558
0.724914
0.733629
0.740233
0.745036
0.749041
0.753555
0.759725
0.767996
0.77795
0.788257
0.797107
0.802798
0.804252
0.801281
0.794478
0.784753
0.773125
0.760654
0.748572
0.738201
0.730626
0.726344
0.72513
0.726118
0.728153
0.730223
0.731709
0.732316
0.732053
0.731117
0.729873
0.728778
0.728256
0.728587
0.729695
0.731258
0.732678
0.733216
0.732364
0.730239
0.727532
0.725429
0.724937
0.726417
0.729518
0.733465
0.737382
0.740586
0.742553
0.742789
0.74102
0.737196
0.825678
0.8536
0.878194
0.895707
0.903581
0.900905
0.888644
0.869509
0.847513
0.826754
0.810283
0.799419
0.793939
0.792713
0.794267
0.797268
0.800602
0.803204
0.803914
0.801587
0.79557
0.78611
0.774438
0.762312
0.751428
0.743044
0.738005
0.737042
0.740921
0.75035
0.765414
0.785308
0.808346
0.832472
0.855554
0.875823
0.892019
0.903435
0.910028
0.912271
0.911065
0.907357
0.901598
0.893456
0.881508
0.863684
0.837972
0.803318
0.76028
0.711702
0.662968
0.621383
0.5944
0.586838
0.598999
0.626868
0.664333
0.705543
0.745946
0.782087
0.811199
0.831245
0.841386
0.842275
0.836177
0.826511
0.816918
0.810074
0.807068
0.80762
0.81083
0.815654
0.820908
0.82519
0.827069
0.825583
0.82069
0.813388
0.805493
0.798953
0.795203
0.79471
0.796958
0.80067
0.804175
0.805716
0.803725
0.796973
0.784615
0.766497
0.743518
0.718029
0.693815
0.675278
0.665959
0.667245
0.678068
0.695653
0.716534
0.737436
0.755788
0.770138
0.78037
0.787639
0.794007
0.801615
0.811879
0.824657
0.83826
0.850012
0.857233
0.858175
0.852481
0.841217
0.826688
0.811913
0.80005
0.793665
0.793945
0.800249
0.810192
0.820365
0.827257
0.828196
0.821981
0.808914
0.7906
0.769417
0.747943
0.72858
0.713477
0.70464
0.703809
0.711622
0.726594
0.744836
0.761502
0.772698
0.776705
0.773953
0.766265
0.755836
0.744679
0.734436
0.726499
0.722188
0.722773
0.72903
0.740913
0.757356
0.776635
0.796713
0.815601
0.831499
0.842768
0.848234
0.847431
0.840786
0.829767
0.816738
0.804544
0.795958
0.792852
0.795543
0.802554
0.811117
0.817957
0.820224
0.816124
0.805372
0.789209
0.769949
0.750205
0.732332
0.718023
0.70834
0.703713
0.703911
0.708271
0.715886
0.725765
0.736783
0.747678
0.757374
0.765221
0.771254
0.776213
0.781202
0.787315
0.795126
0.80441
0.814271
0.823372
0.830432
0.834611
0.835597
0.833465
0.828678
0.822005
0.814372
0.806883
0.80059
0.796433
0.795026
0.796406
0.79985
0.80392
0.806872
0.807325
0.804821
0.800092
0.794681
0.78998
0.78648
0.783489
0.779701
0.774015
0.766001
0.756084
0.745559
0.736226
0.729741
0.726896
0.727453
0.730475
0.734841
0.739586
0.744122
0.748449
0.75308
0.75893
0.766905
0.777575
0.790712
0.805263
0.819805
0.833298
0.845273
0.855602
0.864145
0.87042
0.873747
0.873484
0.869096
0.860273
0.846992
0.829735
0.809453
0.787535
0.765607
0.745235
0.727885
0.714948
0.707662
0.706652
0.711574
0.721076
0.733178
0.745902
0.757779
0.768058
0.776467
0.78297
0.787555
0.790254
0.79124
0.790942
0.789986
0.788908
0.788058
0.787423
0.786852
0.786349
0.786062
0.786009
0.785985
0.785636
0.784691
0.783386
0.782569
0.78337
0.786819
0.793378
0.802741
0.813783
0.82477
0.833684
0.838576
0.837947
0.831073
0.818392
0.801774
0.784171
0.768636
0.757041
0.749213
0.743462
0.737941
0.731941
0.726314
0.723049
0.724278
0.731148
0.743328
0.759251
0.776861
0.794576
0.811711
0.828322
0.844617
0.860376
0.874743
0.886469
0.894167
0.896582
0.892844
0.882662
0.866505
0.845618
0.821892
0.797599
0.775163
0.756863
0.744596
0.739474
0.741657
0.750294
0.763648
0.779363
0.79481
0.807625
0.816106
0.819422
0.817594
0.811241
0.801065
0.787451
0.770326
0.749324
0.724546
0.697276
0.67031
0.647498
0.632427
0.627231
0.631917
0.644727
0.662907
0.683504
0.703869
0.721926
0.736502
0.747483
0.755714
0.762518
0.769336
0.77729
0.786924
0.798079
0.809976
0.82143
0.831358
0.839089
0.844404
0.847457
0.848601
0.848208
0.84667
0.844342
0.841646
0.839037
0.836917
0.835558
0.834811
0.833954
0.831646
0.826265
0.816479
0.801628
0.782052
0.759106
0.734978
0.712405
0.693953
0.681388
0.675322
0.675418
0.680996
0.691456
0.706297
0.724919
0.746334
0.769224
0.791995
0.812907
0.830309
0.842852
0.849833
0.851513
0.84919
0.844928
0.840641
0.837131
0.834043
0.830431
0.825625
0.819542
0.812568
0.805099
0.797307
0.78923
0.78114
0.773746
0.768222
0.765626
0.766262
0.769458
0.773918
0.778431
0.782441
0.785949
0.789149
0.792012
0.794227
0.795417
0.795282
0.793762
0.790964
0.786874
0.781343
0.774217
0.765556
0.755989
0.74666
0.738732
0.732881
0.729371
0.728411
0.730677
0.736943
0.74765
0.76254
0.78054
0.799985
0.818928
0.835468
0.847962
0.855274
0.856844
0.852776
0.843754
0.830856
0.815251
0.798059
0.780507
0.764015
0.750191
0.740328
0.734977
0.733706
0.735385
0.738388
0.741125
0.742424
0.741663
0.738924
0.734819
0.730277
0.72637
0.724121
0.724184
0.726567
0.730406
0.73413
0.736071
0.735185
0.731571
0.726641
0.72269
0.722224
0.727171
0.738337
0.755266
0.776393
0.799392
0.821853
0.841716
0.857609
0.868839
0.875302
0.877179
0.874856
0.868876
0.860064
0.849449
0.838139
0.827209
0.817438
0.809179
0.802453
0.797143
0.793221
0.790772
0.78999
0.790815
0.792695
0.79457
0.795223
0.79374
0.789916
0.78434
0.778108
0.772327
0.767823
0.764934
0.763413
0.762424
0.760749
0.757252
0.75126
0.742831
0.732821
0.722758
0.714666
0.710768
0.713006
0.7224
0.738583
0.75985
0.783655
0.807279
0.828272
0.844601
0.854553
0.856983
0.851523
0.838878
0.820924
0.800645
0.781578
0.766713
0.757484
0.753481
0.753137
0.754812
0.757387
0.760211
0.76276
0.764361
0.764131
0.761302
0.75564
0.747749
0.739225
0.732348
0.729624
0.732815
0.74228
0.756871
0.774483
0.792835
0.809914
0.824116
0.834294
0.839831
0.840758
0.83765
0.831522
0.823584
0.815164
0.807844
0.803369
0.803255
0.808213
0.817728
0.829975
0.842148
0.850941
0.853481
0.848144
0.83516
0.816617
0.795653
0.775444
0.758294
0.745568
0.738107
0.736493
0.740742
0.749896
0.761916
0.774217
0.784249
0.790157
0.791045
0.78697
0.778863
0.768389
0.757474
0.747834
0.740503
0.735791
0.733415
0.732856
0.733679
0.735618
0.738497
0.742069
0.746007
0.750044
0.754111
0.758311
0.762624
0.766612
0.769349
0.769741
0.767165
0.761917
0.755152
0.748397
0.743079
0.740198
0.740116
0.742674
0.74727
0.753139
0.759598
0.766168
0.772681
0.779123
0.785352
0.79105
0.795863
0.799664
0.80255
0.804662
0.805816
0.805431
0.802802
0.797751
0.791011
0.784117
0.778915
0.776974
0.779067
0.784957
0.793468
0.802766
0.810794
0.815835
0.81705
0.814591
0.809411
0.802762
0.795575
0.788327
0.781022
0.773641
0.766449
0.759998
0.754779
0.751035
0.748641
0.747132
0.746106
0.745579
0.745895
0.747514
0.750845
0.756024
0.76306
0.771841
0.782071
0.79336
0.805121
0.816662
0.827101
0.835344
0.840083
0.84002
0.834268
0.8227
0.805949
0.785435
0.763254
0.741625
0.722739
0.708599
0.700971
0.700943
0.708099
0.720419
0.735011
0.749361
0.762154
0.773261
0.783282
0.792886
0.802373
0.811523
0.819619
0.825598
0.82836
0.826888
0.820496
0.80934
0.794635
0.778713
0.764293
0.753445
0.74718
0.745608
0.747996
0.752659
0.75757
0.761187
0.762908
0.762816
0.761413
0.759246
0.756966
0.755324
0.755089
0.75696
0.761297
0.767858
0.775762
0.783756
0.790554
0.795155
0.796956
0.795913
0.792545
0.78782
0.782908
0.778744
0.775596
0.773182
0.771143
0.769509
0.768766
0.769646
0.772653
0.77766
0.78395
0.7903
0.795293
0.79759
0.796172
0.790592
0.78097
0.768016
0.752994
0.737594
0.723867
0.713934
0.709759
0.712622
0.722828
0.739627
0.761315
0.785462
0.809241
0.829734
0.844171
0.850551
0.847894
0.836622
0.818502
0.796423
0.773668
0.753347
0.737944
0.729178
0.728076
0.734797
0.748306
0.76641
0.786156
0.804478
0.818912
0.828096
0.831908
0.831344
0.828016
0.823605
0.819562
0.816768
0.815471
0.81529
0.815422
0.815014
0.813234
0.809479
0.803389
0.795007
0.784761
0.773522
0.762509
0.753037
0.746244
0.742787
0.742929
0.746576
0.753394
0.762859
0.774267
0.786661
0.798854
0.809399
0.816731
0.819375
0.81618
0.806773
0.791788
0.772906
0.75261
0.733907
0.719791
0.71289
0.714778
0.725586
0.743663
0.766028
0.789291
0.810611
0.827975
0.840217
0.846793
0.847648
0.843174
0.834174
0.821682
0.806728
0.790038
0.772165
0.754039
0.737377
0.724467
0.71747
0.717644
0.724919
0.737922
0.754277
0.771269
0.786408
0.798145
0.805894
0.809804
0.810388
0.808372
0.804597
0.800007
0.795628
0.792412
0.791074
0.791803
0.794248
0.797586
0.801016
0.804049
0.806713
0.809338
0.812211
0.8154
0.818697
0.821642
0.823587
0.823743
0.821199
0.815038
0.8046
0.789742
0.771084
0.75014
0.729078
0.710191
0.695457
0.686126
0.682795
0.68535
0.692911
0.703874
0.716163
0.727829
0.737438
0.744131
0.747601
0.748055
0.746011
0.742402
0.738597
0.736381
0.737571
0.743584
0.755146
0.772173
0.793862
0.818809
0.845155
0.870629
0.892843
0.909492
0.918753
0.919578
0.911949
0.896883
0.876329
0.852902
0.829474
0.80866
0.792248
0.780767
0.77345
0.768839
0.765532
0.762714
0.760057
0.757471
0.754979
0.752584
0.750281
0.747989
0.74552
0.74263
0.739146
0.735075
0.730656
0.726523
0.723716
0.723576
0.727269
0.735106
0.746179
0.758645
0.770374
0.779857
0.786588
0.790959
0.79378
0.795868
0.797605
0.798775
0.798757
0.79704
0.793618
0.789264
0.785337
0.783196
0.783529
0.786056
0.789685
0.793012
0.794864
0.794613
0.792128
0.787457
0.780847
0.772699
0.763636
0.754497
0.746243
0.739904
0.736404
0.736436
0.740258
0.747598
0.757454
0.768333
0.778503
0.786434
0.79119
0.792688
0.791531
0.788728
0.78531
0.782081
0.779612
0.778311
0.778587
0.780884
0.785431
0.791988
0.799773
0.8075
0.813702
0.817081
0.816901
0.813124
0.806418
0.797813
0.788291
0.778558
0.769092
0.760434
0.753431
0.749169
0.74871
0.752638
0.760777
0.817206
0.839872
0.862092
0.878774
0.886162
0.882657
0.869334
0.849688
0.828761
0.811628
0.802141
0.802226
0.811577
0.827536
0.845592
0.860355
0.866667
0.861007
0.8426
0.813979
0.780488
0.748722
0.724359
0.710808
0.709002
0.717916
0.735163
0.757661
0.782384
0.80695
0.829836
0.850161
0.867466
0.881589
0.892663
0.901065
0.907291
0.911685
0.914345
0.914862
0.912642
0.907039
0.897725
0.884768
0.868634
0.850026
0.829804
0.808846
0.787953
0.767897
0.749331
0.732779
0.718821
0.708584
0.703902
0.706334
0.715554
0.729119
0.744129
0.758748
0.772314
0.784742
0.795858
0.805108
0.811707
0.815162
0.815701
0.814325
0.81261
0.812319
0.815036
0.821689
0.83223
0.84572
0.860483
0.874712
0.886925
0.896249
0.902171
0.904357
0.902458
0.89592
0.884087
0.866581
0.843759
0.817159
0.789467
0.76429
0.745312
0.73525
0.735001
0.743326
0.757372
0.77359
0.788765
0.800665
0.808306
0.811846
0.812301
0.81119
0.810098
0.810065
0.811023
0.811853
0.811236
0.808818
0.805564
0.80326
0.803477
0.806701
0.811941
0.817098
0.819981
0.819151
0.814423
0.806722
0.797535
0.788414
0.780611
0.774952
0.771963
0.772039
0.77547
0.782413
0.79273
0.805599
0.819428
0.832002
0.84094
0.84422
0.840749
0.830543
0.814753
0.795403
0.774849
0.755578
0.739879
0.729837
0.727019
0.732052
0.744234
0.761525
0.781021
0.799705
0.815188
0.826135
0.832296
0.83431
0.833365
0.830974
0.828446
0.826608
0.825691
0.825395
0.825225
0.825069
0.82553
0.827677
0.832469
0.840136
0.84989
0.860248
0.869615
0.8767
0.880714
0.881342
0.87852
0.872187
0.862009
0.847298
0.827148
0.801215
0.770589
0.738337
0.709125
0.687639
0.676681
0.676338
0.684493
0.698224
0.714986
0.733022
0.751224
0.768761
0.784724
0.79816
0.808234
0.814374
0.816368
0.814401
0.809162
0.801877
0.79431
0.788528
0.786445
0.789321
0.797445
0.810129
0.825964
0.84315
0.859939
0.87472
0.886051
0.892722
0.893681
0.888136
0.875807
0.857152
0.833605
0.807626
0.782416
0.761433
0.74762
0.742574
0.746043
0.756073
0.769671
0.783679
0.795568
0.803914
0.808336
0.809128
0.806788
0.801608
0.793663
0.782839
0.769172
0.753123
0.735544
0.717704
0.701227
0.687931
0.67967
0.678233
0.685113
0.701128
0.726027
0.758223
0.794843
0.832488
0.867788
0.897956
0.920956
0.935493
0.941087
0.938047
0.927366
0.910648
0.889964
0.867646
0.846073
0.827199
0.812231
0.801191
0.793097
0.786464
0.779922
0.77286
0.765793
0.760295
0.758634
0.762803
0.773625
0.790181
0.80991
0.829354
0.845123
0.854655
0.856794
0.852002
0.84229
0.830634
0.820176
0.813172
0.81041
0.811171
0.81373
0.816324
0.81765
0.817106
0.81475
0.811193
0.807464
0.804625
0.80343
0.804087
0.806365
0.809686
0.813126
0.815265
0.81432
0.808724
0.798047
0.783774
0.769392
0.758978
0.754958
0.756945
0.762897
0.771169
0.781149
0.792273
0.802829
0.810282
0.812544
0.80952
0.803773
0.799381
0.799215
0.802776
0.807481
0.811209
0.813279
0.813488
0.811389
0.80661
0.79945
0.791177
0.783836
0.77976
0.781113
0.789224
0.80408
0.824137
0.84648
0.867557
0.883918
0.893017
0.893603
0.885912
0.871426
0.852252
0.83065
0.808561
0.787692
0.769486
0.754814
0.743807
0.7357
0.729338
0.723872
0.719314
0.716563
0.716956
0.721527
0.730268
0.742145
0.755464
0.768432
0.779794
0.789003
0.796219
0.80211
0.807639
0.813593
0.820219
0.82695
0.832745
0.836567
0.837913
0.837039
0.834896
0.832802
0.831988
0.833239
0.836591
0.841231
0.845787
0.848721
0.848708
0.845002
0.837699
0.827673
0.816179
0.80438
0.792726
0.780705
0.767417
0.752234
0.735497
0.718603
0.703745
0.693415
0.689877
0.694455
0.707013
0.725876
0.748345
0.771373
0.792227
0.808913
0.820399
0.826507
0.827766
0.825171
0.820152
0.814458
0.809898
0.807894
0.809032
0.813032
0.81911
0.82636
0.833991
0.841383
0.848025
0.853417
0.857039
0.858473
0.85757
0.854423
0.849381
0.842894
0.835442
0.827448
0.819328
0.811541
0.804577
0.798842
0.794429
0.791012
0.787894
0.784395
0.780215
0.775707
0.771571
0.76827
0.765455
0.7621
0.757163
0.750418
0.742919
0.73665
0.733686
0.735383
0.742077
0.75326
0.767954
0.785032
0.803255
0.821121
0.837042
0.84951
0.857565
0.861093
0.860914
0.85856
0.855894
0.854467
0.854944
0.857033
0.859878
0.862692
0.86479
0.865444
0.863782
0.858922
0.850152
0.837241
0.82046
0.80055
0.778799
0.757004
0.737649
0.723574
0.717247
0.719865
0.730824
0.747916
0.76802
0.787885
0.804737
0.816793
0.823405
0.825245
0.824119
0.822573
0.82312
0.827312
0.834941
0.84412
0.852296
0.85719
0.857433
0.852666
0.843403
0.830779
0.816363
0.801792
0.78848
0.77729
0.768502
0.761808
0.756667
0.752799
0.750342
0.749831
0.751964
0.757325
0.766158
0.778181
0.792433
0.807397
0.821173
0.831942
0.838287
0.839521
0.83583
0.828272
0.818571
0.808589
0.799715
0.792578
0.786962
0.782415
0.778881
0.777077
0.77847
0.784535
0.795557
0.809917
0.824543
0.836201
0.842653
0.843249
0.838872
0.831467
0.823358
0.816666
0.812739
0.811847
0.813521
0.816936
0.821316
0.826113
0.830966
0.835521
0.839357
0.841984
0.842908
0.841803
0.838538
0.833182
0.826072
0.817601
0.808071
0.79767
0.786348
0.77396
0.760531
0.746614
0.733434
0.722712
0.716133
0.714813
0.718738
0.726666
0.736447
0.745689
0.752458
0.755793
0.755961
0.754283
0.752579
0.752339
0.75423
0.757862
0.762223
0.766339
0.76972
0.7725
0.775522
0.780034
0.787303
0.798168
0.81251
0.828994
0.845121
0.857726
0.863982
0.86234
0.85297
0.837817
0.820024
0.803102
0.790022
0.782592
0.781043
0.784323
0.790672
0.798271
0.805887
0.812819
0.818655
0.822833
0.824666
0.823634
0.819829
0.814284
0.808634
0.804688
0.803829
0.806611
0.812549
0.820359
0.828468
0.835487
0.840515
0.843302
0.844103
0.843301
0.841115
0.837316
0.831425
0.823011
0.812119
0.799319
0.785917
0.773827
0.765758
0.764662
0.772711
0.789849
0.813187
0.838099
0.860003
0.875742
0.884071
0.885386
0.88105
0.872295
0.859482
0.842198
0.82021
0.794498
0.767519
0.742692
0.723397
0.711972
0.709284
0.714666
0.726411
0.742211
0.759408
0.775338
0.787483
0.793995
0.794152
0.788767
0.780241
0.772073
0.76788
0.770219
0.779886
0.795859
0.815977
0.83751
0.857553
0.873459
0.883112
0.885322
0.880009
0.868249
0.851899
0.832915
0.812894
0.792943
0.774054
0.757781
0.746513
0.742632
0.746823
0.757029
0.769235
0.779344
0.784573
0.783734
0.777109
0.766228
0.753502
0.741823
0.733761
0.731075
0.734475
0.743657
0.757547
0.774709
0.793644
0.813042
0.83198
0.849819
0.866052
0.88009
0.891009
0.897438
0.897946
0.891508
0.877965
0.858145
0.833876
0.807696
0.782339
0.760306
0.743643
0.733928
0.731942
0.737361
0.748691
0.763651
0.77969
0.794391
0.805996
0.813492
0.816769
0.816507
0.813957
0.810638
0.808024
0.8073
0.809092
0.813448
0.819644
0.82621
0.83123
0.832913
0.830131
0.82293
0.812481
0.800818
0.790447
0.783665
0.781931
0.785437
0.793054
0.802801
0.812582
0.820698
0.826193
0.828821
0.828743
0.826318
0.82205
0.816741
0.811373
0.806697
0.802997
0.800006
0.797092
0.793628
0.789386
0.784604
0.779891
0.775619
0.771677
0.767636
0.763183
0.758479
0.754154
0.751199
0.75052
0.752589
0.757192
0.763469
0.770282
0.776771
0.782695
0.78832
0.7942
0.800672
0.807706
0.814892
0.821641
0.827479
0.832165
0.835774
0.838704
0.841558
0.844955
0.849128
0.853434
0.856351
0.85581
0.850016
0.838318
0.821579
0.801911
0.781956
0.76396
0.749501
0.739765
0.735984
0.739271
0.749957
0.766971
0.78801
0.81024
0.830911
0.847695
0.858876
0.863371
0.860824
0.851806
0.837973
0.822074
0.807506
0.797414
0.793819
0.797057
0.805718
0.817201
0.828574
0.837379
0.842046
0.841934
0.8372
0.828542
0.817129
0.804485
0.792427
0.78275
0.776749
0.774937
0.776945
0.781753
0.788071
0.79468
0.800771
0.805993
0.810361
0.814102
0.817545
0.820957
0.824347
0.827104
0.827887
0.824995
0.817289
0.804935
0.789537
0.773479
0.759074
0.748075
0.741587
0.740249
0.744336
0.7534
0.766083
0.780142
0.793028
0.802543
0.807429
0.8074
0.803062
0.795735
0.787221
0.779506
0.77436
0.772949
0.77543
0.781021
0.78844
0.796317
0.803636
0.809677
0.814017
0.816388
0.816789
0.815652
0.81409
0.813668
0.816034
0.822212
0.83209
0.844275
0.85652
0.866458
0.87231
0.87311
0.868735
0.859639
0.846528
0.830296
0.812207
0.793952
0.777568
0.764938
0.757239
0.754728
0.756699
0.761738
0.76807
0.774018
0.778272
0.779971
0.778753
0.774659
0.768453
0.761684
0.756285
0.753743
0.754722
0.758959
0.765654
0.773916
0.78277
0.791164
0.798066
0.802705
0.804856
0.805134
0.805065
0.806785
0.812145
0.821664
0.834218
0.847635
0.859773
0.869094
0.874531
0.875455
0.871688
0.863736
0.852936
0.841085
0.82975
0.819792
0.811026
0.802825
0.794948
0.788165
0.784388
0.785627
0.792665
0.804547
0.819073
0.833871
0.846997
0.857076
0.862993
0.863676
0.858149
0.846051
0.827964
0.805688
0.78186
0.759378
0.740487
0.726409
0.717425
0.713442
0.71417
0.71921
0.727814
0.738946
0.751397
0.764011
0.77584
0.786213
0.794772
0.801347
0.805994
0.808823
0.809965
0.809544
0.807717
0.804709
0.800842
0.796566
0.792347
0.78873
0.786151
0.784733
0.78421
0.78427
0.78528
0.788665
0.796181
0.808581
0.824587
0.841195
0.85504
0.863362
0.864435
0.857756
0.844143
0.825678
0.805501
0.787025
0.773058
0.76538
0.764701
0.770805
0.782901
0.799627
0.819245
0.839644
0.858619
0.8741
0.884382
0.888642
0.810808
0.824337
0.836788
0.845305
0.8479
0.843585
0.832516
0.815963
0.796199
0.776305
0.759615
0.74883
0.74497
0.746735
0.751029
0.754182
0.753307
0.747166
0.736377
0.723066
0.710178
0.700483
0.695928
0.69728
0.704275
0.716011
0.731236
0.748555
0.766567
0.784006
0.799824
0.813294
0.823962
0.831601
0.836245
0.838181
0.837825
0.835674
0.83213
0.827315
0.821028
0.81278
0.802068
0.788644
0.772643
0.754714
0.735907
0.717346
0.700171
0.685579
0.674943
0.669501
0.669399
0.673103
0.67809
0.682276
0.684929
0.68661
0.688732
0.692843
0.700136
0.711226
0.725986
0.743652
0.763051
0.782769
0.801317
0.817415
0.83021
0.839401
0.845297
0.848669
0.850445
0.85158
0.852776
0.854443
0.856837
0.859873
0.863217
0.866266
0.868005
0.867094
0.862086
0.851619
0.834743
0.811068
0.781242
0.74712
0.711829
0.679117
0.652149
0.632379
0.619435
0.612004
0.609064
0.610485
0.616593
0.627052
0.640254
0.65386
0.666142
0.676661
0.686234
0.696321
0.708343
0.723172
0.74106
0.761693
0.784466
0.80854
0.832872
0.856238
0.877345
0.894947
0.907949
0.915492
0.917031
0.912499
0.902179
0.886755
0.867262
0.844857
0.82081
0.796251
0.772107
0.749167
0.728114
0.709579
0.694239
0.682643
0.675012
0.671021
0.669863
0.670393
0.671347
0.671657
0.670597
0.667864
0.663584
0.658338
0.653263
0.649912
0.649807
0.65384
0.661992
0.673636
0.688041
0.704643
0.722864
0.741826
0.760284
0.776819
0.790343
0.80052
0.80775
0.812942
0.816928
0.819834
0.821074
0.81964
0.814705
0.806228
0.795136
0.782981
0.771181
0.760378
0.750353
0.740318
0.729676
0.718692
0.708808
0.702277
0.701315
0.706995
0.718655
0.734031
0.750184
0.764449
0.775066
0.781377
0.783875
0.783888
0.783083
0.782898
0.784171
0.787009
0.791023
0.79574
0.800862
0.806313
0.812006
0.817609
0.822468
0.825722
0.826545
0.824217
0.818111
0.807767
0.792991
0.774222
0.752861
0.731379
0.712868
0.700078
0.694404
0.695551
0.701995
0.711673
0.722437
0.732451
0.740326
0.745244
0.746772
0.744575
0.738327
0.727825
0.713263
0.695582
0.676592
0.658661
0.644373
0.635937
0.634756
0.641014
0.653776
0.671364
0.691915
0.713771
0.7356
0.756423
0.775544
0.792545
0.807304
0.819872
0.830363
0.838812
0.844936
0.848269
0.848409
0.845337
0.839612
0.832264
0.824292
0.816331
0.808561
0.800944
0.793644
0.787177
0.782426
0.780428
0.781863
0.786439
0.792434
0.796969
0.796838
0.789566
0.774348
0.752244
0.725915
0.698956
0.675098
0.657506
0.648206
0.647749
0.655189
0.668513
0.685313
0.703449
0.721433
0.738435
0.754038
0.767938
0.77979
0.789108
0.795368
0.798189
0.797613
0.794276
0.789398
0.784541
0.781174
0.780105
0.781343
0.784097
0.787052
0.788867
0.78853
0.785527
0.779853
0.77189
0.762251
0.751599
0.740545
0.729638
0.719399
0.710485
0.703646
0.699506
0.698213
0.699355
0.701962
0.704927
0.707302
0.708483
0.70854
0.708281
0.709175
0.712835
0.720434
0.731963
0.746006
0.760045
0.771261
0.777336
0.777288
0.771844
0.763459
0.755752
0.752434
0.755896
0.766236
0.781449
0.798627
0.815183
0.829365
0.840376
0.8479
0.851923
0.852632
0.850215
0.844802
0.836332
0.824555
0.809149
0.790055
0.767701
0.743251
0.718743
0.696865
0.68043
0.67132
0.669546
0.67304
0.678592
0.683212
0.685084
0.683933
0.680694
0.677088
0.6749
0.675572
0.680162
0.689545
0.704319
0.724549
0.749234
0.776345
0.803159
0.826932
0.845248
0.856383
0.859503
0.854661
0.842692
0.824956
0.803178
0.77928
0.755237
0.732845
0.713501
0.697851
0.685712
0.676461
0.669405
0.664162
0.660791
0.659684
0.661348
0.666158
0.674106
0.684788
0.697443
0.711059
0.72449
0.736675
0.74679
0.754543
0.760355
0.765428
0.771454
0.780162
0.792513
0.808226
0.825744
0.842709
0.856674
0.865672
0.868556
0.865123
0.855956
0.842114
0.82478
0.805008
0.783631
0.7614
0.739394
0.719254
0.703333
0.694197
0.693765
0.70228
0.718068
0.737922
0.758152
0.775543
0.787811
0.793916
0.793913
0.788658
0.779516
0.768007
0.755793
0.744446
0.735295
0.729357
0.727098
0.728199
0.731629
0.735979
0.740081
0.743361
0.745837
0.747596
0.748385
0.747525
0.744268
0.738122
0.729345
0.719194
0.709619
0.702551
0.698945
0.698534
0.700529
0.704401
0.710226
0.718552
0.729903
0.744393
0.761513
0.780016
0.797994
0.813206
0.823738
0.828341
0.826575
0.818805
0.805855
0.78888
0.769328
0.748796
0.729172
0.712455
0.700601
0.695088
0.696642
0.704968
0.718701
0.735831
0.754222
0.772
0.787726
0.800516
0.809915
0.815907
0.818917
0.819658
0.818933
0.817365
0.8151
0.811667
0.806258
0.798009
0.786271
0.770903
0.752431
0.73217
0.712138
0.694775
0.682386
0.676556
0.677805
0.685294
0.69708
0.71064
0.7235
0.733824
0.74062
0.743734
0.743623
0.741173
0.737719
0.734742
0.733523
0.734711
0.738157
0.743147
0.748881
0.754784
0.760337
0.764823
0.767384
0.767273
0.764161
0.758365
0.750766
0.742876
0.73659
0.73385
0.736034
0.74356
0.755749
0.770977
0.787127
0.80205
0.813934
0.821609
0.824515
0.822481
0.81565
0.804529
0.790128
0.774047
0.758112
0.743969
0.732617
0.724437
0.719459
0.717639
0.718843
0.722679
0.728383
0.734938
0.741331
0.746741
0.750677
0.752913
0.753421
0.752371
0.750278
0.747977
0.74651
0.746788
0.749195
0.753434
0.758687
0.763992
0.768695
0.772575
0.775777
0.778455
0.780405
0.781016
0.779441
0.774734
0.766195
0.753587
0.737457
0.719413
0.702125
0.688913
0.682812
0.685355
0.69585
0.711999
0.730969
0.750179
0.767542
0.78145
0.790576
0.794083
0.791759
0.784182
0.772765
0.759479
0.746492
0.735854
0.729179
0.72753
0.731109
0.7391
0.749756
0.760774
0.769725
0.774687
0.774768
0.770407
0.763186
0.755337
0.749006
0.745774
0.746505
0.751454
0.760322
0.772414
0.786633
0.801568
0.815504
0.826724
0.833807
0.835965
0.833113
0.825833
0.815243
0.802636
0.789178
0.775442
0.761498
0.747234
0.732796
0.718766
0.70587
0.69465
0.685387
0.678271
0.673739
0.672493
0.675377
0.682723
0.693835
0.707044
0.72016
0.731059
0.738138
0.74064
0.738758
0.73361
0.727048
0.721288
0.718295
0.719267
0.724389
0.732838
0.74316
0.753754
0.76331
0.771065
0.777078
0.781951
0.786376
0.790707
0.794719
0.797848
0.799762
0.800738
0.80161
0.803326
0.806332
0.810406
0.814702
0.818094
0.819486
0.818042
0.81338
0.805691
0.795873
0.785365
0.775951
0.769226
0.765864
0.765323
0.766208
0.766941
0.766288
0.763433
0.758033
0.750173
0.740486
0.730122
0.720427
0.712381
0.706188
0.701257
0.696589
0.691478
0.686096
0.681866
0.681015
0.685604
0.696292
0.7118
0.729655
0.747349
0.76306
0.775901
0.785595
0.792208
0.795996
0.797161
0.79583
0.791968
0.785501
0.776498
0.765442
0.753242
0.741275
0.730994
0.723428
0.718741
0.716407
0.715549
0.715475
0.715962
0.717119
0.719253
0.722805
0.728396
0.736576
0.74744
0.760444
0.774641
0.78913
0.803281
0.81645
0.827636
0.835444
0.838321
0.835021
0.825124
0.809412
0.789655
0.768164
0.747337
0.72942
0.716709
0.711633
0.715804
0.72869
0.747077
0.766157
0.781408
0.789929
0.790534
0.783553
0.770368
0.753104
0.734499
0.717436
0.704363
0.69672
0.694774
0.6979
0.704831
0.713898
0.723192
0.730863
0.735741
0.737589
0.737152
0.73594
0.735739
0.738242
0.744554
0.754767
0.767969
0.782449
0.796159
0.80731
0.814782
0.818152
0.817705
0.814179
0.80845
0.801304
0.793345
0.784985
0.776604
0.768532
0.761246
0.755256
0.751017
0.748797
0.748528
0.749861
0.752313
0.755234
0.757692
0.758417
0.756091
0.749814
0.739544
0.726188
0.711614
0.698191
0.688336
0.683807
0.685203
0.691809
0.702242
0.714987
0.728782
0.742548
0.755274
0.766101
0.774585
0.780923
0.785726
0.789619
0.792765
0.79486
0.795273
0.793479
0.789231
0.782696
0.774369
0.765026
0.755547
0.746783
0.739267
0.733067
0.727784
0.722913
0.718271
0.714206
0.711512
0.710985
0.71315
0.717993
0.725009
0.733334
0.742046
0.750429
0.758192
0.765349
0.772079
0.778447
0.784218
0.78887
0.791683
0.792035
0.789599
0.784488
0.777277
0.768845
0.760215
0.752437
0.746449
0.742803
0.741488
0.74192
0.743045
0.743704
0.743061
0.740908
0.737478
0.733287
0.728767
0.724166
0.719545
0.714833
0.710077
0.705485
0.701488
0.698746
0.698004
0.700033
0.705581
0.715123
0.728564
0.744985
0.762642
0.779322
0.792795
0.801358
0.804095
0.800996
0.792968
0.781718
0.769401
0.758086
0.74937
0.7441
0.742476
0.744425
0.749831
0.758447
0.769641
0.78202
0.793697
0.802712
0.80754
0.807614
0.803324
0.795665
0.785895
0.775094
0.763861
0.752313
0.740368
0.727952
0.71524
0.70277
0.691362
0.681998
0.675607
0.672905
0.674172
0.679227
0.687476
0.698
0.709757
0.721856
0.733584
0.74443
0.753963
0.761682
0.767063
0.769618
0.769096
0.765764
0.760429
0.75428
0.748608
0.744436
0.742188
0.741775
0.742867
0.745226
0.748709
0.7532
0.758367
0.763643
0.768201
0.771325
0.772568
0.771817
0.769423
0.765978
0.76227
0.759187
0.757662
0.758517
0.761973
0.767222
0.77242
0.775332
0.774232
0.768506
0.759075
0.748171
0.738752
0.733646
0.734718
0.742396
0.755833
0.77337
0.792908
0.812054
0.828195
0.838971
0.842848
0.839758
0.831058
0.818877
0.805287
0.791594
0.778234
0.765244
0.752735
0.741089
0.730832
0.722418
0.715922
0.710941
0.706741
0.702613
0.698174
0.693524
0.689181
0.685778
0.683857
0.683834
0.686043
0.69069
0.697845
0.707401
0.719149
0.732691
0.747499
0.762951
0.778411
0.793289
0.807035
0.819058
0.828722
0.835387
0.838451
0.837477
0.832409
0.823767
0.823858
0.850628
0.875288
0.894549
0.906031
0.908445
0.901421
0.885373
0.861246
0.830725
0.796467
0.762107
0.731621
0.707886
0.69165
0.681744
0.676374
0.674497
0.676075
0.681356
0.689929
0.700427
0.711104
0.72075
0.729303
0.737655
0.747153
0.758841
0.773107
0.789555
0.807116
0.824302
0.839539
0.851441
0.859162
0.862512
0.861938
0.858186
0.852005
0.844
0.834478
0.823594
0.811392
0.797876
0.783007
0.766925
0.749955
0.732618
0.715628
0.699761
0.685954
0.675255
0.668527
0.666093
0.667255
0.670292
0.673302
0.675088
0.675497
0.675164
0.675201
0.676902
0.681529
0.689815
0.70177
0.716691
0.733436
0.75057
0.766682
0.780494
0.791046
0.797988
0.801701
0.803156
0.803727
0.804833
0.807537
0.812187
0.818251
0.824501
0.829357
0.831415
0.82973
0.823929
0.814096
0.800596
0.784044
0.765386
0.74588
0.727132
0.710953
0.699095
0.692646
0.691476
0.693897
0.697004
0.69771
0.694091
0.686448
0.677515
0.671388
0.67152
0.678999
0.692465
0.709339
0.727155
0.744311
0.760117
0.774509
0.787708
0.799938
0.811193
0.821195
0.829387
0.835153
0.837976
0.837706
0.834599
0.829203
0.822106
0.81369
0.803978
0.79271
0.779596
0.764492
0.747532
0.729315
0.710916
0.693918
0.680065
0.670904
0.667329
0.669244
0.675361
0.68331
0.690277
0.693891
0.692785
0.6869
0.677412
0.666408
0.656525
0.650408
0.650129
0.656731
0.669931
0.688365
0.709964
0.732436
0.753636
0.771919
0.786277
0.796395
0.802557
0.80554
0.806409
0.806377
0.806519
0.807396
0.808875
0.810264
0.810681
0.809556
0.806875
0.803196
0.799469
0.796753
0.795802
0.796667
0.798446
0.799342
0.797143
0.789838
0.776318
0.756794
0.733154
0.708463
0.685974
0.668083
0.655749
0.648646
0.64578
0.646022
0.648469
0.652631
0.658475
0.66642
0.677074
0.690921
0.708079
0.728113
0.750075
0.772663
0.794511
0.814437
0.831591
0.845498
0.856004
0.863221
0.867313
0.868346
0.866075
0.859995
0.849541
0.834475
0.815066
0.792415
0.768595
0.746271
0.728085
0.715719
0.709385
0.707818
0.708679
0.709295
0.707229
0.700878
0.689793
0.674794
0.65767
0.640666
0.625953
0.615282
0.609925
0.610946
0.619256
0.6351
0.657562
0.684532
0.713515
0.742227
0.768984
0.792638
0.812359
0.827588
0.838006
0.843702
0.845104
0.842933
0.838123
0.831558
0.82378
0.814911
0.804729
0.79307
0.780105
0.766513
0.753715
0.743479
0.737404
0.735951
0.738045
0.7414
0.743235
0.741253
0.734139
0.721789
0.705271
0.686577
0.668224
0.652802
0.642411
0.63819
0.64028
0.647848
0.659431
0.673343
0.688012
0.702144
0.714798
0.725357
0.733605
0.739778
0.744523
0.748782
0.75357
0.759755
0.767862
0.777894
0.789435
0.801755
0.814014
0.825292
0.834765
0.841664
0.84542
0.845688
0.842365
0.835491
0.825137
0.811375
0.794222
0.773877
0.750848
0.726159
0.701332
0.678342
0.659314
0.646023
0.639377
0.63908
0.643657
0.65097
0.659019
0.666623
0.673568
0.680234
0.687097
0.694461
0.702656
0.712035
0.722742
0.734574
0.74714
0.760027
0.772984
0.78583
0.798252
0.809663
0.819484
0.82742
0.833455
0.837634
0.839874
0.839845
0.837062
0.831239
0.822298
0.810411
0.795933
0.779425
0.761775
0.744151
0.72808
0.715128
0.706563
0.702946
0.703789
0.707568
0.712207
0.715751
0.716859
0.715046
0.710567
0.70426
0.697301
0.690958
0.686339
0.684063
0.684152
0.686139
0.689288
0.692918
0.696632
0.700423
0.70461
0.709699
0.716229
0.724624
0.735045
0.747404
0.761332
0.77606
0.790563
0.803723
0.814638
0.822668
0.8274
0.828793
0.8272
0.823272
0.817884
0.812084
0.806821
0.802609
0.799079
0.79488
0.788227
0.777608
0.762368
0.742965
0.720998
0.69887
0.67942
0.665328
0.65837
0.658791
0.665229
0.675299
0.686383
0.696338
0.703761
0.708068
0.709278
0.708071
0.705713
0.703937
0.704586
0.709089
0.718028
0.730975
0.746649
0.763371
0.779573
0.793957
0.805486
0.813213
0.816394
0.81453
0.807485
0.795522
0.779416
0.760722
0.74183
0.725683
0.715127
0.712021
0.716516
0.726961
0.740561
0.754132
0.764477
0.769076
0.76632
0.755756
0.738108
0.715083
0.689209
0.66385
0.642901
0.629518
0.624932
0.628225
0.637539
0.651314
0.668585
0.688692
0.711025
0.734804
0.759288
0.783766
0.807581
0.83002
0.85017
0.866987
0.879469
0.886907
0.888914
0.885445
0.876812
0.86355
0.846562
0.826971
0.805935
0.784655
0.764234
0.7458
0.73058
0.719864
0.714697
0.715456
0.721588
0.731463
0.74262
0.752129
0.757157
0.755587
0.746558
0.730749
0.710266
0.688019
0.666941
0.649464
0.637385
0.631878
0.633522
0.642097
0.656521
0.675088
0.696072
0.71817
0.740643
0.762898
0.784058
0.8028
0.817638
0.827506
0.832161
0.832165
0.828545
0.822455
0.814956
0.806723
0.797976
0.788413
0.777583
0.765254
0.751741
0.737928
0.725131
0.714688
0.707776
0.705212
0.707384
0.71411
0.7245
0.736889
0.748986
0.758465
0.763523
0.76321
0.757563
0.747363
0.733848
0.718514
0.703004
0.688934
0.677786
0.670814
0.66905
0.672971
0.682271
0.695927
0.712553
0.730813
0.749724
0.768367
0.785722
0.800464
0.811214
0.816919
0.817167
0.812199
0.802792
0.790207
0.776063
0.762161
0.750089
0.740822
0.734528
0.730643
0.7283
0.726932
0.726535
0.727637
0.730877
0.736369
0.743436
0.750549
0.755721
0.757088
0.753521
0.74497
0.732622
0.718684
0.705752
0.69602
0.69075
0.690198
0.693813
0.700462
0.708567
0.716537
0.723221
0.728267
0.732183
0.735968
0.74079
0.747455
0.75603
0.765963
0.776235
0.785753
0.793582
0.79907
0.801916
0.802266
0.800595
0.797546
0.793822
0.790018
0.78637
0.78277
0.778689
0.773175
0.765091
0.753471
0.738052
0.719647
0.70022
0.682501
0.669366
0.663091
0.664827
0.674447
0.690652
0.711406
0.734329
0.75683
0.776372
0.790574
0.797728
0.797315
0.790163
0.778232
0.764227
0.750737
0.739553
0.731126
0.724491
0.718054
0.71051
0.701568
0.692136
0.683926
0.678801
0.678148
0.682622
0.692109
0.705811
0.722326
0.739743
0.755937
0.768952
0.777448
0.781099
0.780546
0.777076
0.772194
0.767064
0.762426
0.758524
0.755218
0.752252
0.749491
0.74718
0.746024
0.747025
0.751018
0.758134
0.767529
0.777475
0.785962
0.79131
0.792606
0.789793
0.783575
0.775152
0.765996
0.757489
0.750649
0.745855
0.742687
0.740217
0.737611
0.734673
0.732206
0.731827
0.735204
0.743073
0.754658
0.767709
0.779167
0.786102
0.78642
0.779202
0.764779
0.744734
0.721742
0.699446
0.682131
0.673771
0.676795
0.691096
0.71391
0.740698
0.766496
0.787081
0.799589
0.802607
0.796025
0.780718
0.75849
0.731877
0.703952
0.677938
0.656718
0.64254
0.636687
0.639298
0.649451
0.665452
0.685218
0.706733
0.728185
0.748036
0.764999
0.778135
0.786825
0.790902
0.790803
0.787573
0.782645
0.777454
0.773128
0.770221
0.768887
0.769048
0.770613
0.77355
0.777883
0.783489
0.789828
0.795772
0.799703
0.800159
0.796546
0.789309
0.77958
0.768521
0.756988
0.745561
0.734707
0.72491
0.716846
0.711263
0.708746
0.709515
0.713187
0.718864
0.725274
0.731025
0.734894
0.736161
0.734845
0.731708
0.728032
0.725206
0.724345
0.726133
0.730904
0.738571
0.74856
0.75966
0.770199
0.778466
0.783076
0.783264
0.778987
0.770876
0.760155
0.748314
0.73683
0.726925
0.719349
0.714225
0.711165
0.709635
0.709155
0.709482
0.710457
0.711932
0.713614
0.715145
0.716234
0.716831
0.717146
0.717599
0.71872
0.721036
0.725012
0.731195
0.740071
0.751737
0.765552
0.780052
0.793218
0.802925
0.807432
0.805912
0.798677
0.787135
0.773399
0.759705
0.747956
0.739418
0.734809
0.734394
0.738011
0.745138
0.754813
0.765681
0.776283
0.785238
0.79144
0.79417
0.793132
0.788508
0.780853
0.770918
0.759489
0.747205
0.734581
0.722022
0.709997
0.699093
0.690122
0.684024
0.681635
0.683402
0.689304
0.698977
0.711767
0.726541
0.74145
0.754171
0.762561
0.765421
0.762734
0.755598
0.745989
0.73626
0.728703
0.724867
0.725152
0.728859
0.734596
0.740879
0.746563
0.751063
0.754324
0.756792
0.759087
0.761661
0.764417
0.766719
0.767606
0.766085
0.761623
0.754231
0.744353
0.732679
0.719934
0.706837
0.69408
0.682596
0.673542
0.668169
0.667372
0.671249
0.678978
0.689019
0.699702
0.709637
0.717975
0.724467
0.72927
0.732583
0.734483
0.735055
0.734652
0.734202
0.735115
0.738853
0.74643
0.757947
0.772422
0.788048
0.802784
0.814831
0.823002
0.826635
0.825379
0.819153
0.808076
0.79269
0.774146
0.754238
0.735132
0.718819
0.706679
0.699298
0.696525
0.697767
0.702197
0.708888
0.716916
0.725471
0.734013
0.742264
0.74995
0.756427
0.760479
0.760663
0.756176
0.747332
0.73556
0.722878
0.711312
0.702365
0.696818
0.694945
0.696768
0.702229
0.711342
0.724048
0.74009
0.758796
0.77894
0.79881
0.816416
0.829862
0.837696
0.839038
0.833553
0.821276
0.802563
0.778151
0.749268
0.717704
0.685678
0.655586
0.629636
0.609511
0.596247
0.590204
0.59135
0.599494
0.614484
0.63606
0.663707
0.6963
0.73193
0.768025
0.801648
0.830029
0.851039
0.863376
0.866665
0.861487
0.849248
0.832203
0.813185
0.795056
0.780237
0.770173
0.76537
0.765583
0.770201
0.77838
0.788845
0.799722
0.80858
0.812986
0.811205
0.802672
0.788114
0.769174
0.747826
0.725826
0.704464
0.684549
0.666575
0.6508
0.637244
0.625725
0.616166
0.608853
0.604631
0.604656
0.609929
0.621008
0.637788
0.659392
0.684267
0.710398
0.735796
0.758693
0.77768
0.791786
0.800456
0.803622
0.801724
0.795748
0.787155
0.777701
0.769013
0.762436
0.758681
0.757737
0.758816
0.760745
0.762363
0.763067
0.763044
0.763189
0.764717
0.768714
0.775644
0.785044
0.818132
0.840468
0.862505
0.880575
0.891568
0.893569
0.886036
0.869848
0.846936
0.819863
0.791456
0.764385
0.741005
0.723054
0.711263
0.705051
0.702714
0.702002
0.700881
0.698216
0.693881
0.68849
0.682994
0.678386
0.67576
0.676304
0.680943
0.690046
0.703189
0.719354
0.737367
0.756295
0.775559
0.794834
0.813669
0.831213
0.846308
0.857681
0.864275
0.865462
0.861083
0.851297
0.836379
0.816524
0.792106
0.763922
0.733578
0.70397
0.679417
0.664756
0.663269
0.674905
0.696021
0.720996
0.744211
0.761355
0.770131
0.770434
0.764003
0.753638
0.742273
0.732422
0.725973
0.724159
0.727335
0.734852
0.74522
0.756587
0.767384
0.776706
0.784342
0.790556
0.795779
0.80044
0.804845
0.809173
0.813505
0.817718
0.821485
0.824185
0.825053
0.823281
0.818173
0.80939
0.797075
0.781956
0.765121
0.747932
0.73182
0.718044
0.707474
0.700578
0.69735
0.697312
0.699623
0.703247
0.707088
0.71008
0.711241
0.709769
0.705321
0.698221
0.689711
0.681921
0.677303
0.677763
0.68386
0.694543
0.707697
0.721074
0.733129
0.743243
0.751417
0.75774
0.762149
0.764416
0.764509
0.76266
0.759538
0.756051
0.753277
0.752352
0.754284
0.759558
0.767763
0.777469
0.78685
0.794311
0.798832
0.800162
0.798724
0.795377
0.791234
0.786998
0.782595
0.777308
0.770519
0.762474
0.754423
0.748008
0.744362
0.743509
0.744379
0.745373
0.745148
0.743062
0.739222
0.734186
0.728602
0.723021
0.717754
0.712977
0.70878
0.70538
0.703212
0.703032
0.705859
0.712662
0.723719
0.738106
0.753933
0.769186
0.782475
0.7934
0.801985
0.807968
0.810515
0.8088
0.802654
0.792835
0.780854
0.768481
0.75734
0.748656
0.743205
0.741162
0.742113
0.745042
0.748615
0.751532
0.752838
0.752071
0.74918
0.744479
0.738538
0.73196
0.725305
0.718954
0.71321
0.708471
0.705247
0.704065
0.705352
0.709264
0.715664
0.724292
0.734968
0.747633
0.762248
0.778605
0.796239
0.814312
0.831638
0.846815
0.858345
0.864754
0.864723
0.857372
0.842522
0.821014
0.795029
0.767839
0.743157
0.723937
0.711698
0.706292
0.706405
0.710245
0.715912
0.721688
0.726208
0.728617
0.728708
0.726812
0.723516
0.71915
0.713532
0.706205
0.696873
0.685972
0.675002
0.666435
0.662985
0.666485
0.676917
0.692543
0.710773
0.729178
0.745935
0.759821
0.770139
0.776727
0.78005
0.781229
0.781858
0.78376
0.788402
0.79639
0.80695
0.818231
0.827841
0.833674
0.834349
0.829371
0.819142
0.80489
0.788406
0.771601
0.756049
0.742605
0.731351
0.72194
0.714017
0.707468
0.702501
0.699379
0.698073
0.698011
0.698015
0.696624
0.692843
0.686945
0.680836
0.677573
0.680178
0.690226
0.707258
0.729124
0.752976
0.776128
0.796549
0.812921
0.824538
0.831218
0.833469
0.83245
0.829729
0.826847
0.824853
0.823979
0.823625
0.822642
0.819804
0.814059
0.804664
0.791257
0.774011
0.753746
0.731877
0.710387
0.691399
0.676705
0.667465
0.663996
0.665859
0.672128
0.681583
0.69301
0.705331
0.717639
0.729061
0.738617
0.745293
0.748251
0.747119
0.742154
0.734242
0.724826
0.71576
0.709029
0.706467
0.709335
0.717869
0.731079
0.74702
0.763267
0.777447
0.787729
0.793286
0.794362
0.792039
0.787705
0.782658
0.777798
0.773626
0.770446
0.768427
0.767529
0.76736
0.767177
0.766189
0.763802
0.759715
0.753848
0.746213
0.736854
0.725897
0.7135
0.700022
0.68603
0.672499
0.660681
0.651735
0.646256
0.644138
0.644934
0.648355
0.654489
0.66379
0.676754
0.693614
0.714387
0.738579
0.764975
0.791506
0.815457
0.834186
0.845833
0.849951
0.847566
0.840893
0.832674
0.825303
0.820094
0.816839
0.814101
0.810137
0.80389
0.795451
0.786044
0.777473
0.771292
0.768194
0.767838
0.768987
0.769928
0.768967
0.764805
0.756728
0.744674
0.729185
0.711371
0.692848
0.675559
0.661543
0.652567
0.649787
0.653458
0.662903
0.676639
0.692616
0.708609
0.722452
0.732447
0.737583
0.737675
0.733265
0.725679
0.716926
0.709417
0.705643
0.707658
0.716591
0.73244
0.754041
0.779288
0.805354
0.829315
0.848639
0.861628
0.867748
0.867549
0.862271
0.853248
0.84149
0.827514
0.811553
0.793706
0.774196
0.753751
0.733987
0.717644
0.707847
0.706635
0.713544
0.725833
0.740256
0.754254
0.766255
0.775487
0.781595
0.784507
0.784328
0.781234
0.775364
0.767022
0.75681
0.745776
0.735287
0.726851
0.721745
0.720675
0.723534
0.729393
0.736848
0.744608
0.751908
0.758746
0.765526
0.772588
0.779673
0.785925
0.790208
0.791499
0.789146
0.782891
0.772833
0.759325
0.743075
0.725121
0.707007
0.690619
0.677835
0.670012
0.667663
0.670556
0.677994
0.68911
0.702918
0.718185
0.733326
0.746621
0.756546
0.762367
0.76456
0.764674
0.764704
0.766152
0.76947
0.774112
0.779127
0.783645
0.787021
0.78874
0.788372
0.785507
0.779895
0.771587
0.761009
0.749085
0.737116
0.726536
0.718682
0.714639
0.715079
0.720183
0.729607
0.742509
0.757678
0.773767
0.789389
0.803164
0.813863
0.820475
0.822279
0.818957
0.810745
0.798316
0.782891
0.766067
0.749648
0.735427
0.725013
0.719414
0.718753
0.722145
0.72809
0.735017
0.741755
0.747595
0.752308
0.75584
0.758172
0.759266
0.759146
0.757988
0.75605
0.75341
0.749862
0.744902
0.738227
0.729981
0.720956
0.712371
0.705383
0.700678
0.698334
0.697892
0.698578
0.699563
0.70037
0.701186
0.702854
0.706542
0.713119
0.722807
0.735278
0.750045
0.766596
0.78411
0.801226
0.81629
0.827805
0.834715
0.836459
0.833033
0.824979
0.813529
0.800363
0.787282
0.775637
0.766146
0.75884
0.753326
0.749214
0.746306
0.744436
0.743199
0.741949
0.739969
0.73663
0.731582
0.724823
0.716803
0.708498
0.701273
0.696601
0.695772
0.699538
0.707855
0.719694
0.733223
0.746166
0.756524
0.763115
0.765844
0.765414
0.762833
0.758985
0.754455
0.749654
0.744965
0.740862
0.737823
0.736175
0.736041
0.737334
0.739901
0.743519
0.747818
0.752297
0.756444
0.759965
0.763038
0.766322
0.770411
0.775355
0.78062
0.78553
0.789627
0.792838
0.795154
0.796407
0.796303
0.794594
0.791334
0.786809
0.781189
0.774293
0.765663
0.75489
0.741829
0.726809
0.7107
0.69479
0.680814
0.67069
0.666108
0.667932
0.67596
0.688885
0.704697
0.721165
0.736259
0.748505
0.757102
0.762018
0.763605
0.762395
0.758862
0.753365
0.746312
0.7382
0.72981
0.72218
0.716475
0.713591
0.713892
0.717221
0.723031
0.730838
0.740511
0.751988
0.764936
0.778286
0.790242
0.798778
0.80231
0.800148
0.792619
0.780879
0.766682
0.752077
0.739243
0.730276
0.726935
0.730414
0.740928
0.75745
0.777784
0.799022
0.818169
0.832814
0.84146
0.843734
0.840099
0.831402
0.818531
0.802181
0.782869
0.761275
0.738598
0.716775
0.698312
0.685726
0.680887
0.684378
0.695135
0.710781
0.728405
0.745433
0.760041
0.771208
0.778419
0.781366
0.779896
0.774007
0.764172
0.751363
0.737112
0.72308
0.71088
0.70189
0.697319
0.697896
0.703481
0.712961
0.724464
0.735903
0.745487
0.751937
0.75461
0.75348
0.749024
0.742161
0.733996
0.725473
0.717162
0.709206
0.701446
0.693745
0.686456
0.680648
0.678185
0.681339
0.69195
0.710558
0.73595
0.765335
0.794929
0.820763
0.839451
0.848653
0.847307
0.835697
0.81543
0.78914
0.760212
0.732335
0.708969
0.692822
0.685505
0.687208
0.69675
0.711956
0.730348
0.749705
0.768312
0.78471
0.797821
0.807133
0.81298
0.816448
0.818857
0.82104
0.82294
0.823636
0.821688
0.815785
0.805248
0.790628
0.773764
0.757195
0.743276
0.733412
0.727943
0.726481
0.728201
0.732058
0.736798
0.740999
0.743356
0.742916
0.739363
0.73317
0.725443
0.717733
0.711547
0.708083
0.707925
0.711005
0.716601
0.723627
0.730916
0.737554
0.743033
0.747215
0.750207
0.752221
0.753516
0.754305
0.754782
0.75502
0.754985
0.754481
0.753312
0.75123
0.747999
0.743494
0.737816
0.73153
0.725735
0.722054
0.722087
0.726681
0.735555
0.747363
0.760193
0.772166
0.781791
0.788115
0.790792
0.790055
0.786511
0.780886
0.773831
0.765776
0.756925
0.747298
0.736848
0.725605
0.713862
0.702215
0.691603
0.683177
0.678224
0.677968
0.683244
0.693954
0.70909
0.727182
0.746953
0.7676
0.788476
0.808719
0.827086
0.842161
0.852511
0.856958
0.854896
0.846285
0.831637
0.811941
0.788534
0.763078
0.737609
0.714436
0.695998
0.684239
0.680059
0.683028
0.69179
0.704578
0.719611
0.735202
0.749674
0.761381
0.768819
0.770935
0.767524
0.75965
0.749618
0.740579
0.735594
0.736513
0.743525
0.75527
0.769413
0.783363
0.794912
0.802602
0.80589
0.80506
0.801078
0.795108
0.788127
0.780592
0.772311
0.762788
0.751788
0.739774
0.728118
0.71866
0.713033
0.711847
0.714302
0.718625
0.723094
0.726863
0.730079
0.73347
0.737711
0.743089
0.749366
0.75581
0.761483
0.765582
0.767632
0.767573
0.765772
0.763007
0.760324
0.75883
0.759476
0.762784
0.768484
0.775452
0.78197
0.786226
0.786846
0.783213
0.775556
0.764964
0.753271
0.742829
0.735894
0.733963
0.737083
0.743784
0.751608
0.757815
0.760166
0.757502
0.749953
0.738776
0.726013
0.713873
0.704208
0.698172
0.696115
0.69771
0.702072
0.707842
0.713348
0.71699
0.717665
0.715206
0.710552
0.705691
0.703096
0.70473
0.710903
0.719994
0.729162
0.735761
0.738349
0.736947
0.732916
0.728489
0.725979
0.726885
0.731436
0.738826
0.747843
0.757422
0.766826
0.775641
0.783742
0.79121
0.798252
0.805112
0.811669
0.817525
0.822311
0.825952
0.828583
0.830234
0.830524
0.828716
0.823933
0.815373
0.802464
0.785093
0.764013
0.740933
0.718348
0.699022
0.685162
0.67797
0.677478
0.682626
0.691725
0.702904
0.714464
0.725054
0.733906
0.74093
0.746429
0.750751
0.754043
