-6.65046
-6.64754
-6.62974
-6.61937
-6.60933
-6.59929
-6.59314
-6.58957
-6.5873
-6.58567
-6.58276
-6.58179
-6.58049
-6.57888
-6.57953
-6.57986
-6.57954
-6.57792
-6.57857
-6.57857
-6.57663
-6.5763
-6.57922
-6.58019
-6.57986
-6.57824
-6.57792
-6.57889
-6.58115
-6.58245
-6.58407
-6.58342
-6.58342
-6.58213
-6.58051
-6.58051
-6.58083
-6.58148
-6.58051
-6.57986
-6.58083
-6.58083
-6.58245
-6.58537
-6.58537
-6.58569
-6.58537
-6.58537
-6.58602
-6.58666
-6.58602
-6.58342
-6.58375
-6.58245
-6.5844
-6.58569
-6.58796
-6.58504
-6.58602
-6.58634
-6.58602
-6.58764
-6.58537
-6.5844
-6.58408
-6.58634
-6.58505
-6.58375
-6.58343
-6.58213
-6.58342
-6.58181
-6.58181
-6.58278
-6.58278
-6.58148
-6.58148
-6.58083
-6.58083
-6.58245
-6.58213
-6.58213
-6.58472
-6.58246
-6.58408
-6.5844
-6.58343
-6.58375
-6.58472
-6.58278
-6.5844
-6.58376
-6.58343
-6.58117
-6.58246
-6.58214
-6.58084
-6.58343
-6.58246
-6.58473
-6.58311
-6.58278
-6.58116
-6.58084
-6.58052
-6.58052
-6.5789
-6.58019
-6.5789
-6.57922
-6.58052
-6.58181
-6.58343
-6.58343
-6.58441
-6.58344
-6.58279
-6.58603
-6.58668
-6.58635
-6.58668
-6.58603
-6.5857
-6.58732
-6.58765
-6.587
-6.5857
-6.58441
-6.58376
-6.58344
-6.58344
-6.58473
-6.58344
-6.58441
-6.58408
-6.58311
-6.58182
-6.58085
-6.57955
-6.58279
-6.58311
-6.58441
-6.58473
-6.58344
-6.58247
-6.58376
-6.58279
-6.58506
-6.58538
-6.58473
-6.58441
-6.58474
-6.58376
-6.58312
-6.58279
-6.57955
-6.57826
-6.57794
-6.57599
-6.57696
-6.57664
-6.57793
-6.57664
-6.57696
-6.57664
-6.57761
-6.57761
-6.57794
-6.57955
-6.58053
-6.57923
-6.5815
-6.58441
-6.58538
-6.58571
-6.58668
-6.58603
-6.58635
-6.58603
-6.58571
-6.58506
-6.58506
-6.58538
-6.58765
-6.58344
-6.58312
-6.5815
-6.58052
-6.58085
-6.58279
-6.58538
-6.58635
-6.58764
-6.58797
-6.587
-6.58829
-6.58603
-6.5857
-6.58441
-6.58473
-6.58376
-6.58149
-6.58376
-6.58441
-6.58409
-6.58312
-6.58409
-6.58506
-6.5857
-6.58506
-6.58408
-6.587
-6.58732
-6.58829
-6.58732
-6.5857
-6.587
-6.58764
-6.58635
-6.58505
-6.58473
-6.58311
-6.58279
-6.58473
-6.58408
-6.58473
-6.58538
-6.5857
-6.5844
-6.58278
-6.58408
-6.58343
-6.58537
-6.5844
-6.58473
-6.58699
-6.58667
-6.58602
-6.5857
-6.587
-6.58603
-6.58505
-6.58538
-6.58376
-6.58408
-6.58246
-6.58214
-6.58246
-6.58149
-6.58052
-6.58246
-6.58279
-6.58117
-6.58279
-6.58246
-6.58376
-6.58344
-6.58149
-6.58182
-6.58214
-6.58343
-6.58181
-6.58279
-6.58311
-6.58441
-6.58246
-6.58117
-6.58278
-6.58375
-6.58343
-6.58246
-6.58051
-6.58213
-6.58019
-6.57922
-6.58019
-6.58408
-6.58537
-6.58602
-6.58181
-6.57954
-6.5789
-6.57825
-6.57987
-6.57987
-6.57889
-6.57825
-6.5789
-6.57857
-6.58181
-6.58214
-6.58311
-6.58278
-6.58408
-6.58699
-6.58828
-6.58699
-6.58537
-6.58764
-6.58829
-6.58602
-6.58505
-6.58472
-6.58505
-6.58537
-6.58602
-6.58537
-6.58408
-6.58408
-6.58408
-6.5844
-6.58149
-6.58343
-6.58408
-6.58343
-6.58214
-6.58052
-6.57825
-6.58019
-6.57954
-6.58051
-6.58019
-6.58116
-6.57987
-6.58019
-6.58084
-6.58084
-6.58408
-6.58538
-6.58699
-6.58667
-6.58829
-6.58861
-6.58796
-6.58796
-6.58926
-6.59055
-6.58764
-6.58537
-6.5857
-6.5857
-6.58473
-6.58376
-6.58408
-6.58278
-6.58343
-6.58181
-6.58084
-6.58278
-6.58375
-6.58311
-6.58278
-6.58375
-6.58246
-6.58343
-6.58052
-6.58084
-6.58052
-6.58085
-6.58085
-6.58182
-6.58117
-6.58085
-6.57858
-6.57858
-6.58052
-6.58117
-6.57891
-6.57923
-6.5815
-6.58247
-6.58344
-6.58182
-6.58214
-6.58214
-6.58214
-6.58312
-6.58344
-6.58279
-6.58279
-6.58279
-6.58279
-6.58344
-6.58214
-6.58279
-6.58311
-6.58182
-6.58149
-6.58117
-6.58149
-6.58344
-6.58246
-6.58376
-6.58376
-6.58473
-6.58635
-6.58603
-6.58538
-6.58506
-6.58247
-6.58279
-6.58473
-6.5857
-6.58408
-6.58344
-6.58279
-6.58279
-6.58441
-6.58473
-6.58538
-6.58279
-6.58311
-6.58441
-6.58441
-6.58505
-6.58732
-6.58667
-6.58441
-6.58408
-6.58344
-6.58182
-6.58117
-6.57923
-6.57793
-6.5789
-6.58182
-6.58279
-6.58246
-6.58181
-6.58084
-6.58181
-6.58311
-6.58311
-6.58343
-6.58214
-6.58343
-6.58278
-6.58214
-6.58311
-6.5844
-6.58505
-6.58537
-6.58408
-6.58278
-6.58375
-6.58375
-6.58375
-6.58505
-6.5844
-6.58181
-6.58019
-6.58181
-6.58149
-6.58213
-6.58116
-6.58311
-6.58473
-6.58505
-6.58473
-6.5844
-6.58311
-6.58181
-6.58246
-6.58472
-6.58311
-6.58116
-6.58181
-6.57922
-6.5776
-6.57728
-6.5789
-6.57955
-6.5789
-6.57663
-6.57663
-6.57501
-6.57275
-6.57501
-6.57566
-6.57955
-6.57923
-6.58052
-6.5802
-6.58344
-6.58473
-6.58635
-6.587
-6.58538
-6.58538
-6.58538
-6.5857
-6.58408
-6.58505
-6.58441
-6.5857
-6.58473
-6.58602
-6.5857
-6.58473
-6.58279
-6.58214
-6.58052
-6.58085
-6.57858
-6.57988
-6.58149
-6.58246
-6.58084
-6.5802
-6.58052
-6.5802
-6.58214
-6.58408
-6.58279
-6.58376
-6.58279
-6.58246
-6.58182
-6.58279
-6.58376
-6.58214
-6.58214
-6.58117
-6.5815
-6.58182
-6.58085
-6.58311
-6.58344
-6.58344
-6.58376
-6.58538
-6.58765
-6.587
-6.58733
-6.58798
-6.58668
-6.58442
-6.58506
-6.58344
-6.58053
-6.58021
-6.5815
-6.5828
-6.58312
-6.5828
-6.58215
-6.58247
-6.58182
-6.58215
-6.58085
-6.58053
-6.57988
-6.57923
-6.57955
-6.58117
-6.58085
-6.58117
-6.57955
-6.57923
-6.5802
-6.57988
-6.57955
-6.5802
-6.58053
-6.58214
-6.58279
-6.58085
-6.57956
-6.57956
-6.57956
-6.58053
-6.58312
-6.58344
-6.5815
-6.58085
-6.57923
-6.57858
-6.57956
-6.57826
-6.57729
-6.57826
-6.57632
-6.57632
-6.576
-6.57502
-6.57664
-6.57794
-6.57762
-6.57826
-6.57956
-6.58247
-6.58086
-6.58086
-6.5815
-6.58247
-6.58247
-6.58183
-6.58085
-6.5815
-6.58215
-6.5815
-6.5828
-6.58312
-6.58733
-6.587
-6.58474
-6.58312
-6.58409
-6.58636
-6.58603
-6.58603
-6.58506
-6.58377
-6.58377
-6.58506
-6.58603
-6.58506
-6.58474
-6.5815
-6.58117
-6.5802
-6.57988
-6.57955
-6.58117
-6.58214
-6.58182
-6.58311
-6.58117
-6.58214
-6.58149
-6.58084
-6.58149
-6.57826
-6.58085
-6.58052
-6.58149
-6.58311
-6.58343
-6.58279
-6.58149
-6.58278
-6.58473
-6.5844
-6.58311
-6.58311
-6.58278
-6.58343
-6.58408
-6.58343
-6.58537
-6.58505
-6.58829
-6.58699
-6.58505
-6.58602
-6.58635
-6.58311
-6.58246
-6.5844
-6.58343
-6.58343
-6.58376
-6.5844
-6.58538
-6.58635
-6.58667
-6.58602
-6.58441
-6.58538
-6.58603
-6.58506
-6.58344
-6.58409
-6.58279
-6.58052
-6.5802
-6.57988
-6.5802
-6.5802
-6.58182
-6.58311
-6.58311
-6.58408
-6.587
-6.58829
-6.58926
-6.58894
-6.58829
-6.58764
-6.58603
-6.58667
-6.58506
-6.58603
-6.587
-6.58635
-6.58797
-6.58894
-6.58765
-6.58797
-6.58765
-6.587
-6.58667
-6.58441
-6.58473
-6.58505
-6.58343
-6.58311
-6.58441
-6.58506
-6.58441
-6.58441
-6.58376
-6.58312
-6.58344
-6.58118
-6.57956
-6.57956
-6.57794
-6.57794
-6.57697
-6.57632
-6.57826
-6.57697
-6.57794
-6.57891
-6.57956
-6.5802
-6.58118
-6.5815
-6.58182
-6.58247
-6.58215
-6.58215
-6.58247
-6.58474
-6.58377
-6.58409
-6.58506
-6.58441
-6.58474
-6.58312
-6.58312
-6.58377
-6.58344
-6.58571
-6.58798
-6.58992
-6.58733
-6.58798
-6.58538
-6.58409
-6.58312
-6.58377
-6.58409
-6.58344
-6.58182
-6.58182
-6.57923
-6.57762
-6.57859
-6.58021
-6.5815
-6.58085
-6.57988
-6.57923
-6.57859
-6.57956
-6.57988
-6.5802
-6.58182
-6.5828
-6.58085
-6.5802
-6.58021
-6.57988
-6.58021
-6.57891
-6.58118
-6.58247
-6.58377
-6.58635
-6.5883
-6.58797
-6.587
-6.58603
-6.587
-6.58506
-6.58473
-6.58441
-6.58409
-6.58506
-6.587
-6.58797
-6.587
-6.587
-6.58636
-6.58506
-6.58344
-6.58538
-6.58506
-6.58311
-6.58344
-6.58506
-6.58247
-6.58182
-6.58344
-6.58376
-6.58376
-6.58409
-6.58506
-6.58603
-6.58571
-6.58473
-6.58214
-6.58311
-6.58344
-6.58473
-6.58635
-6.58603
-6.58538
-6.58635
-6.58505
-6.58279
-6.58408
-6.58409
-6.58279
-6.58247
-6.58311
-6.58247
-6.58214
-6.58247
-6.58279
-6.58344
-6.58441
-6.58441
-6.58376
-6.5857
-6.58538
-6.5857
-6.58602
-6.58343
-6.58343
-6.58279
-6.58311
-6.58408
-6.58441
-6.58473
-6.58635
-6.58344
-6.58182
-6.58182
-6.58149
-6.58343
-6.58441
-6.58441
-6.5857
-6.58473
-6.58538
-6.58344
-6.58279
-6.58214
-6.58214
-6.58085
-6.58247
-6.58506
-6.58376
-6.58344
-6.58409
-6.58376
-6.58344
-6.58279
-6.58311
-6.58344
-6.58344
-6.58344
-6.58441
-6.58441
-6.58376
-6.58279
-6.58344
-6.58279
-6.58376
-6.58215
-6.58053
-6.5802
-6.5789
-6.5789
-6.57826
-6.5789
-6.57825
-6.57858
-6.5789
-6.57696
-6.57664
-6.57826
-6.57987
-6.58117
-6.58182
-6.57955
-6.57955
-6.58117
-6.58214
-6.58052
-6.58052
-6.57955
-6.58084
-6.57987
-6.57793
-6.57858
-6.58052
-6.58117
-6.58279
-6.58409
-6.58474
-6.58571
-6.58603
-6.58668
-6.58668
-6.587
-6.58668
-6.58376
-6.58344
-6.58182
-6.5802
-6.57988
-6.57793
-6.57955
-6.57988
-6.57923
-6.57826
-6.57729
-6.57761
-6.57697
-6.57697
-6.57697
-6.576
-6.57664
-6.57567
-6.57697
-6.57794
-6.57891
-6.57826
-6.57664
-6.57729
-6.57891
-6.57664
-6.57891
-6.5802
-6.58085
-6.58053
-6.5802
-6.5815
-6.58441
-6.58474
-6.58571
-6.58312
-6.5828
-6.58279
-6.58344
-6.58053
-6.58085
-6.58053
-6.58182
-6.58182
-6.58182
-6.58117
-6.58117
-6.5802
-6.57923
-6.57664
-6.57891
-6.57924
-6.57891
-6.57859
-6.57924
-6.58053
-6.58151
-6.58215
-6.58377
-6.5841
-6.58539
-6.58507
-6.58312
-6.5815
-6.58215
-6.58248
-6.58247
-6.58247
-6.58183
-6.5828
-6.58215
-6.58053
-6.58183
-6.58215
-6.58345
-6.58474
-6.58409
-6.58409
-6.58183
-6.58183
-6.03373
-6.03568
-6.03471
-6.03439
-6.03245
-6.02921
-6.02629
-6.02629
-6.02078
-6.01981
-6.01495
-6.01171
-6.01106
-6.01009
-6.01041
-6.00912
-6.01042
-6.01237
-6.01302
-6.01593
-6.01723
-6.01949
-6.02208
-6.02337
-6.02207
-6.02337
-6.02596
-6.02757
-6.02725
-6.02661
-6.02596
-6.02726
-6.02823
-6.02824
-6.02824
-6.0305
-6.03212
-6.03309
-6.03763
-6.03795
-6.03859
-6.03795
-6.036
-6.03438
-6.03471
-6.03309
-6.03147
-6.02888
-6.03018
-6.02985
-6.02694
-6.02565
-6.02532
-6.02176
-6.02208
-6.01949
-6.01787
-6.01657
-6.01722
-6.01819
-6.02014
-6.02143
-6.02273
-6.025
-6.02403
-6.02565
-6.02662
-6.0263
-6.02565
-6.03018
-6.02856
-6.02953
-6.02758
-6.02596
-6.02629
-6.02402
-6.02596
-6.02758
-6.02726
-6.02467
-6.02596
-6.02629
-6.02629
-6.02726
-6.02856
-6.02888
-6.02791
-6.02953
-6.02823
-6.02758
-6.02532
-6.02273
-6.02175
-6.01949
-6.01851
-6.01981
-6.01917
-6.01949
-6.01917
-6.01787
-6.01722
-6.01916
-6.01949
-6.01916
-6.02046
-6.02014
-6.02014
-6.02176
-6.02273
-6.02209
-6.02241
-6.02176
-6.02273
-6.02273
-6.02338
-6.02305
-6.02661
-6.02662
-6.02888
-6.02759
-6.0263
-6.02468
-6.02694
-6.02921
-6.03115
-6.02953
-6.02759
-6.02953
-6.0318
-6.0318
-6.03245
-6.03212
-6.03083
-6.02694
-6.02533
-6.02436
-6.02403
-6.02274
-6.02339
-6.02177
-6.02145
-6.02242
-6.02242
-6.02403
-6.02339
-6.02241
-6.02176
-6.02176
-6.02047
-6.02079
-6.02273
-6.02306
-6.02339
-6.02307
-6.02371
-6.02307
-6.02566
-6.02728
-6.02825
-6.02954
-6.02986
-6.02889
-6.03116
-6.03116
-6.0331
-6.03018
-6.0318
-6.03148
-6.03051
-6.03018
-6.02921
-6.02824
-6.02792
-6.02533
-6.02436
-6.0208
-6.02436
-6.02501
-6.02501
-6.02306
-6.02209
-6.02241
-6.02403
-6.02338
-6.02241
-6.02209
-6.02144
-6.02209
-6.02209
-6.02176
-6.01982
-6.01853
-6.02014
-6.02014
-6.02209
-6.0237
-6.02403
-6.02338
-6.025
-6.025
-6.02565
-6.02597
-6.02662
-6.02888
-6.03018
-6.03147
-6.03244
-6.03147
-6.03115
-6.0305
-6.03049
-6.03082
-6.02887
-6.02725
-6.03049
-6.02823
-6.0292
-6.02758
-6.02758
-6.02563
-6.02304
-6.02466
-6.0224
-6.02013
-6.01819
-6.01528
-6.01398
-6.01398
-6.01236
-6.01236
-6.01268
-6.01398
-6.01365
-6.01689
-6.01819
-6.01884
-6.02175
-6.0224
-6.02402
-6.02563
-6.02563
-6.02628
-6.02887
-6.02984
-6.02822
-6.02855
-6.0279
-6.02823
-6.03049
-6.03179
-6.02887
-6.0279
-6.02725
-6.02855
-6.02628
-6.02628
-6.02531
-6.02336
-6.02239
-6.02628
-6.02498
-6.02433
-6.02433
-6.02531
-6.02531
-6.02563
-6.02725
-6.02692
-6.02466
-6.02206
-6.02109
-6.02142
-6.02174
-6.02206
-6.02239
-6.02336
-6.02401
-6.02303
-6.02303
-6.02433
-6.0253
-6.02692
-6.02886
-6.03016
-6.03145
-6.02919
-6.02886
-6.02951
-6.02983
-6.0308
-6.0308
-6.03145
-6.03307
-6.03243
-6.03178
-6.03178
-6.03177
-6.03177
-6.03113
-6.02983
-6.02821
-6.02853
-6.02692
-6.02692
-6.02659
-6.02627
-6.0253
-6.02627
-6.02692
-6.02497
-6.02368
-6.02271
-6.02368
-6.02367
-6.02594
-6.02691
-6.02594
-6.02497
-6.02692
-6.02659
-6.02724
-6.02757
-6.02854
-6.02854
-6.02919
-6.02854
-6.02886
-6.03016
-6.03016
-6.02886
-6.02918
-6.02983
-6.0308
-6.02789
-6.02951
-6.02854
-6.02724
-6.02724
-6.02822
-6.02822
-6.02757
-6.02627
-6.02498
-6.02239
-6.02174
-6.02174
-6.02141
-6.02076
-6.02109
-6.01947
-6.01915
-6.02044
-6.02109
-6.02174
-6.02206
-6.02109
-6.02173
-6.02238
-6.02173
-6.02432
-6.02465
-6.024
-6.02498
-6.02724
-6.02433
-6.02466
-6.02563
-6.02822
-6.02887
-6.02854
-6.02757
-6.02789
-6.02789
-6.02724
-6.02595
-6.02692
-6.02724
-6.02789
-6.02919
-6.03146
-6.03243
-6.03373
-6.03146
-6.03081
-6.03113
-6.02887
-6.02692
-6.02692
-6.02595
-6.02433
-6.02724
-6.02465
-6.0253
-6.02206
-6.02045
-6.01948
-6.01948
-6.0198
-6.0198
-6.0198
-6.02206
-6.0253
-6.02498
-6.02336
-6.02465
-6.02465
-6.02401
-6.02465
-6.02563
-6.02336
-6.02368
-6.0253
-6.0266
-6.02822
-6.02725
-6.02887
-6.02854
-6.02854
-6.02757
-6.02854
-6.02854
-6.02789
-6.02854
-6.03015
-6.03242
-6.03145
-6.02951
-6.02951
-6.03081
-6.02757
-6.02854
-6.02919
-6.02692
-6.02692
-6.02562
-6.02497
-6.02368
-6.024
-6.02368
-6.02109
-6.02012
-6.0198
-6.01947
-6.01947
-6.02045
-6.02272
-6.02498
-6.02628
-6.02628
-6.02692
-6.0253
-6.02724
-6.02822
-6.02886
-6.02692
-6.02724
-6.02854
-6.02757
-6.02692
-6.02724
-6.0266
-6.02336
-6.02433
-6.02562
-6.02627
-6.02562
-6.02595
-6.02659
-6.02368
-6.02465
-6.02432
-6.02497
-6.02303
-6.02206
-6.02336
-6.02368
-6.02433
-6.0253
-6.02498
-6.02433
-6.0253
-6.02465
-6.02497
-6.02368
-6.02368
-6.024
-6.02433
-6.02368
-6.02659
-6.02562
-6.02595
-6.0266
-6.02789
-6.02595
-6.02627
-6.02627
-6.02724
-6.02854
-6.02659
-6.02853
-6.0295
-6.02756
-6.02821
-6.02497
-6.02497
-6.02335
-6.02109
-6.02271
-6.02692
-6.02725
-6.02854
-6.02692
-6.02466
-6.02498
-6.02563
-6.02465
-6.02562
-6.02724
-6.0227
-6.024
-6.024
-6.02367
-6.02303
-6.0227
-6.02173
-6.02173
-6.02044
-6.02206
-6.02141
-6.02335
-6.024
-6.02432
-6.02594
-6.02562
-6.02821
-6.02691
-6.02562
-6.02626
-6.02464
-6.02367
-6.02399
-6.02788
-6.02723
-6.02594
-6.02561
-6.02432
-6.02367
-6.02237
-6.0214
-6.02172
-6.02172
-6.02367
-6.02658
-6.02658
-6.02464
-6.02399
-6.02334
-6.02366
-6.02205
-6.02237
-6.02172
-6.02172
-6.02075
-6.0214
-6.02172
-6.02237
-6.02302
-6.02334
-6.02464
-6.02399
-6.0227
-6.02432
-6.02561
-6.03047
-6.03112
-6.03177
-6.0295
-6.0295
-6.02756
-6.02885
-6.02917
-6.02755
-6.02593
-6.02593
-6.02496
-6.02626
-6.0282
-6.02885
-6.0282
-6.02852
-6.02658
-6.02723
-6.02561
-6.02172
-6.0214
-6.02334
-6.02561
-6.02755
-6.02787
-6.02852
-6.02917
-6.03014
-6.02884
-6.02852
-6.0282
-6.02658
-6.0269
-6.02723
-6.02593
-6.02561
-6.02593
-6.02495
-6.02625
-6.02755
-6.02625
-6.02755
-6.02852
-6.02787
-6.02657
-6.02593
-6.02496
-6.02755
-6.0295
-6.03079
-6.0295
-6.03015
-6.0282
-6.02755
-6.02593
-6.02852
-6.02884
-6.0269
-6.02658
-6.02431
-6.02367
-6.02529
-6.02529
-6.02594
-6.02594
-6.02561
-6.02658
-6.02626
-6.02626
-6.02464
-6.02366
-6.02366
-6.02334
-6.02107
-6.02269
-6.02302
-6.02172
-6.02075
-6.0214
-6.0214
-6.02173
-6.02464
-6.02561
-6.02659
-6.02756
-6.02691
-6.02723
-6.0282
-6.02658
-6.02788
-6.02755
-6.02658
-6.02561
-6.02853
-6.0282
-6.02496
-6.02334
-6.02399
-6.02269
-6.02334
-6.02269
-6.02398
-6.02301
-6.02528
-6.02755
-6.02787
-6.02755
-6.0269
-6.02723
-6.02885
-6.02755
-6.02658
-6.0282
-6.02658
-6.02755
-6.02788
-6.02755
-6.02528
-6.02561
-6.02625
-6.02754
-6.02754
-6.02787
-6.02528
-6.02593
-6.02723
-6.02561
-6.02691
-6.02658
-6.02561
-6.02723
-6.02788
-6.02723
-6.02723
-6.0282
-6.02496
-6.02917
-6.0269
-6.02625
-6.02431
-6.02464
-6.02269
-6.02237
-6.02399
-6.02431
-6.02529
-6.02464
-6.02464
-6.02562
-6.02432
-6.02303
-6.02335
-6.02497
-6.02497
-6.02691
-6.02561
-6.02464
-6.02561
-6.02528
-6.02593
-6.02496
-6.02302
-6.02399
-6.02496
-6.02561
-6.02626
-6.02626
-6.0282
-6.02853
-6.02853
-6.02853
-6.02594
-6.02691
-6.02723
-6.02529
-6.02723
-6.02529
-6.02594
-6.02432
-6.02496
-6.02464
-6.02399
-6.02399
-6.02399
-6.02431
-6.02528
-6.02626
-6.02723
-6.02982
-6.02788
-6.02626
-6.02788
-6.03014
-6.02982
-6.03176
-6.03176
-6.0282
-6.02755
-6.02755
-6.02626
-6.02593
-6.02626
-6.02755
-6.03079
-6.03112
-6.03079
-6.03112
-6.03144
-6.03014
-6.03047
-6.0282
-6.02853
-6.0295
-6.02885
-6.02917
-6.02853
-6.02593
-6.02626
-6.02658
-6.02755
-6.0269
-6.02464
-6.02723
-6.02723
-6.0269
-6.02755
-6.0282
-6.02917
-6.02853
-6.02917
-6.02917
-6.0282
-6.02755
-6.02691
-6.0282
-6.02496
-6.02399
-6.02432
-6.02464
-6.02529
-6.02529
-6.02432
-6.02335
-6.024
-6.02303
-6.02303
-6.02108
-6.02141
-6.02076
-6.02205
-6.02464
-6.02529
-6.02723
-6.0282
-6.02885
-6.02691
-6.02723
-6.02659
-6.02659
-6.02626
-6.02788
-6.02821
-6.02691
-6.02627
-6.02465
-6.02659
-6.02789
-6.0295
-6.02918
-6.02885
-6.02691
-6.02399
-6.02269
-6.02367
-6.02399
-6.02334
-6.02302
-6.02399
-6.02399
-6.02691
-6.02432
-6.0227
-6.02108
-6.02238
-6.02432
-6.02399
-6.02432
-6.02464
-6.02464
-6.02626
-6.0282
-6.02691
-6.02852
-6.03079
-6.03015
-6.03112
-6.03112
-6.03144
-6.03209
-6.03177
-6.03048
-6.02853
-6.02821
-6.02594
-6.02918
-6.02788
-6.0282
-6.02982
-6.03079
-6.03015
-6.03047
-6.03015
-6.02885
-6.02756
-6.02497
-6.02529
-6.02497
-6.02399
-6.02367
-6.02399
-6.02529
-6.02594
-6.02497
-6.02302
-6.02432
-6.02335
-6.02205
-6.02367
-6.02497
-6.02594
-6.02465
-6.024
-6.02562
-6.02497
-6.02465
-6.02432
-6.02465
-6.02529
-6.02691
-6.02691
-6.02529
-6.02432
-6.02529
-6.02464
-6.02561
-6.02691
-6.02723
-6.02562
-6.02627
-6.02562
-6.02465
-6.02562
-6.02659
-6.02724
-6.02627
-6.02853
-6.0282
-6.02885
-6.02691
-6.02594
-6.02562
-6.0253
-6.02432
-6.02335
-6.0227
-6.02432
-6.02367
-6.0227
-6.02367
-6.02497
-6.02594
-6.02594
-6.0253
-6.02627
-6.02692
-6.02659
-6.02724
-6.02594
-6.02303
-6.02368
-6.02432
-6.02691
-6.02756
-6.02756
-6.02821
-6.02756
-6.02918
-6.02853
-6.02983
-6.02886
-6.02788
-6.02465
-6.02432
-6.02594
-6.02756
-6.02594
-6.02497
-6.02433
-6.02238
-6.02206
-6.02335
-6.02076
-6.01947
-6.01979
-6.02206
-6.02336
-6.0253
-6.02465
-6.02335
-6.02335
-6.02335
-6.02205
-6.0227
-6.024
-6.02562
-6.02368
-6.02466
-6.02628
-6.02628
-6.02627
-6.02659
-6.02627
-6.02789
-6.02659
-6.02756
-6.0308
-5.68286
-5.68384
-5.68319
-5.68449
-5.68417
-5.67899
-5.67737
-5.67445
-5.67413
-5.67315
-5.66861
-5.66666
-5.66569
-5.6644
-5.66343
-5.66343
-5.66505
-5.66667
-5.66667
-5.66991
-5.67056
-5.67056
-5.67088
-5.6712
-5.67023
-5.67282
-5.67347
-5.67379
-5.67476
-5.67541
-5.67767
-5.67832
-5.67832
-5.67962
-5.67865
-5.67994
-5.68124
-5.68221
-5.68318
-5.6835
-5.68383
-5.68254
-5.68156
-5.68092
-5.67994
-5.678
-5.67767
-5.67799
-5.6767
-5.67509
-5.67412
-5.67315
-5.67282
-5.67185
-5.67055
-5.6699
-5.66957
-5.66957
-5.67022
-5.66861
-5.66958
-5.67056
-5.67218
-5.67574
-5.67833
-5.67671
-5.678
-5.67703
-5.67509
-5.67412
-5.67314
-5.67314
-5.67346
-5.67249
-5.67476
-5.67865
-5.68027
-5.6806
-5.68287
-5.68222
-5.68092
-5.68383
-5.68286
-5.68318
-5.68156
-5.67962
-5.67865
-5.67768
-5.67735
-5.67767
-5.67735
-5.67541
-5.67638
-5.67412
-5.67379
-5.67508
-5.67411
-5.67572
-5.67378
-5.67216
-5.67119
-5.67152
-5.6712
-5.67217
-5.67152
-5.67217
-5.6754
-5.67767
-5.67735
-5.678
-5.678
-5.678
-5.67735
-5.67864
-5.67897
-5.67994
-5.67994
-5.67767
-5.6754
-5.67702
-5.67767
-5.6767
-5.67702
-5.6767
-5.67605
-5.67508
-5.67605
-5.67411
-5.67541
-5.6767
-5.67606
-5.67703
-5.67476
-5.67476
-5.67346
-5.67249
-5.67346
-5.67443
-5.67281
-5.67281
-5.67248
-5.67216
-5.67442
-5.67378
-5.67249
-5.67378
-5.67023
-5.67217
-5.67411
-5.67055
-5.67087
-5.67055
-5.6712
-5.67152
-5.67346
-5.6741
-5.6741
-5.67572
-5.67735
-5.67605
-5.67702
-5.67735
-5.67832
-5.67961
-5.67897
-5.67929
-5.67897
-5.67768
-5.67606
-5.67412
-5.67347
-5.67671
-5.67703
-5.6767
-5.6754
-5.67443
-5.67508
-5.67638
-5.67573
-5.67508
-5.67347
-5.67379
-5.67444
-5.67703
-5.67768
-5.67897
-5.67768
-5.67573
-5.67703
-5.67638
-5.67573
-5.67508
-5.67346
-5.67346
-5.67475
-5.6741
-5.67475
-5.67411
-5.67475
-5.67443
-5.67605
-5.67767
-5.67799
-5.67929
-5.67702
-5.67799
-5.67799
-5.6754
-5.67572
-5.6741
-5.67378
-5.67507
-5.67475
-5.67345
-5.67345
-5.67312
-5.6728
-5.67248
-5.67248
-5.67216
-5.67313
-5.67313
-5.67216
-5.67313
-5.6741
-5.67442
-5.67378
-5.67475
-5.6754
-5.67475
-5.67313
-5.67507
-5.67637
-5.67669
-5.67766
-5.67993
-5.68026
-5.67994
-5.67929
-5.67962
-5.67962
-5.68188
-5.67962
-5.67929
-5.67897
-5.67703
-5.6767
-5.67573
-5.67541
-5.67509
-5.67541
-5.67315
-5.67444
-5.67282
-5.67152
-5.6699
-5.66731
-5.66764
-5.66861
-5.66666
-5.66763
-5.66958
-5.6712
-5.6712
-5.67185
-5.67217
-5.67152
-5.67282
-5.67379
-5.67379
-5.6725
-5.67282
-5.67573
-5.67703
-5.67638
-5.67994
-5.68059
-5.68124
-5.67962
-5.6793
-5.678
-5.67897
-5.67929
-5.67962
-5.68026
-5.678
-5.67508
-5.67541
-5.67573
-5.67541
-5.67476
-5.67638
-5.67574
-5.67477
-5.67574
-5.67704
-5.67801
-5.6793
-5.67898
-5.67671
-5.67411
-5.67411
-5.67314
-5.67411
-5.67281
-5.67508
-5.67573
-5.67541
-5.67768
-5.6806
-5.68092
-5.68027
-5.67898
-5.67833
-5.67801
-5.67574
-5.67379
-5.67347
-5.67606
-5.6767
-5.67573
-5.67412
-5.67444
-5.67703
-5.68092
-5.67897
-5.67832
-5.67962
-5.67865
-5.67509
-5.67541
-5.67638
-5.67703
-5.67638
-5.678
-5.67995
-5.68059
-5.67865
-5.678
-5.67897
-5.67962
-5.67832
-5.67509
-5.67444
-5.67444
-5.67411
-5.67249
-5.6725
-5.67153
-5.67185
-5.67218
-5.67056
-5.67121
-5.67153
-5.6738
-5.67444
-5.67282
-5.67315
-5.67444
-5.67541
-5.67574
-5.67736
-5.67801
-5.67736
-5.67574
-5.67477
-5.67574
-5.67445
-5.67607
-5.67768
-5.67704
-5.67574
-5.67574
-5.67736
-5.67898
-5.68124
-5.67963
-5.67866
-5.67898
-5.67445
-5.67607
-5.67737
-5.6751
-5.67445
-5.6751
-5.67477
-5.67445
-5.67736
-5.67607
-5.67316
-5.67445
-5.67574
-5.67639
-5.67963
-5.67963
-5.67866
-5.67931
-5.67963
-5.67899
-5.67931
-5.68093
-5.68093
-5.68125
-5.68092
-5.67833
-5.67833
-5.67769
-5.67801
-5.67639
-5.67543
-5.67575
-5.67769
-5.67737
-5.67704
-5.67477
-5.67445
-5.67283
-5.67186
-5.67348
-5.67316
-5.67543
-5.67445
-5.67284
-5.67122
-5.67154
-5.67122
-5.67122
-5.67316
-5.67251
-5.67445
-5.67672
-5.67704
-5.6793
-5.67607
-5.67639
-5.67607
-5.67445
-5.67316
-5.67381
-5.67737
-5.67866
-5.68028
-5.67963
-5.68028
-5.67963
-5.67769
-5.67737
-5.67575
-5.67607
-5.67607
-5.6751
-5.67251
-5.6738
-5.67413
-5.6751
-5.67413
-5.67316
-5.67478
-5.6751
-5.67316
-5.67315
-5.67348
-5.67316
-5.67283
-5.6738
-5.67413
-5.67348
-5.67186
-5.67445
-5.67154
-5.67283
-5.67381
-5.67348
-5.67251
-5.67251
-5.67121
-5.67218
-5.67089
-5.67186
-5.67024
-5.67251
-5.67477
-5.67445
-5.67575
-5.67381
-5.67349
-5.67349
-5.6764
-5.6764
-5.67737
-5.67996
-5.67866
-5.67963
-5.67899
-5.67866
-5.67704
-5.67834
-5.67736
-5.67607
-5.67542
-5.67445
-5.67445
-5.67478
-5.67607
-5.6751
-5.67381
-5.67478
-5.67575
-5.67575
-5.67607
-5.67737
-5.67769
-5.67769
-5.67801
-5.67866
-5.67898
-5.67704
-5.67607
-5.67575
-5.67607
-5.67672
-5.67672
-5.67769
-5.67866
-5.67639
-5.67478
-5.67737
-5.67575
-5.67736
-5.67769
-5.67736
-5.67704
-5.67575
-5.67769
-5.67704
-5.67834
-5.67931
-5.67964
-5.67802
-5.67996
-5.67867
-5.6777
-5.67834
-5.67737
-5.67801
-5.67736
-5.67574
-5.67574
-5.67574
-5.67607
-5.67607
-5.67445
-5.67413
-5.67575
-5.6751
-5.67608
-5.67608
-5.67673
-5.67673
-5.67672
-5.6764
-5.6764
-5.67543
-5.67478
-5.67413
-5.67478
-5.67445
-5.67381
-5.67543
-5.67478
-5.67413
-5.6764
-5.67964
-5.67964
-5.67705
-5.67673
-5.67932
-5.67964
-5.68029
-5.67867
-5.67964
-5.67931
-5.67867
-5.68029
-5.67737
-5.67802
-5.67931
-5.67834
-5.67801
-5.67736
-5.67639
-5.67736
-5.67542
-5.67542
-5.67413
-5.67316
-5.67446
-5.6764
-5.67705
-5.67867
-5.67932
-5.67899
-5.67802
-5.67964
-5.67963
-5.67704
-5.67672
-5.67672
-5.67833
-5.67639
-5.67639
-5.67542
-5.67704
-5.67672
-5.6751
-5.6751
-5.67607
-5.67574
-5.67704
-5.67801
-5.67607
-5.67737
-5.67575
-5.67348
-5.67348
-5.67316
-5.6751
-5.67413
-5.67154
-5.67219
-5.67251
-5.67219
-5.67478
-5.67478
-5.67413
-5.67639
-5.67834
-5.67866
-5.6764
-5.6764
-5.67543
-5.67478
-5.67543
-5.67381
-5.67057
-5.67122
-5.67154
-5.67154
-5.67445
-5.67671
-5.67542
-5.67606
-5.67444
-5.67574
-5.67574
-5.67445
-5.67412
-5.67445
-5.6751
-5.67413
-5.67445
-5.67607
-5.6751
-5.67283
-5.67154
-5.67218
-5.67251
-5.67218
-5.67412
-5.6738
-5.67542
-5.67671
-5.67639
-5.67607
-5.67639
-5.67607
-5.67509
-5.67445
-5.67477
-5.67412
-5.67445
-5.67445
-5.67315
-5.67251
-5.67121
-5.66798
-5.66895
-5.66992
-5.66992
-5.67057
-5.67414
-5.6764
-5.6777
-5.67575
-5.67705
-5.67608
-5.6764
-5.67802
-5.67769
-5.67834
-5.67769
-5.67931
-5.67834
-5.68029
-5.67867
-5.67673
-5.67446
-5.67122
-5.67025
-5.66993
-5.67025
-5.67154
-5.67251
-5.67284
-5.67349
-5.67316
-5.67349
-5.67123
-5.66993
-5.66961
-5.66993
-5.67155
-5.67479
-5.67543
-5.67576
-5.67576
-5.67512
-5.67771
-5.67706
-5.67674
-5.67706
-5.67642
-5.67803
-5.67706
-5.67512
-5.67382
-5.67317
-5.67317
-5.67349
-5.67285
-5.67447
-5.67447
-5.67415
-5.67383
-5.67286
-5.67221
-5.67221
-5.67351
-5.67448
-5.67318
-5.67221
-5.67253
-5.67253
-5.67447
-5.67479
-5.67026
-5.6709
-5.67058
-5.67026
-5.67253
-5.67221
-5.67124
-5.67124
-5.67157
-5.67286
-5.67448
-5.67384
-5.67416
-5.67513
-5.67286
-5.67188
-5.67285
-5.6735
-5.67382
-5.67447
-5.67641
-5.67674
-5.67641
-5.67836
-5.67609
-5.67609
-5.67544
-5.67415
-5.67286
-5.6748
-5.67383
-5.67448
-5.6735
-5.67545
-5.67415
-5.67415
-5.67512
-5.67577
-5.67674
-5.67706
-5.67706
-5.67965
-5.67997
-5.67836
-5.67836
-5.67933
-5.67738
-5.67706
-5.67673
-5.67835
-5.679
-5.6803
-5.6803
-5.68095
-5.68063
-5.67966
-5.68095
-5.67739
-5.67803
-5.67706
-5.67674
-5.67447
-5.67253
-5.67512
-5.6748
-5.67642
-5.67836
-5.67739
-5.67738
-5.67738
-5.67771
-5.67706
-5.67706
-5.67771
-5.67965
-5.67868
-5.67674
-5.67512
-5.67448
-5.67674
-5.67415
-5.6735
-5.67221
-5.6735
-5.67286
-5.67124
-5.67221
-5.67382
-5.67511
-5.67609
-5.67674
-5.67512
-5.67447
-5.67447
-5.67318
-5.6735
-5.67253
-5.67156
-5.67156
-5.67318
-5.67383
-5.6735
-5.67382
-5.67318
-5.6722
-5.67317
-5.67123
-5.67026
-5.66993
-5.67123
-5.6709
-5.6735
-5.67674
-5.67965
-5.67965
-5.67933
-5.6803
-5.68063
-5.67933
-5.67901
-5.67901
-5.67674
-5.67674
-5.67544
-5.67447
-5.67512
-5.67512
-5.6735
-5.67414
-5.67544
-5.67512
-5.67544
-5.67544
-5.67673
-5.67738
-5.67738
-5.67479
-5.6748
-5.67447
-5.67415
-5.67512
-5.67383
-5.67253
-5.67188
-5.6722
-5.67414
-5.67641
-5.67868
-5.67997
-5.679
-5.67868
-5.67803
-5.67771
-5.67739
-5.67609
-5.67609
-5.67642
-5.67739
-5.67448
-5.67545
-5.67544
-5.67512
-5.67609
-5.67706
-5.67803
-5.67641
-5.67738
-5.67414
-5.67479
-5.67544
-5.67609
-5.67609
-5.67674
-5.67804
-5.67901
-5.67998
-5.67868
-5.6748
-5.67641
-5.67836
-5.67706
-5.67706
-5.67641
-5.67447
-5.67609
-5.67511
-5.67349
-5.67317
-5.67511
-5.67641
-5.67609
-5.67609
-5.67641
-5.67933
-5.6803
-5.67804
-5.67739
-5.6748
-5.67383
-5.67479
-5.67414
-5.6722
-5.67252
-5.67382
-5.67512
-5.6748
-5.67415
-5.6761
-5.6774
-5.67707
-5.67578
-5.67448
-5.67416
-5.67513
-5.67772
-5.67869
-5.67804
-5.67837
-5.67578
-5.67675
-5.6761
-5.67578
-5.67578
-5.6774
-5.67383
-5.67286
-5.67092
-5.67189
-5.67253
-5.67383
-5.67448
-5.67351
-5.67545
-5.6761
-5.67642
-5.67771
-5.67707
-5.67448
-5.67415
-5.67091
-5.67221
-5.67253
-5.67253
-5.67253
-5.67221
-5.4991
-5.49943
-5.50365
-5.50591
-5.50753
-5.50365
-5.50203
-5.49879
-5.49749
-5.49652
-5.4949
-5.49295
-5.49263
-5.49069
-5.49037
-5.49167
-5.48876
-5.4907
-5.49135
-5.4907
-5.49231
-5.49393
-5.49716
-5.49781
-5.49975
-5.49911
-5.49943
-5.49846
-5.49782
-5.49847
-5.49944
-5.50171
-5.50041
-5.50139
-5.50365
-5.50365
-5.50527
-5.50397
-5.50526
-5.50397
-5.50235
-5.5017
-5.50073
-5.50106
-5.49976
-5.49815
-5.49621
-5.49621
-5.49977
-5.50074
-5.50009
-5.49717
-5.49555
-5.49587
-5.4949
-5.49425
-5.49523
-5.49523
-5.4962
-5.49685
-5.49588
-5.49653
-5.49782
-5.49879
-5.50009
-5.50074
-5.50138
-5.50236
-5.50171
-5.50138
-5.50171
-5.50041
-5.50009
-5.49944
-5.49846
-5.49814
-5.49749
-5.49846
-5.49879
-5.50138
-5.50073
-5.49782
-5.49782
-5.50106
-5.50073
-5.49944
-5.49814
-5.49879
-5.49912
-5.49782
-5.49814
-5.49879
-5.49814
-5.49879
-5.49749
-5.49749
-5.49652
-5.49684
-5.49976
-5.50008
-5.49813
-5.49878
-5.49749
-5.49684
-5.49619
-5.50008
-5.50073
-5.50202
-5.50267
-5.50008
-5.50201
-5.50169
-5.50331
-5.50363
-5.50493
-5.50201
-5.50072
-5.50008
-5.49846
-5.49911
-5.49684
-5.4949
-5.49457
-5.49522
-5.49683
-5.49813
-5.49813
-5.49877
-5.50007
-5.50201
-5.50202
-5.49943
-5.49911
-5.5004
-5.50105
-5.49976
-5.50008
-5.50007
-5.50169
-5.50169
-5.50169
-5.50234
-5.50137
-5.50137
-5.50234
-5.50299
-5.50364
-5.50299
-5.50137
-5.5017
-5.5004
-5.49975
-5.50105
-5.50138
-5.50105
-5.50202
-5.49944
-5.50041
-5.50105
-5.50073
-5.49976
-5.50138
-5.50203
-5.50268
-5.50074
-5.50171
-5.50074
-5.50268
-5.50171
-5.50009
-5.50041
-5.49879
-5.49879
-5.49846
-5.49749
-5.50073
-5.49814
-5.49879
-5.49815
-5.49847
-5.49944
-5.50041
-5.50009
-5.50171
-5.50138
-5.50171
-5.50268
-5.50527
-5.50365
-5.50073
-5.50235
-5.50235
-5.503
-5.50365
-5.50332
-5.49976
-5.49976
-5.50008
-5.49944
-5.50171
-5.50301
-5.50463
-5.50495
-5.50495
-5.50463
-5.50398
-5.50333
-5.50624
-5.50624
-5.50494
-5.5043
-5.50268
-5.50073
-5.50008
-5.50008
-5.49878
-5.49781
-5.49878
-5.49879
-5.49943
-5.49814
-5.50138
-5.50106
-5.50106
-5.50139
-5.50042
-5.50074
-5.50171
-5.49976
-5.49944
-5.49944
-5.49749
-5.49911
-5.49911
-5.50073
-5.50106
-5.50171
-5.50268
-5.5043
-5.50495
-5.51014
-5.50722
-5.5069
-5.50463
-5.50463
-5.50333
-5.50204
-5.50204
-5.50107
-5.50172
-5.50139
-5.50301
-5.50171
-5.50236
-5.503
-5.503
-5.50041
-5.49944
-5.49912
-5.49977
-5.50041
-5.49815
-5.49783
-5.50009
-5.49848
-5.49912
-5.49815
-5.49944
-5.49814
-5.4962
-5.49652
-5.49652
-5.49684
-5.49555
-5.49587
-5.4949
-5.49555
-5.4962
-5.50041
-5.50106
-5.50106
-5.50365
-5.50268
-5.50365
-5.50268
-5.50397
-5.5043
-5.50365
-5.50204
-5.50236
-5.50074
-5.49944
-5.50138
-5.50008
-5.49879
-5.49878
-5.50073
-5.5004
-5.49911
-5.50008
-5.49976
-5.50009
-5.50041
-5.49944
-5.49879
-5.49944
-5.49912
-5.50073
-5.50332
-5.50364
-5.50397
-5.50397
-5.50494
-5.50429
-5.50429
-5.50299
-5.50202
-5.5017
-5.50202
-5.50235
-5.50138
-5.50106
-5.49976
-5.50267
-5.50235
-5.50203
-5.50073
-5.49976
-5.49782
-5.49879
-5.4975
-5.4988
-5.49847
-5.49847
-5.4988
-5.49879
-5.49847
-5.4962
-5.4962
-5.49717
-5.4962
-5.49523
-5.49523
-5.49555
-5.49652
-5.49782
-5.49749
-5.4975
-5.49944
-5.50041
-5.50008
-5.49879
-5.49814
-5.49653
-5.49685
-5.4975
-5.49782
-5.50074
-5.49945
-5.50042
-5.49912
-5.50074
-5.50203
-5.50073
-5.50106
-5.50365
-5.50268
-5.50074
-5.50333
-5.50301
-5.50625
-5.50721
-5.50786
-5.50656
-5.50429
-5.50364
-5.50235
-5.49943
-5.49911
-5.49846
-5.49911
-5.49846
-5.49781
-5.49976
-5.49911
-5.49943
-5.49943
-5.49846
-5.49943
-5.50008
-5.49879
-5.49782
-5.4975
-5.4975
-5.49717
-5.49781
-5.49587
-5.49781
-5.49813
-5.49651
-5.49652
-5.49684
-5.49781
-5.49846
-5.49879
-5.49846
-5.49782
-5.49879
-5.49943
-5.49782
-5.49911
-5.49879
-5.49684
-5.49781
-5.49781
-5.49846
-5.49716
-5.49716
-5.49554
-5.49716
-5.49651
-5.49781
-5.49846
-5.5004
-5.50008
-5.49684
-5.49684
-5.49619
-5.49749
-5.5004
-5.5004
-5.50234
-5.50428
-5.50428
-5.50622
-5.50752
-5.50719
-5.50557
-5.50331
-5.50136
-5.50169
-5.50169
-5.50137
-5.50331
-5.50396
-5.50428
-5.50428
-5.50201
-5.50168
-5.49974
-5.49747
-5.4965
-5.49747
-5.49747
-5.49747
-5.49553
-5.49488
-5.49488
-5.49521
-5.49521
-5.49521
-5.49554
-5.49456
-5.49618
-5.49586
-5.49748
-5.49715
-5.49974
-5.50168
-5.50104
-5.50006
-5.49845
-5.50169
-5.50169
-5.50233
-5.50104
-5.50136
-5.50071
-5.50233
-5.50168
-5.50104
-5.49942
-5.49877
-5.49748
-5.49748
-5.49683
-5.49521
-5.49359
-5.49554
-5.49651
-5.4965
-5.49683
-5.49683
-5.49715
-5.49715
-5.49683
-5.49812
-5.49974
-5.49877
-5.50169
-5.50136
-5.50201
-5.50493
-5.50525
-5.50622
-5.5059
-5.50589
-5.50589
-5.50654
-5.50686
-5.5046
-5.50363
-5.50298
-5.50298
-5.50136
-5.49942
-5.49845
-5.4978
-5.49683
-5.49489
-5.49521
-5.49488
-5.49683
-5.49683
-5.49715
-5.49488
-5.49456
-5.49618
-5.49781
-5.49716
-5.49586
-5.49845
-5.49942
-5.49975
-5.50072
-5.50072
-5.50007
-5.49716
-5.49878
-5.49877
-5.49618
-5.49651
-5.49683
-5.49618
-5.49553
-5.49813
-5.49781
-5.49716
-5.49749
-5.49781
-5.49781
-5.49878
-5.49813
-5.49683
-5.49716
-5.4978
-5.49683
-5.49813
-5.49878
-5.49715
-5.49845
-5.49942
-5.49942
-5.49877
-5.49779
-5.49779
-5.49715
-5.49553
-5.4965
-5.49488
-5.49521
-5.49488
-5.49618
-5.49683
-5.49942
-5.49845
-5.49942
-5.50039
-5.50136
-5.50103
-5.50038
-5.49844
-5.49909
-5.49747
-5.49682
-5.49812
-5.49747
-5.49715
-5.49618
-5.49715
-5.49748
-5.4978
-5.4978
-5.4965
-5.49812
-5.49812
-5.49876
-5.49941
-5.49877
-5.50039
-5.50007
-5.49942
-5.49942
-5.50007
-5.50039
-5.50071
-5.49974
-5.49974
-5.49974
-5.50233
-5.50233
-5.50072
-5.50136
-5.49877
-5.49844
-5.49909
-5.49779
-5.49941
-5.50039
-5.49877
-5.49909
-5.49942
-5.50072
-5.50104
-5.50104
-5.50137
-5.50169
-5.50331
-5.50493
-5.5046
-5.5059
-5.50654
-5.50719
-5.50622
-5.50623
-5.50331
-5.50364
-5.50461
-5.50396
-5.50364
-5.50331
-5.50072
-5.50007
-5.50039
-5.50072
-5.49974
-5.50007
-5.49813
-5.49716
-5.49716
-5.49813
-5.50008
-5.50105
-5.49943
-5.50137
-5.50008
-5.49943
-5.50008
-5.5004
-5.50072
-5.50137
-5.50007
-5.49975
-5.50104
-5.5004
-5.5017
-5.50105
-5.50105
-5.49943
-5.49943
-5.49975
-5.50007
-5.49846
-5.49911
-5.49846
-5.49749
-5.49782
-5.49814
-5.49879
-5.49943
-5.49846
-5.49878
-5.49845
-5.49877
-5.49651
-5.4991
-5.49975
-5.49878
-5.49781
-5.49781
-5.49716
-5.49975
-5.50072
-5.50072
-5.50073
-5.49943
-5.49749
-5.49846
-5.50073
-5.49781
-5.49716
-5.49846
-5.49845
-5.50007
-5.5004
-5.4991
-5.49846
-5.50105
-5.50105
-5.49976
-5.49847
-5.50008
-5.49846
-5.49717
-5.49652
-5.4962
-5.49749
-5.49846
-5.49943
-5.49781
-5.49911
-5.49716
-5.49717
-5.49717
-5.49911
-5.50138
-5.50203
-5.5017
-5.49976
-5.49878
-5.49717
-5.49782
-5.49846
-5.49782
-5.49846
-5.49846
-5.49976
-5.49814
-5.49684
-5.49684
-5.49684
-5.49814
-5.49749
-5.49879
-5.50138
-5.49944
-5.50138
-5.50041
-5.50138
-5.50138
-5.49879
-5.49782
-5.49814
-5.49652
-5.49684
-5.49749
-5.49684
-5.49716
-5.49781
-5.49846
-5.50073
-5.50203
-5.50203
-5.50332
-5.50559
-5.50365
-5.50624
-5.50786
-5.50721
-5.50624
-5.50624
-5.50753
-5.50785
-5.50656
-5.50591
-5.50624
-5.5043
-5.50721
-5.50656
-5.50624
-5.50592
-5.5043
-5.50365
-5.5017
-5.50106
-5.50074
-5.50009
-5.49912
-5.49815
-5.49717
-5.49717
-5.49879
-5.49879
-5.49847
-5.49717
-5.4975
-5.49847
-5.49782
-5.49944
-5.49976
-5.50074
-5.50171
-5.50333
-5.50365
-5.50333
-5.50171
-5.50236
-5.50333
-5.50365
-5.50074
-5.50171
-5.50236
-5.50171
-5.50139
-5.50398
-5.50236
-5.50139
-5.50106
-5.49815
-5.49718
-5.49815
-5.49782
-5.50041
-5.49879
-5.49944
-5.49944
-5.49879
-5.49847
-5.50074
-5.50204
-5.50139
-5.50074
-5.50171
-5.50301
-5.5043
-5.50203
-5.50203
-5.50106
-5.49977
-5.49977
-5.49977
-5.50074
-5.50041
-5.50139
-5.50268
-5.50171
-5.50301
-5.50268
-5.50268
-5.50268
-5.50171
-5.50074
-5.49847
-5.50009
-5.5001
-5.49977
-5.49978
-5.50042
-5.49848
-5.49816
-5.5001
-5.49978
-5.49913
-5.49913
-5.5001
-5.50043
-5.50075
-5.50075
-5.49913
-5.49686
-5.49524
-5.49653
-5.49815
-5.49782
-5.4975
-5.49783
-5.49783
-5.49783
-5.49783
-5.49816
-5.49783
-5.49686
-5.49556
-5.49718
-5.49815
-5.50106
-5.49977
-5.50009
-5.5001
-5.5001
-5.49751
-5.49784
-5.49978
-5.49946
-5.5001
-5.50042
-5.50043
-5.49978
-5.50042
-5.50107
-5.50139
-5.50107
-5.5014
-5.50204
-5.50366
-5.50366
-5.50269
-5.50302
-5.5014
-5.50075
-5.50204
-5.4988
-5.50042
-5.50042
-5.49912
-5.50204
-5.50139
-5.50301
-5.50334
-5.50398
-5.50172
-5.50107
-5.50204
-5.5001
-5.49977
-5.5001
-5.50074
-5.50269
-5.50171
-5.50204
-5.50171
-5.50333
-5.50236
-5.5043
-5.50171
-5.50236
-5.50236
-5.50203
-5.50041
-5.50042
-5.49944
-5.50107
-5.50107
-5.50107
-5.50366
-5.50431
-5.50496
-5.50495
-5.50398
-5.5043
-5.50268
-5.50268
-5.50268
-5.50171
-5.50268
-5.50171
-5.50268
-5.50269
-5.50074
-5.50139
-5.50042
-5.50009
-5.49977
-5.4988
-5.49879
-5.49976
-5.50235
-5.50106
-5.50009
-5.50235
-5.5043
-5.50268
-5.5043
-5.50333
-5.50301
-5.50333
-5.50463
-5.50463
-5.50431
-5.50334
-5.50528
-5.50268
-5.50139
-5.50106
-5.50074
-5.49977
-5.49977
-5.49944
-5.49815
-5.50074
-5.50139
-5.50074
-5.49847
-5.50106
-5.50171
-5.50171
-5.50269
-5.5056
-5.5056
-5.50172
-5.61364
-5.61364
-5.61461
-5.61397
-5.61365
-5.613
-5.61138
-5.60944
-5.60944
-5.60814
-5.60749
-5.60619
-5.60554
-5.60684
-5.60878
-5.60814
-5.60717
-5.6062
-5.60782
-5.60944
-5.61073
-5.61041
-5.61008
-5.60975
-5.61008
-5.61105
-5.61364
-5.61461
-5.6159
-5.61623
-5.6159
-5.61785
-5.61752
-5.61623
-5.61623
-5.61591
-5.61688
-5.61688
-5.61785
-5.61914
-5.61947
-5.61591
-5.61494
-5.61461
-5.613
-5.6117
-5.60846
-5.60684
-5.60587
-5.60716
-5.60683
-5.60521
-5.60489
-5.60716
-5.60879
-5.61008
-5.61267
-5.61461
-5.61591
-5.61591
-5.61559
-5.61397
-5.61429
-5.613
-5.61429
-5.61493
-5.61461
-5.61364
-5.61331
-5.61202
-5.61234
-5.61169
-5.61266
-5.61072
-5.61104
-5.61428
-5.61461
-5.61267
-5.61169
-5.61396
-5.61558
-5.61752
-5.61719
-5.61493
-5.6159
-5.61461
-5.61396
-5.61364
-5.61137
-5.60846
-5.60846
-5.60781
-5.60651
-5.60586
-5.60748
-5.60844
-5.60779
-5.60714
-5.60553
-5.60489
-5.60748
-5.60716
-5.60781
-5.60976
-5.60781
-5.60878
-5.61072
-5.61105
-5.61104
-5.61137
-5.61007
-5.60845
-5.60975
-5.61072
-5.61201
-5.61169
-5.61363
-5.61428
-5.6146
-5.61558
-5.61558
-5.61461
-5.61332
-5.61396
-5.61461
-5.61428
-5.61429
-5.61364
-5.61428
-5.61363
-5.61266
-5.61201
-5.61136
-5.61136
-5.60942
-5.60974
-5.60942
-5.61137
-5.6091
-5.60813
-5.60813
-5.60684
-5.60781
-5.60845
-5.6078
-5.60813
-5.60942
-5.60974
-5.61072
-5.61234
-5.61266
-5.6159
-5.61623
-5.61623
-5.61429
-5.61428
-5.61331
-5.61428
-5.6146
-5.61557
-5.6146
-5.6159
-5.61363
-5.61363
-5.61266
-5.61169
-5.61007
-5.61234
-5.6091
-5.60975
-5.60975
-5.61007
-5.60975
-5.61039
-5.61104
-5.61071
-5.61071
-5.61104
-5.60975
-5.60845
-5.60716
-5.60651
-5.60846
-5.60587
-5.60716
-5.61104
-5.60975
-5.61234
-5.61331
-5.61395
-5.61298
-5.61298
-5.6133
-5.61686
-5.61751
-5.61687
-5.61395
-5.61298
-5.61558
-5.61331
-5.61331
-5.61428
-5.61396
-5.61331
-5.61331
-5.61331
-5.61298
-5.61395
-5.61201
-5.61006
-5.61071
-5.61006
-5.60877
-5.61006
-5.60942
-5.60909
-5.60909
-5.60812
-5.60747
-5.60714
-5.60682
-5.60877
-5.60974
-5.60812
-5.60813
-5.60877
-5.60845
-5.6078
-5.61007
-5.61136
-5.61201
-5.61362
-5.61427
-5.61783
-5.6188
-5.61783
-5.61524
-5.6146
-5.61557
-5.6146
-5.61395
-5.61201
-5.61233
-5.61233
-5.61265
-5.61201
-5.61298
-5.61395
-5.6133
-5.61104
-5.61006
-5.60909
-5.60974
-5.60942
-5.60909
-5.60942
-5.61104
-5.61071
-5.60812
-5.60683
-5.60618
-5.60585
-5.60747
-5.60585
-5.60488
-5.60682
-5.61006
-5.60974
-5.60974
-5.61298
-5.61557
-5.61428
-5.61428
-5.61104
-5.60942
-5.60844
-5.61103
-5.60909
-5.60909
-5.61168
-5.61103
-5.61201
-5.61298
-5.6146
-5.61492
-5.61622
-5.61783
-5.61816
-5.61621
-5.61686
-5.61557
-5.6146
-5.6133
-5.61104
-5.61039
-5.61104
-5.61136
-5.60974
-5.60974
-5.61071
-5.61168
-5.60877
-5.60747
-5.60909
-5.60909
-5.61071
-5.60974
-5.60974
-5.61006
-5.61136
-5.61298
-5.61395
-5.61492
-5.6146
-5.61362
-5.61362
-5.61459
-5.61492
-5.61459
-5.61557
-5.61718
-5.61751
-5.61621
-5.61556
-5.61653
-5.61524
-5.61751
-5.61848
-5.61654
-5.61687
-5.61849
-5.61752
-5.61784
-5.61945
-5.61654
-5.61362
-5.61168
-5.61168
-5.61265
-5.61427
-5.61233
-5.61169
-5.61104
-5.61071
-5.61168
-5.61103
-5.60941
-5.60876
-5.60779
-5.60812
-5.6078
-5.6091
-5.60975
-5.61007
-5.61298
-5.6146
-5.61395
-5.61265
-5.61427
-5.61491
-5.6175
-5.61977
-5.61653
-5.61621
-5.61524
-5.61362
-5.61395
-5.61363
-5.61266
-5.6146
-5.61266
-5.61363
-5.61233
-5.60908
-5.60941
-5.60714
-5.60811
-5.6094
-5.61102
-5.61297
-5.61264
-5.61232
-5.61362
-5.61524
-5.61556
-5.61524
-5.61362
-5.61394
-5.61394
-5.61296
-5.61199
-5.61102
-5.61232
-5.61362
-5.61491
-5.61459
-5.61459
-5.61265
-5.61492
-5.61556
-5.61588
-5.61459
-5.61491
-5.61718
-5.61879
-5.61653
-5.6175
-5.61848
-5.61815
-5.61621
-5.61654
-5.61783
-5.61848
-5.61718
-5.61524
-5.61588
-5.61458
-5.61426
-5.61296
-5.61167
-5.61297
-5.61329
-5.61459
-5.61427
-5.61168
-5.61265
-5.61038
-5.61038
-5.61232
-5.61135
-5.61038
-5.6107
-5.60908
-5.6107
-5.61037
-5.61069
-5.61328
-5.61426
-5.61393
-5.61361
-5.61458
-5.61523
-5.61588
-5.61523
-5.61717
-5.6175
-5.61815
-5.61815
-5.61685
-5.61588
-5.61588
-5.61555
-5.61653
-5.61458
-5.61329
-5.61425
-5.61458
-5.61264
-5.61199
-5.61166
-5.61361
-5.61458
-5.61426
-5.61361
-5.61102
-5.61102
-5.61231
-5.61102
-5.61167
-5.61199
-5.61167
-5.61264
-5.61135
-5.612
-5.61168
-5.61103
-5.61265
-5.61362
-5.61395
-5.61427
-5.61232
-5.61264
-5.61329
-5.61296
-5.61296
-5.61329
-5.61296
-5.61394
-5.61167
-5.61232
-5.61556
-5.61459
-5.61394
-5.61523
-5.61523
-5.61491
-5.61361
-5.61329
-5.61361
-5.61426
-5.61459
-5.61362
-5.61589
-5.61621
-5.61654
-5.61653
-5.61686
-5.61524
-5.61038
-5.61038
-5.61005
-5.6094
-5.60876
-5.6094
-5.61037
-5.61361
-5.61394
-5.61491
-5.61524
-5.61686
-5.61621
-5.61588
-5.61783
-5.61815
-5.6175
-5.61653
-5.61523
-5.61491
-5.61782
-5.6175
-5.61718
-5.61718
-5.61653
-5.61589
-5.61783
-5.61944
-5.61912
-5.61782
-5.61653
-5.6162
-5.61653
-5.61459
-5.61329
-5.61232
-5.61427
-5.61265
-5.61233
-5.61136
-5.61233
-5.61167
-5.6107
-5.61102
-5.61264
-5.61167
-5.61102
-5.61328
-5.61458
-5.61263
-5.61263
-5.61199
-5.61167
-5.61102
-5.61329
-5.61394
-5.61685
-5.61588
-5.61491
-5.61718
-5.61426
-5.6162
-5.61393
-5.61329
-5.61102
-5.6094
-5.60875
-5.60972
-5.61069
-5.60972
-5.60875
-5.60875
-5.61037
-5.6107
-5.61264
-5.61458
-5.61556
-5.61523
-5.61491
-5.61458
-5.61652
-5.61555
-5.61425
-5.6149
-5.6123
-5.61198
-5.61133
-5.60971
-5.60777
-5.60616
-5.6081
-5.60907
-5.60907
-5.61037
-5.61134
-5.61101
-5.61263
-5.6136
-5.61231
-5.61036
-5.61166
-5.60874
-5.60745
-5.60939
-5.60939
-5.61068
-5.61166
-5.60907
-5.61036
-5.61295
-5.61231
-5.61166
-5.61198
-5.61036
-5.60972
-5.60972
-5.6081
-5.60874
-5.6081
-5.61036
-5.61134
-5.61037
-5.61231
-5.61296
-5.61296
-5.61394
-5.61426
-5.61426
-5.61297
-5.61135
-5.6107
-5.61167
-5.61329
-5.61426
-5.6149
-5.61652
-5.61588
-5.61653
-5.61685
-5.61588
-5.61361
-5.61587
-5.6162
-5.61393
-5.61069
-5.61069
-5.61037
-5.61167
-5.61167
-5.61264
-5.61199
-5.61393
-5.61523
-5.61425
-5.61619
-5.61393
-5.61295
-5.61295
-5.61328
-5.61328
-5.61166
-5.61101
-5.61101
-5.61166
-5.61425
-5.61328
-5.61296
-5.61166
-5.61004
-5.61198
-5.61134
-5.61263
-5.61263
-5.61296
-5.6136
-5.61555
-5.6149
-5.61458
-5.61426
-5.61329
-5.61232
-5.61134
-5.61069
-5.61166
-5.61231
-5.60972
-5.61134
-5.61199
-5.61102
-5.61135
-5.612
-5.61038
-5.61199
-5.61232
-5.61393
-5.61328
-5.61199
-5.61199
-5.61263
-5.61167
-5.61167
-5.61232
-5.61167
-5.61265
-5.61329
-5.61362
-5.61394
-5.6107
-5.60811
-5.60908
-5.61135
-5.61167
-5.61232
-5.61167
-5.61167
-5.61264
-5.61265
-5.61394
-5.61362
-5.61427
-5.61168
-5.61329
-5.61426
-5.61523
-5.61491
-5.61297
-5.61232
-5.61167
-5.6107
-5.61296
-5.61394
-5.61199
-5.6107
-5.61167
-5.61232
-5.61264
-5.61005
-5.61232
-5.61329
-5.61329
-5.61232
-5.61297
-5.61329
-5.61167
-5.61329
-5.61134
-5.61102
-5.60972
-5.6094
-5.6107
-5.60941
-5.60941
-5.60747
-5.60553
-5.60585
-5.60779
-5.60844
-5.60973
-5.61232
-5.6107
-5.6107
-5.61135
-5.61297
-5.61491
-5.61491
-5.61686
-5.61783
-5.61654
-5.61589
-5.61459
-5.61298
-5.612
-5.61232
-5.612
-5.612
-5.6107
-5.60876
-5.60876
-5.60876
-5.60876
-5.60812
-5.60779
-5.60844
-5.60973
-5.6107
-5.612
-5.61329
-5.61394
-5.61362
-5.6107
-5.61071
-5.61265
-5.61265
-5.61459
-5.61524
-5.61589
-5.61427
-5.61427
-5.61265
-5.61168
-5.61103
-5.61135
-5.61362
-5.61103
-5.61265
-5.61103
-5.60941
-5.61038
-5.61135
-5.6107
-5.60973
-5.61102
-5.61135
-5.6107
-5.61038
-5.60909
-5.60876
-5.60941
-5.60941
-5.60941
-5.61005
-5.61199
-5.61167
-5.61005
-5.60843
-5.60908
-5.60941
-5.60973
-5.61103
-5.61232
-5.61135
-5.61005
-5.61038
-5.60941
-5.60941
-5.60908
-5.60876
-5.60876
-5.60876
-5.60974
-5.61038
-5.61103
-5.61038
-5.61006
-5.612
-5.61102
-5.61135
-5.60941
-5.60973
-5.60941
-5.60844
-5.60715
-5.6065
-5.6078
-5.6078
-5.6078
-5.60942
-5.60812
-5.6078
-5.60877
-5.60877
-5.61103
-5.61168
-5.61168
-5.61135
-5.60909
-5.60877
-5.61071
-5.61007
-5.61169
-5.6133
-5.6133
-5.61428
-5.61492
-5.61589
-5.61816
-5.61881
-5.61816
-5.61751
-5.61492
-5.61395
-5.61265
-5.61136
-5.60942
-5.6091
-5.60813
-5.60845
-5.60846
-5.6104
-5.60975
-5.60975
-5.60877
-5.6065
-5.6065
-5.60812
-5.60553
-5.60585
-5.60715
-5.60812
-5.61039
-5.61006
-5.60974
-5.60877
-5.61007
-5.61039
-5.61039
-5.61103
-5.61136
-5.61103
-5.61071
-5.61395
-5.61298
-5.61557
-5.61298
-5.61459
-5.61427
-5.61686
-5.61686
-5.61362
-5.61654
-5.61686
-5.61459
-5.61362
-5.61329
-5.61167
-5.61103
-5.61329
-5.61361
-5.61135
-5.61038
-5.60876
-5.60714
-5.60973
-5.60908
-5.61038
-5.61038
-5.60908
-5.61005
-5.61038
-5.61006
-5.61232
-5.61233
-5.61265
-5.61135
-5.61232
-5.612
-5.61362
-5.61588
-5.61556
-5.61427
-5.61427
-5.61459
-5.61492
-5.61751
-5.61524
-5.61329
-5.61329
-5.61264
-5.61135
-5.6094
-5.60908
-5.61005
-5.61167
-5.61232
-5.61329
-5.612
-5.612
-5.61232
-5.6107
-5.61103
-5.60941
-5.60876
-5.60746
-5.60649
-5.60617
-5.60617
-5.60811
-5.60811
-5.61005
-5.61264
-5.61329
-5.61426
-5.61523
-5.61523
-5.61556
-5.61394
-5.61265
-5.61232
-5.61232
-5.61232
-5.61232
-5.61265
-5.51615
-5.5168
-5.5181
-5.5207
-5.51908
-5.51843
-5.51551
-5.51616
-5.51486
-5.51323
-5.51032
-5.50935
-5.50773
-5.50741
-5.50838
-5.50903
-5.51
-5.51097
-5.51065
-5.51227
-5.51259
-5.51226
-5.51129
-5.51161
-5.50967
-5.51032
-5.51193
-5.5129
-5.51452
-5.51355
-5.51549
-5.51614
-5.51743
-5.51808
-5.52003
-5.51938
-5.5197
-5.51938
-5.51873
-5.52067
-5.52034
-5.51937
-5.51905
-5.51775
-5.51646
-5.51614
-5.51679
-5.51485
-5.51614
-5.51258
-5.51257
-5.51192
-5.51062
-5.50932
-5.50836
-5.50998
-5.50966
-5.50967
-5.50805
-5.50838
-5.51
-5.51194
-5.51194
-5.51194
-5.51161
-5.51161
-5.51419
-5.51646
-5.51549
-5.51549
-5.51614
-5.51549
-5.51582
-5.51517
-5.5155
-5.5142
-5.51258
-5.51226
-5.51096
-5.5129
-5.51484
-5.5142
-5.51582
-5.51614
-5.51582
-5.51744
-5.51679
-5.51517
-5.5142
-5.51517
-5.51291
-5.51128
-5.51095
-5.51095
-5.50901
-5.5103
-5.51095
-5.51225
-5.5129
-5.51161
-5.51193
-5.51323
-5.51355
-5.5142
-5.51452
-5.51484
-5.51614
-5.51679
-5.51679
-5.51809
-5.51809
-5.51841
-5.51809
-5.51647
-5.51582
-5.51517
-5.51549
-5.51549
-5.51549
-5.5142
-5.5142
-5.51291
-5.51291
-5.51258
-5.51485
-5.51647
-5.51646
-5.51711
-5.51549
-5.51484
-5.51354
-5.51095
-5.51127
-5.5116
-5.51257
-5.51128
-5.51064
-5.51258
-5.5142
-5.51193
-5.51193
-5.51063
-5.51095
-5.51257
-5.51257
-5.51192
-5.51159
-5.51159
-5.51192
-5.51289
-5.51516
-5.51289
-5.51386
-5.51419
-5.51581
-5.51484
-5.51451
-5.5171
-5.51872
-5.51612
-5.51677
-5.51547
-5.51385
-5.51256
-5.51321
-5.51289
-5.51225
-5.50934
-5.50869
-5.50998
-5.50966
-5.50965
-5.51095
-5.51127
-5.51127
-5.51321
-5.51321
-5.51548
-5.51483
-5.51677
-5.51613
-5.5171
-5.51483
-5.51581
-5.51645
-5.51548
-5.51516
-5.51451
-5.51386
-5.51386
-5.51483
-5.51321
-5.51256
-5.51192
-5.51127
-5.51224
-5.51321
-5.51516
-5.51742
-5.5171
-5.5158
-5.51451
-5.51386
-5.51645
-5.51742
-5.51742
-5.51613
-5.51613
-5.51646
-5.51646
-5.51678
-5.51645
-5.51645
-5.51289
-5.51289
-5.51387
-5.51484
-5.51419
-5.51224
-5.51256
-5.51418
-5.51386
-5.51321
-5.51418
-5.51451
-5.51451
-5.51613
-5.51289
-5.51256
-5.51515
-5.51612
-5.5145
-5.51418
-5.51353
-5.51483
-5.51483
-5.51516
-5.5158
-5.51548
-5.51483
-5.51483
-5.51677
-5.5158
-5.51386
-5.51451
-5.5171
-5.51709
-5.51709
-5.5158
-5.51515
-5.51677
-5.51774
-5.51385
-5.5132
-5.51482
-5.51579
-5.5158
-5.51483
-5.51612
-5.51807
-5.51774
-5.51806
-5.51677
-5.51386
-5.51645
-5.51612
-5.51515
-5.51547
-5.51418
-5.51224
-5.51256
-5.51191
-5.51159
-5.51191
-5.51321
-5.51159
-5.51191
-5.51288
-5.51321
-5.51191
-5.51288
-5.5132
-5.51514
-5.51515
-5.51288
-5.51126
-5.51094
-5.51289
-5.51094
-5.51094
-5.51159
-5.51224
-5.51029
-5.50932
-5.51191
-5.51288
-5.51223
-5.51159
-5.51256
-5.51385
-5.51417
-5.51417
-5.51547
-5.51612
-5.51126
-5.51029
-5.50997
-5.51062
-5.51062
-5.51029
-5.51386
-5.51645
-5.51677
-5.51742
-5.51936
-5.51807
-5.51904
-5.52033
-5.52227
-5.51903
-5.51968
-5.52
-5.51676
-5.51643
-5.51546
-5.51514
-5.51417
-5.51579
-5.51514
-5.51547
-5.51612
-5.51644
-5.51709
-5.51773
-5.51838
-5.51806
-5.51871
-5.51676
-5.51547
-5.51644
-5.51352
-5.51384
-5.51351
-5.51481
-5.51384
-5.51449
-5.51287
-5.51385
-5.5132
-5.51255
-5.5132
-5.51223
-5.51158
-5.51191
-5.5119
-5.51223
-5.51287
-5.5119
-5.51352
-5.51546
-5.51449
-5.51482
-5.51546
-5.51741
-5.51579
-5.51384
-5.51611
-5.51514
-5.51417
-5.51514
-5.51546
-5.51546
-5.51611
-5.51514
-5.51514
-5.51482
-5.51417
-5.51158
-5.51223
-5.50964
-5.50737
-5.50672
-5.50898
-5.50898
-5.50736
-5.50995
-5.5106
-5.51028
-5.50769
-5.50996
-5.50963
-5.51222
-5.5132
-5.51385
-5.51482
-5.51547
-5.51741
-5.51579
-5.51838
-5.51805
-5.51708
-5.51773
-5.51805
-5.51903
-5.52064
-5.52032
-5.51838
-5.51967
-5.51902
-5.52032
-5.51935
-5.51838
-5.51999
-5.51902
-5.5187
-5.51805
-5.51967
-5.51902
-5.51805
-5.51967
-5.51805
-5.52097
-5.52259
-5.52065
-5.51967
-5.51806
-5.51805
-5.51514
-5.51352
-5.51352
-5.51385
-5.5132
-5.51352
-5.51384
-5.51287
-5.51255
-5.51352
-5.51481
-5.5161
-5.5161
-5.51643
-5.51707
-5.51675
-5.51643
-5.51578
-5.51417
-5.51481
-5.51611
-5.5174
-5.51481
-5.51611
-5.5161
-5.51481
-5.51416
-5.51383
-5.51383
-5.5148
-5.51739
-5.51642
-5.51545
-5.5148
-5.51545
-5.51643
-5.51546
-5.51546
-5.51513
-5.51513
-5.51513
-5.51578
-5.5148
-5.51383
-5.51383
-5.51513
-5.51643
-5.51643
-5.51578
-5.51513
-5.51578
-5.51513
-5.51189
-5.51124
-5.51318
-5.51189
-5.51546
-5.51546
-5.5161
-5.5174
-5.51934
-5.51837
-5.51837
-5.5187
-5.51934
-5.5187
-5.52031
-5.51934
-5.51675
-5.51643
-5.5161
-5.51513
-5.5148
-5.51901
-5.51772
-5.51902
-5.51804
-5.51675
-5.5161
-5.5174
-5.5161
-5.51481
-5.51351
-5.51643
-5.51351
-5.51448
-5.51416
-5.51384
-5.51287
-5.51319
-5.51352
-5.51319
-5.51449
-5.51254
-5.51287
-5.51287
-5.51254
-5.51546
-5.51481
-5.51513
-5.51287
-5.51319
-5.51546
-5.51579
-5.51676
-5.51644
-5.51676
-5.51579
-5.51611
-5.51676
-5.51546
-5.51384
-5.51222
-5.51416
-5.51189
-5.51286
-5.51254
-5.51416
-5.51222
-5.51384
-5.51449
-5.51255
-5.51222
-5.51417
-5.51579
-5.51676
-5.51643
-5.5161
-5.51675
-5.51481
-5.51416
-5.51384
-5.51611
-5.51514
-5.51514
-5.51708
-5.51417
-5.51579
-5.5187
-5.52064
-5.52064
-5.52193
-5.52355
-5.52257
-5.52225
-5.52257
-5.52257
-5.51966
-5.51837
-5.51805
-5.51643
-5.51676
-5.51514
-5.51513
-5.51513
-5.51351
-5.51286
-5.5135
-5.51189
-5.51253
-5.51448
-5.51642
-5.51707
-5.51804
-5.51707
-5.51675
-5.5161
-5.51351
-5.51513
-5.51545
-5.51577
-5.51448
-5.5161
-5.51545
-5.51318
-5.5135
-5.51156
-5.51318
-5.51415
-5.5148
-5.51577
-5.51545
-5.5161
-5.51675
-5.51513
-5.51772
-5.51837
-5.51837
-5.51708
-5.51578
-5.51513
-5.51546
-5.51416
-5.5161
-5.51707
-5.51643
-5.5174
-5.51643
-5.5174
-5.5174
-5.51643
-5.51546
-5.51416
-5.51643
-5.5174
-5.51772
-5.51902
-5.51804
-5.51837
-5.52031
-5.51966
-5.52128
-5.52128
-5.51966
-5.51837
-5.51804
-5.51966
-5.51772
-5.51707
-5.51513
-5.51546
-5.51546
-5.51417
-5.51579
-5.51643
-5.51579
-5.51481
-5.51578
-5.51416
-5.51578
-5.51546
-5.51481
-5.51546
-5.51643
-5.51481
-5.51222
-5.51384
-5.51514
-5.51578
-5.51513
-5.51643
-5.51772
-5.52064
-5.51837
-5.51643
-5.51675
-5.5161
-5.51837
-5.51966
-5.51999
-5.51643
-5.51708
-5.51546
-5.51805
-5.51676
-5.51708
-5.51675
-5.51805
-5.5174
-5.51643
-5.51578
-5.51545
-5.51578
-5.51578
-5.51578
-5.51384
-5.51513
-5.51449
-5.51449
-5.51578
-5.51384
-5.51351
-5.51352
-5.51222
-5.51125
-5.51223
-5.5132
-5.51223
-5.51352
-5.51417
-5.51481
-5.51578
-5.51481
-5.51481
-5.51513
-5.51417
-5.51482
-5.51288
-5.51029
-5.51158
-5.51288
-5.51288
-5.51287
-5.51255
-5.51158
-5.51255
-5.50996
-5.50996
-5.51028
-5.51255
-5.51255
-5.51449
-5.51579
-5.51644
-5.51579
-5.51805
-5.51935
-5.51805
-5.51676
-5.51676
-5.51805
-5.51643
-5.51643
-5.51676
-5.51481
-5.51546
-5.51643
-5.51611
-5.51709
-5.51611
-5.51547
-5.51676
-5.51385
-5.51514
-5.51385
-5.51579
-5.51676
-5.51741
-5.51741
-5.51773
-5.51773
-5.51579
-5.51676
-5.51611
-5.51806
-5.51774
-5.51807
-5.52131
-5.52066
-5.52034
-5.51936
-5.51807
-5.51515
-5.51159
-5.51385
-5.51223
-5.51125
-5.51125
-5.51158
-5.51417
-5.51676
-5.51774
-5.51579
-5.51774
-5.51935
-5.51968
-5.51741
-5.51805
-5.5174
-5.52064
-5.51935
-5.5187
-5.51773
-5.52032
-5.52
-5.51903
-5.5187
-5.51773
-5.51579
-5.51514
-5.51385
-5.51287
-5.50996
-5.51061
-5.51255
-5.51449
-5.51255
-5.51287
-5.51514
-5.51579
-5.51417
-5.5132
-5.51223
-5.51288
-5.51385
-5.51353
-5.5145
-5.51353
-5.5132
-5.51417
-5.51385
-5.51223
-5.5132
-5.51708
-5.51643
-5.51546
-5.51676
-5.51774
-5.51774
-5.51742
-5.5158
-5.51677
-5.51709
-5.51644
-5.51677
-5.51644
-5.51418
-5.5158
-5.5158
-5.51645
-5.51515
-5.51288
-5.51094
-5.50835
-5.509
-5.51029
-5.51321
-5.51256
-5.51548
-5.51386
-5.51483
-5.51515
-5.51451
-5.51451
-5.51515
-5.51612
-5.51871
-5.51838
-5.51838
-5.51773
-5.51709
-5.51741
-5.51741
-5.51579
-5.51676
-5.51482
-5.51482
-5.51677
-5.51644
-5.51547
-5.51579
-5.51515
-5.51418
-5.51386
-5.51451
-5.51516
-5.51742
-5.51709
-5.51547
-5.51191
-5.51126
-5.50964
-5.51191
-5.51289
-5.51289
-5.51321
-5.51418
-5.51515
-5.51289
-5.51353
-5.51289
-5.51256
-5.51256
-5.51126
-5.51288
-5.51547
-5.51482
-5.51579
-5.51774
-5.51903
-5.51774
-5.51774
-5.5158
-5.5171
-5.51678
-5.5158
-5.51807
-5.51905
-5.51872
-5.51937
-5.5158
-5.51386
-5.51224
-5.51385
-5.51483
-5.51548
-5.51418
-5.51483
-5.51321
-5.51483
-5.51548
-5.51548
-5.51419
-5.51322
-5.5116
-5.51127
-5.51257
-5.51257
-5.51257
-5.5103
-5.51225
-5.5116
-5.51289
-5.51159
-5.51256
-5.51386
-5.51613
-5.51548
-5.51678
-5.5184
-5.51743
-5.51548
-5.51516
-5.51548
-5.51613
-5.51614
-5.51808
-5.51581
-5.51711
-5.51711
-5.51581
-5.51613
-5.51516
-5.51516
-5.51549
-5.51355
-5.5129
-5.51355
-5.51516
-5.51549
-5.51387
-5.5116
-5.50998
-5.51192
-5.51128
-5.51257
-5.51192
-5.51451
-5.51452
-5.51484
-5.51452
-5.51355
-5.51582
-5.51388
-5.51485
-5.51356
-5.51259
-5.51226
-5.5142
-5.51614
-5.51679
-5.51647
-5.51582
-5.51614
-5.51614
-5.51549
-5.51485
-5.51808
-5.51614
-5.51906
-5.51906
-5.51809
-5.51582
-5.51517
-5.51517
-5.51581
-5.51516
-5.51581
-5.51613
-5.51711
-5.51419
-5.51452
-5.51452
-5.45452
-5.4568
-5.45583
-5.45551
-5.45584
-5.45325
-5.45
-5.44935
-5.44935
-5.44805
-5.44869
-5.44772
-5.44935
-5.44838
-5.44871
-5.4526
-5.4526
-5.45325
-5.45487
-5.45551
-5.45421
-5.45485
-5.45355
-5.45323
-5.4542
-5.45549
-5.45711
-5.45712
-5.45777
-5.45809
-5.45874
-5.46262
-5.46295
-5.46457
-5.46424
-5.4636
-5.46327
-5.46554
-5.46489
-5.46457
-5.46392
-5.46295
-5.46133
-5.46263
-5.45907
-5.45842
-5.45583
-5.45486
-5.45357
-5.45033
-5.44741
-5.44968
-5.45065
-5.45195
-5.45162
-5.45065
-5.44903
-5.45098
-5.45228
-5.45357
-5.45454
-5.4526
-5.45227
-5.45325
-5.45389
-5.45487
-5.45389
-5.45519
-5.45551
-5.4568
-5.45745
-5.45842
-5.45648
-5.45713
-5.45778
-5.45681
-5.45908
-5.46167
-5.46264
-5.46232
-5.46135
-5.46167
-5.46038
-5.45908
-5.45908
-5.45681
-5.45746
-5.45583
-5.45615
-5.45583
-5.45648
-5.45518
-5.45389
-5.45486
-5.45519
-5.45552
-5.45713
-5.45908
-5.4581
-5.45972
-5.46037
-5.46134
-5.4594
-5.45713
-5.45551
-5.45583
-5.45551
-5.4568
-5.45777
-5.45454
-5.45518
-5.45583
-5.45486
-5.45325
-5.45292
-5.45098
-5.45227
-5.45324
-5.45357
-5.45389
-5.45227
-5.4526
-5.4526
-5.45324
-5.45389
-5.45454
-5.45487
-5.45714
-5.45876
-5.45779
-5.45649
-5.45714
-5.45746
-5.45649
-5.45486
-5.45616
-5.45583
-5.45583
-5.45421
-5.4555
-5.45454
-5.45519
-5.45486
-5.45681
-5.45746
-5.45713
-5.45778
-5.45745
-5.45713
-5.45745
-5.45712
-5.45907
-5.45777
-5.45809
-5.45842
-5.45648
-5.45647
-5.45777
-5.45906
-5.46068
-5.46133
-5.46133
-5.45971
-5.45809
-5.45907
-5.4568
-5.45712
-5.4568
-5.45809
-5.45745
-5.45583
-5.45324
-5.45162
-5.45097
-5.45064
-5.44999
-5.45128
-5.45064
-5.45161
-5.45226
-5.45258
-5.45097
-5.45161
-5.45161
-5.45161
-5.45323
-5.4542
-5.45226
-5.4542
-5.45647
-5.45647
-5.45647
-5.45744
-5.45711
-5.46002
-5.46294
-5.46035
-5.46197
-5.46262
-5.46132
-5.46003
-5.46262
-5.46165
-5.45841
-5.45809
-5.45776
-5.45614
-5.45614
-5.45582
-5.45582
-5.45581
-5.45613
-5.45613
-5.45549
-5.45387
-5.4529
-5.45323
-5.45453
-5.4542
-5.45323
-5.45097
-5.45194
-5.45258
-5.45194
-5.45356
-5.45485
-5.45485
-5.45582
-5.45614
-5.45485
-5.45387
-5.45614
-5.45516
-5.45516
-5.45581
-5.45743
-5.45905
-5.46067
-5.45906
-5.46035
-5.461
-5.4623
-5.46036
-5.46036
-5.45906
-5.45971
-5.45906
-5.46003
-5.4597
-5.45776
-5.45614
-5.45646
-5.45614
-5.45582
-5.4555
-5.45453
-5.45226
-5.45291
-5.45291
-5.45485
-5.45452
-5.45388
-5.45517
-5.45453
-5.4555
-5.4568
-5.45518
-5.45454
-5.45421
-5.45356
-5.4555
-5.45809
-5.45809
-5.45971
-5.45971
-5.45906
-5.45907
-5.45972
-5.45939
-5.45745
-5.45745
-5.45842
-5.45745
-5.45841
-5.45939
-5.45744
-5.45712
-5.45615
-5.45582
-5.45582
-5.45486
-5.45453
-5.45421
-5.45453
-5.45679
-5.45841
-5.45744
-5.45582
-5.45615
-5.45679
-5.45744
-5.45615
-5.45486
-5.45615
-5.45518
-5.45648
-5.4568
-5.45647
-5.45679
-5.4555
-5.45486
-5.45486
-5.4568
-5.45583
-5.45615
-5.45712
-5.45744
-5.45777
-5.45712
-5.45744
-5.45647
-5.45776
-5.45841
-5.45647
-5.45615
-5.45518
-5.45712
-5.45712
-5.45648
-5.45648
-5.45745
-5.45841
-5.45874
-5.45938
-5.45906
-5.45809
-5.45873
-5.45841
-5.45453
-5.45421
-5.45356
-5.45356
-5.45356
-5.4542
-5.4542
-5.45517
-5.45291
-5.45291
-5.45291
-5.45453
-5.45453
-5.45583
-5.45583
-5.45615
-5.45582
-5.4555
-5.45583
-5.45551
-5.45745
-5.45745
-5.46069
-5.45971
-5.45809
-5.45874
-5.46036
-5.46003
-5.46101
-5.46004
-5.45972
-5.4581
-5.4568
-5.45842
-5.45745
-5.4555
-5.45583
-5.45518
-5.45421
-5.45486
-5.45454
-5.45324
-5.45518
-5.45388
-5.45259
-5.45259
-5.45356
-5.45356
-5.45453
-5.45648
-5.45939
-5.46069
-5.45972
-5.4581
-5.45907
-5.46199
-5.46328
-5.46198
-5.46166
-5.45971
-5.46068
-5.46133
-5.46166
-5.46198
-5.46295
-5.46166
-5.45907
-5.45907
-5.46101
-5.45907
-5.45939
-5.45874
-5.45874
-5.4568
-5.45518
-5.45647
-5.4568
-5.45453
-5.45485
-5.45518
-5.45615
-5.4555
-5.45518
-5.45583
-5.45486
-5.45389
-5.45518
-5.45615
-5.45648
-5.45615
-5.45583
-5.45648
-5.45647
-5.4555
-5.4542
-5.45453
-5.4542
-5.45485
-5.45582
-5.45647
-5.45679
-5.45777
-5.4568
-5.4568
-5.45745
-5.4581
-5.45777
-5.45777
-5.4581
-5.45809
-5.4568
-5.45518
-5.45389
-5.45583
-5.4581
-5.45907
-5.4581
-5.45843
-5.45681
-5.45778
-5.4581
-5.45746
-5.45713
-5.4594
-5.45972
-5.45777
-5.4568
-5.45518
-5.4568
-5.45745
-5.45616
-5.45681
-5.45487
-5.45487
-5.45487
-5.4539
-5.45325
-5.45357
-5.45389
-5.45583
-5.45292
-5.45163
-5.45033
-5.45066
-5.45131
-5.45292
-5.45195
-5.45454
-5.45454
-5.45648
-5.45713
-5.45907
-5.45713
-5.45648
-5.45616
-5.45519
-5.45616
-5.45583
-5.45421
-5.45583
-5.45648
-5.45939
-5.4594
-5.46005
-5.46134
-5.46231
-5.46037
-5.45908
-5.45713
-5.45649
-5.45713
-5.45875
-5.45681
-5.45583
-5.45487
-5.45616
-5.4513
-5.45357
-5.45519
-5.45421
-5.45551
-5.45519
-5.45745
-5.45713
-5.45843
-5.45778
-5.45422
-5.45293
-5.45195
-5.45357
-5.45098
-5.45292
-5.45163
-5.45292
-5.45389
-5.45454
-5.45616
-5.45616
-5.45778
-5.45649
-5.45681
-5.45746
-5.45843
-5.45908
-5.4607
-5.46134
-5.46005
-5.46037
-5.46069
-5.45908
-5.45811
-5.45778
-5.4594
-5.45778
-5.45777
-5.4581
-5.45777
-5.45778
-5.4581
-5.45681
-5.45778
-5.45649
-5.45616
-5.45746
-5.45357
-5.45519
-5.4568
-5.45713
-5.45551
-5.45745
-5.45907
-5.4581
-5.45681
-5.45583
-5.45518
-5.45583
-5.45583
-5.45583
-5.45616
-5.45583
-5.45681
-5.4594
-5.46232
-5.46199
-5.45972
-5.45842
-5.45939
-5.45906
-5.45938
-5.45777
-5.45647
-5.45712
-5.45777
-5.4581
-5.45874
-5.45842
-5.4581
-5.45907
-5.45907
-5.45842
-5.45745
-5.45712
-5.45874
-5.45744
-5.45647
-5.45647
-5.45712
-5.45615
-5.4568
-5.45486
-5.45518
-5.45389
-5.45389
-5.45486
-5.45745
-5.4581
-5.45972
-5.46004
-5.46392
-5.4623
-5.46262
-5.4623
-5.46165
-5.46165
-5.4623
-5.46133
-5.45972
-5.46263
-5.4594
-5.4594
-5.45907
-5.45745
-5.45648
-5.45616
-5.45617
-5.45584
-5.45422
-5.45324
-5.45486
-5.45421
-5.4555
-5.45388
-5.4555
-5.45648
-5.45486
-5.45583
-5.45422
-5.45389
-5.45584
-5.45292
-5.45422
-5.45583
-5.45712
-5.45712
-5.45679
-5.45453
-5.45421
-5.45551
-5.45454
-5.45584
-5.45713
-5.45746
-5.45843
-5.45811
-5.45713
-5.45907
-5.45778
-5.45713
-5.45616
-5.45486
-5.45421
-5.45453
-5.4568
-5.45745
-5.45777
-5.45681
-5.45616
-5.45681
-5.45681
-5.45778
-5.45875
-5.45875
-5.45713
-5.45713
-5.45745
-5.45712
-5.45907
-5.45907
-5.45939
-5.46037
-5.45875
-5.46134
-5.46037
-5.46004
-5.46037
-5.46328
-5.46361
-5.46328
-5.46328
-5.46458
-5.46328
-5.46231
-5.46036
-5.45939
-5.46003
-5.46101
-5.45938
-5.45777
-5.45841
-5.45583
-5.45745
-5.45583
-5.45518
-5.45486
-5.45486
-5.45648
-5.45518
-5.45583
-5.45388
-5.45486
-5.45453
-5.45388
-5.45583
-5.45745
-5.45745
-5.45906
-5.45745
-5.45842
-5.45583
-5.45615
-5.45874
-5.45874
-5.45873
-5.45938
-5.45679
-5.45647
-5.45777
-5.45744
-5.45712
-5.45874
-5.45809
-5.45647
-5.45744
-5.45647
-5.45712
-5.45971
-5.45971
-5.46068
-5.46003
-5.45971
-5.45809
-5.45809
-5.45809
-5.45842
-5.45777
-5.45744
-5.45615
-5.45647
-5.45518
-5.4555
-5.45777
-5.45679
-5.45582
-5.45679
-5.45582
-5.45615
-5.45582
-5.45744
-5.45842
-5.45712
-5.45809
-5.45777
-5.45841
-5.45906
-5.45647
-5.45777
-5.45647
-5.4542
-5.45388
-5.45226
-5.45647
-5.45453
-5.45518
-5.45324
-5.45389
-5.45648
-5.45874
-5.45841
-5.4555
-5.45517
-5.45388
-5.45355
-5.45129
-5.45323
-5.45582
-5.45744
-5.45809
-5.45809
-5.4581
-5.45874
-5.45648
-5.45616
-5.45777
-5.45842
-5.46004
-5.46068
-5.45906
-5.45808
-5.4597
-5.45841
-5.45615
-5.45615
-5.45615
-5.45648
-5.45777
-5.45648
-5.4555
-5.4568
-5.4555
-5.45485
-5.45323
-5.45226
-5.4529
-5.4529
-5.45452
-5.45291
-5.45388
-5.45356
-5.45097
-5.45065
-5.45097
-5.45226
-5.45097
-5.45032
-5.45097
-5.45485
-5.4555
-5.45712
-5.4568
-5.45777
-5.45712
-5.45744
-5.45582
-5.45582
-5.45485
-5.4555
-5.45485
-5.4542
-5.4542
-5.45291
-5.45129
-5.45259
-5.45324
-5.45421
-5.45582
-5.4555
-5.4542
-5.45258
-5.45258
-5.45355
-5.4542
-5.45356
-5.45485
-5.45582
-5.4555
-5.4555
-5.45809
-5.45679
-5.45485
-5.45614
-5.45647
-5.45711
-5.45873
-5.45841
-5.45971
-5.46036
-5.45777
-5.45842
-5.45809
-5.45939
-5.45648
-5.45486
-5.45421
-5.45356
-5.45647
-5.45453
-5.45485
-5.45226
-5.45129
-5.45323
-5.45583
-5.45518
-5.45648
-5.4581
-5.45745
-5.45551
-5.45616
-5.4581
-5.4568
-5.4568
-5.45388
-5.45388
-5.45647
-5.45615
-5.45809
-5.45712
-5.45648
-5.45777
-5.45616
-5.45745
-5.45778
-5.45778
-5.45713
-5.45874
-5.45907
-5.45842
-5.45875
-5.4594
-5.4594
-5.45972
-5.45875
-5.45616
-5.45487
-5.45422
-5.45583
-5.45357
-5.45421
-5.45421
-5.45454
-5.45551
-5.45681
-5.45518
-5.45389
-5.45518
-5.45518
-5.45874
-5.45939
-5.45907
-5.45907
-5.45842
-5.45972
-5.46004
-5.46004
-5.45745
-5.45874
-5.45647
-5.45712
-5.45517
-5.45452
-5.4542
-5.45452
-5.45452
-5.45582
-5.45679
-5.45744
-5.45614
-5.45679
-5.45841
-5.45744
-5.45647
-5.45744
-5.45679
-5.45744
-5.45484
-5.45387
-5.45258
-5.45484
-5.45646
-5.45679
-5.45776
-5.45679
-5.45679
-5.45517
-5.45485
-5.45452
-5.45355
-5.45355
-5.45323
-5.45484
-5.45484
-5.45452
-5.45679
-5.45906
-5.45906
-5.461
-5.45971
-5.45906
-5.45744
-5.45484
-5.45516
-5.45678
-5.45581
-5.45613
-5.45516
-5.45516
-5.45549
-5.45419
-5.45549
-5.46003
-5.46068
-5.46229
-5.46294
-5.59634
-5.59667
-5.5957
-5.59635
-5.5957
-5.59409
-5.59085
-5.5889
-5.58987
-5.58534
-5.58501
-5.58307
-5.57951
-5.57919
-5.58049
-5.58114
-5.58244
-5.58405
-5.58567
-5.58178
-5.5821
-5.5834
-5.58437
-5.58501
-5.58599
-5.58761
-5.58923
-5.58858
-5.58988
-5.59117
-5.59409
-5.59473
-5.59409
-5.59344
-5.59408
-5.59473
-5.59538
-5.59538
-5.59473
-5.59506
-5.59344
-5.59344
-5.59215
-5.58858
-5.58761
-5.58502
-5.5834
-5.58372
-5.58469
-5.58275
-5.58113
-5.58437
-5.58372
-5.58211
-5.58373
-5.58535
-5.5847
-5.58502
-5.58632
-5.58793
-5.58858
-5.59246
-5.59149
-5.59214
-5.59085
-5.58891
-5.58729
-5.59085
-5.58955
-5.59117
-5.58988
-5.59214
-5.59279
-5.59311
-5.59311
-5.59084
-5.58923
-5.59085
-5.5902
-5.59052
-5.59117
-5.59085
-5.58988
-5.5902
-5.59085
-5.59085
-5.58858
-5.5889
-5.58955
-5.58987
-5.58857
-5.58825
-5.58792
-5.58695
-5.5876
-5.58696
-5.5876
-5.58631
-5.58664
-5.58794
-5.58729
-5.58729
-5.58664
-5.58534
-5.58663
-5.58825
-5.5889
-5.5889
-5.58858
-5.58728
-5.58987
-5.58923
-5.58923
-5.59376
-5.59409
-5.59085
-5.58955
-5.58923
-5.58858
-5.58891
-5.58826
-5.58923
-5.58891
-5.58793
-5.58502
-5.58405
-5.58502
-5.5847
-5.5847
-5.5847
-5.58437
-5.58502
-5.5834
-5.58308
-5.5847
-5.58567
-5.58664
-5.586
-5.58664
-5.58632
-5.58697
-5.58567
-5.58761
-5.58664
-5.58729
-5.58761
-5.59085
-5.59215
-5.59409
-5.59279
-5.59247
-5.59247
-5.59215
-5.58956
-5.58988
-5.59312
-5.59312
-5.59182
-5.59053
-5.59021
-5.59118
-5.59118
-5.5915
-5.59117
-5.59053
-5.58988
-5.5902
-5.59052
-5.58858
-5.58923
-5.58955
-5.58987
-5.58728
-5.5876
-5.58566
-5.58502
-5.58632
-5.5847
-5.58502
-5.58373
-5.58502
-5.58405
-5.58372
-5.58437
-5.58566
-5.58664
-5.58566
-5.58987
-5.5889
-5.58858
-5.58761
-5.58728
-5.58567
-5.58437
-5.58632
-5.58632
-5.58664
-5.58729
-5.58502
-5.58664
-5.58728
-5.5876
-5.58922
-5.58922
-5.58922
-5.58954
-5.59149
-5.59181
-5.59343
-5.59311
-5.59311
-5.59311
-5.59279
-5.59312
-5.59247
-5.58988
-5.58826
-5.58696
-5.58599
-5.58372
-5.58404
-5.58307
-5.58274
-5.58404
-5.58534
-5.58404
-5.58405
-5.58599
-5.58793
-5.58826
-5.58793
-5.59149
-5.59506
-5.59473
-5.59376
-5.59441
-5.59473
-5.59862
-5.59765
-5.59635
-5.59473
-5.59279
-5.59182
-5.59182
-5.58923
-5.58793
-5.5889
-5.58955
-5.58826
-5.58793
-5.58793
-5.58794
-5.58664
-5.58664
-5.58568
-5.586
-5.58568
-5.58535
-5.5847
-5.58696
-5.58664
-5.58566
-5.58502
-5.58631
-5.58761
-5.58761
-5.58762
-5.58697
-5.58762
-5.59021
-5.5915
-5.59021
-5.58762
-5.58956
-5.58632
-5.5873
-5.58794
-5.58956
-5.58988
-5.58697
-5.58794
-5.58665
-5.58633
-5.58633
-5.5873
-5.586
-5.58601
-5.58698
-5.586
-5.58665
-5.5873
-5.58762
-5.58827
-5.58697
-5.58892
-5.58859
-5.5873
-5.58632
-5.586
-5.58762
-5.58795
-5.58827
-5.5873
-5.58665
-5.58633
-5.58503
-5.58665
-5.58697
-5.58729
-5.58794
-5.58794
-5.58924
-5.58665
-5.58665
-5.58698
-5.58859
-5.58762
-5.58923
-5.58956
-5.58761
-5.58729
-5.58762
-5.59021
-5.59118
-5.5928
-5.59345
-5.59345
-5.59216
-5.5928
-5.59442
-5.5941
-5.59507
-5.59378
-5.59346
-5.59054
-5.5886
-5.58892
-5.58924
-5.58859
-5.58826
-5.58891
-5.58665
-5.58535
-5.58341
-5.58406
-5.58471
-5.58536
-5.58633
-5.5873
-5.58762
-5.58762
-5.58762
-5.58924
-5.59053
-5.59021
-5.59053
-5.59086
-5.59183
-5.59346
-5.59346
-5.59378
-5.59508
-5.59346
-5.59281
-5.59184
-5.59248
-5.59119
-5.59281
-5.59345
-5.59475
-5.59313
-5.59248
-5.59345
-5.59216
-5.59022
-5.58924
-5.58924
-5.58698
-5.58698
-5.58633
-5.58601
-5.58827
-5.5886
-5.58763
-5.58763
-5.58892
-5.59151
-5.59151
-5.59086
-5.59313
-5.59183
-5.59086
-5.59216
-5.59216
-5.59346
-5.59443
-5.59314
-5.59379
-5.59346
-5.59184
-5.59152
-5.59282
-5.59476
-5.59508
-5.59541
-5.59476
-5.59314
-5.59184
-5.59086
-5.59054
-5.58925
-5.58957
-5.5899
-5.5912
-5.59185
-5.59121
-5.59153
-5.5912
-5.59185
-5.5912
-5.59055
-5.59217
-5.59152
-5.59217
-5.59152
-5.59023
-5.59055
-5.58893
-5.58764
-5.58732
-5.58861
-5.58893
-5.58958
-5.59088
-5.5912
-5.59249
-5.59152
-5.59087
-5.59054
-5.5886
-5.58892
-5.58957
-5.59022
-5.5886
-5.59151
-5.59345
-5.59378
-5.59507
-5.59345
-5.59151
-5.59022
-5.5886
-5.58698
-5.58861
-5.5899
-5.58893
-5.5886
-5.58925
-5.58925
-5.58892
-5.58892
-5.58989
-5.59151
-5.59248
-5.5941
-5.59345
-5.59281
-5.59119
-5.5899
-5.59216
-5.59119
-5.59087
-5.59119
-5.59022
-5.59087
-5.5886
-5.58763
-5.5886
-5.58925
-5.59055
-5.58666
-5.58861
-5.59217
-5.59087
-5.59055
-5.59087
-5.59087
-5.58957
-5.58763
-5.58925
-5.5886
-5.59022
-5.59216
-5.59087
-5.59184
-5.59152
-5.58925
-5.58666
-5.58731
-5.58698
-5.58957
-5.5886
-5.58763
-5.58925
-5.5886
-5.58892
-5.58763
-5.58892
-5.58925
-5.58925
-5.58795
-5.58698
-5.58763
-5.58925
-5.58925
-5.58989
-5.59119
-5.59119
-5.59183
-5.59183
-5.59119
-5.59119
-5.59152
-5.59022
-5.59217
-5.58861
-5.58958
-5.5912
-5.59249
-5.59346
-5.59217
-5.5899
-5.58958
-5.59022
-5.58957
-5.58925
-5.59022
-5.58925
-5.59184
-5.5912
-5.5912
-5.59217
-5.59185
-5.59023
-5.58894
-5.58894
-5.59088
-5.59217
-5.5912
-5.58893
-5.59087
-5.59087
-5.59119
-5.59022
-5.58731
-5.58731
-5.58731
-5.58763
-5.58666
-5.58731
-5.58763
-5.58763
-5.58666
-5.58764
-5.58699
-5.58796
-5.58731
-5.58666
-5.58698
-5.58795
-5.58698
-5.58536
-5.58601
-5.58601
-5.58698
-5.58601
-5.58569
-5.58796
-5.58634
-5.58699
-5.58634
-5.58699
-5.58893
-5.58957
-5.58989
-5.5886
-5.58762
-5.59054
-5.58892
-5.58924
-5.58795
-5.58827
-5.58763
-5.5886
-5.59055
-5.59022
-5.59184
-5.59119
-5.59022
-5.59054
-5.58989
-5.5873
-5.58795
-5.58697
-5.58633
-5.59021
-5.58924
-5.58827
-5.58892
-5.58957
-5.59054
-5.59054
-5.59119
-5.58892
-5.58924
-5.58859
-5.58827
-5.58989
-5.59054
-5.58989
-5.58957
-5.58989
-5.58794
-5.58697
-5.58794
-5.58956
-5.58924
-5.58924
-5.58859
-5.58633
-5.58665
-5.58698
-5.58568
-5.58601
-5.58406
-5.58277
-5.58601
-5.58665
-5.58633
-5.58568
-5.58827
-5.58794
-5.58859
-5.58795
-5.58957
-5.58795
-5.58698
-5.58665
-5.5873
-5.59054
-5.58794
-5.58956
-5.59151
-5.58989
-5.59021
-5.58924
-5.59053
-5.59118
-5.5915
-5.59053
-5.59539
-5.59507
-5.59378
-5.5941
-5.5928
-5.58891
-5.58827
-5.58697
-5.58729
-5.58697
-5.58956
-5.58924
-5.58988
-5.59021
-5.58956
-5.59118
-5.58891
-5.58891
-5.58891
-5.58988
-5.58956
-5.58762
-5.58794
-5.58697
-5.58697
-5.58568
-5.586
-5.58697
-5.58664
-5.58664
-5.58697
-5.58665
-5.58795
-5.58892
-5.59086
-5.59021
-5.59021
-5.59086
-5.58859
-5.58924
-5.59021
-5.59021
-5.58762
-5.58891
-5.58988
-5.58956
-5.58697
-5.58697
-5.586
-5.58632
-5.58568
-5.58568
-5.58471
-5.58276
-5.58406
-5.58503
-5.58795
-5.58956
-5.58989
-5.59021
-5.59119
-5.59119
-5.59183
-5.59151
-5.58957
-5.58795
-5.58763
-5.58796
-5.58957
-5.58925
-5.5886
-5.58763
-5.58698
-5.58827
-5.58762
-5.58633
-5.58568
-5.58471
-5.58374
-5.58213
-5.58407
-5.58666
-5.58763
-5.5886
-5.59087
-5.58957
-5.58795
-5.58762
-5.5873
-5.58827
-5.58827
-5.58632
-5.5873
-5.58827
-5.58601
-5.58536
-5.58601
-5.5873
-5.58471
-5.58406
-5.58471
-5.586
-5.58794
-5.58827
-5.59118
-5.59151
-5.59216
-5.58924
-5.59086
-5.59151
-5.59021
-5.58989
-5.59054
-5.58892
-5.58989
-5.58924
-5.59216
-5.59119
-5.58956
-5.59054
-5.58892
-5.59313
-5.5941
-5.59151
-5.5886
-5.59054
-5.59216
-5.59151
-5.59248
-5.59507
-5.59346
-5.59313
-5.59118
-5.59021
-5.58924
-5.58989
-5.58892
-5.58665
-5.58859
-5.58827
-5.58957
-5.58925
-5.59249
-5.59184
-5.59184
-5.59055
-5.59151
-5.59119
-5.59087
-5.59119
-5.5899
-5.5899
-5.59055
-5.5912
-5.59055
-5.5912
-5.59055
-5.58925
-5.58731
-5.58569
-5.58505
-5.58667
-5.58602
-5.58602
-5.58634
-5.58602
-5.5844
-5.58407
-5.58343
-5.58602
-5.58537
-5.58569
-5.58602
-5.58731
-5.58796
-5.58926
-5.59055
-5.5899
-5.58991
-5.59153
-5.59347
-5.59314
-5.59217
-5.59217
-5.5912
-5.59249
-5.59184
-5.59152
-5.59216
-5.59022
-5.59055
-5.59184
-5.59152
-5.59087
-5.59119
-5.59119
-5.59087
-5.58957
-5.59055
-5.59119
-5.59249
-5.59281
-5.59281
-5.59249
-5.59216
-5.59054
-5.59054
-5.59119
-5.58925
-5.58731
-5.58537
-5.58601
-5.58634
-5.58666
-5.58666
-5.58731
-5.58796
-5.58925
-5.59054
-5.59119
-5.59184
-5.59119
-5.59054
-5.58957
-5.59151
-5.59054
-5.59151
-5.59119
-5.59022
-5.59055
-5.59217
-5.59347
-5.59346
-5.59184
-5.59281
-5.59087
-5.59055
-5.58957
-5.59054
-5.58925
-5.58925
-5.59151
-5.58763
-5.58763
-5.58698
-5.58827
-5.58827
-5.59054
-5.58989
-5.58827
-5.58892
-5.58925
-5.58827
-5.58892
-5.58698
-5.58957
-5.5886
-5.58957
-5.59022
-5.59119
-5.58957
-5.58925
-5.58924
-5.58924
-5.58989
-5.59021
-5.59151
-5.59151
-5.58957
-5.58957
-5.58859
-5.58924
-5.58795
-5.58892
-5.58892
-5.58794
-5.58989
-5.59118
-5.59086
-5.58924
-5.58859
-5.58826
-5.58956
-5.58859
-5.58633
-5.5873
-5.58859
-5.58989
-5.59086
-5.59215
-5.5902
-5.59085
-5.59376
-5.59538
-5.59538
-5.59473
-5.59506
-5.59506
-5.59474
-5.5941
-5.59409
-5.5928
-5.59506
-5.59506
-5.59668
-5.59538
-5.59473
-5.59603
-5.59506
-5.59376
-5.597
-5.59571
-5.59506
-5.59441
-5.59409
-5.59376
-5.59311
-5.59053
-5.5902
-5.5902
-5.58988
-5.58826
-5.58955
-5.58955
-5.5889
-5.58955
-5.59117
-5.58955
-5.59052
-5.59149
-5.59214
-5.59247
-5.59247
-5.59409
-5.59441
-5.59441
-5.59279
-5.59279
-5.59182
-5.5915
-5.62357
-5.62519
-5.62357
-5.62649
-5.62811
-5.62973
-5.62682
-5.6252
-5.62358
-5.62487
-5.62034
-5.61936
-5.61774
-5.61741
-5.6158
-5.61612
-5.61548
-5.61548
-5.61677
-5.61936
-5.61904
-5.61839
-5.61936
-5.61871
-5.62098
-5.62357
-5.62713
-5.6281
-5.62842
-5.62972
-5.63166
-5.63102
-5.63037
-5.63069
-5.62972
-5.62875
-5.62745
-5.62583
-5.62421
-5.62486
-5.62519
-5.62519
-5.62454
-5.62486
-5.62389
-5.62324
-5.62357
-5.62324
-5.62162
-5.62195
-5.6226
-5.61936
-5.62097
-5.61903
-5.61806
-5.6158
-5.61547
-5.61483
-5.61288
-5.61385
-5.6145
-5.61579
-5.61741
-5.62065
-5.62162
-5.62421
-5.62519
-5.62551
-5.62648
-5.62551
-5.62551
-5.62616
-5.62649
-5.62681
-5.62583
-5.62616
-5.62778
-5.62583
-5.62551
-5.62519
-5.62292
-5.62325
-5.62292
-5.6226
-5.62357
-5.62389
-5.62389
-5.62292
-5.62195
-5.62194
-5.62259
-5.62032
-5.61806
-5.62065
-5.62098
-5.61936
-5.62001
-5.62098
-5.62001
-5.62
-5.62097
-5.61805
-5.61773
-5.61838
-5.62033
-5.62227
-5.62357
-5.62292
-5.62227
-5.62324
-5.62324
-5.62357
-5.62389
-5.62098
-5.61871
-5.61968
-5.62001
-5.61968
-5.62098
-5.6213
-5.62195
-5.62292
-5.62389
-5.62519
-5.62584
-5.62745
-5.62713
-5.6268
-5.62551
-5.62356
-5.62226
-5.62259
-5.62032
-5.62129
-5.62195
-5.61968
-5.61969
-5.61936
-5.61968
-5.62033
-5.62033
-5.6213
-5.62162
-5.62129
-5.62226
-5.62162
-5.62259
-5.62195
-5.62357
-5.62324
-5.62292
-5.62195
-5.62292
-5.62486
-5.62357
-5.62421
-5.62389
-5.62648
-5.62583
-5.62648
-5.62583
-5.62356
-5.62324
-5.62615
-5.62518
-5.62388
-5.62323
-5.62291
-5.6242
-5.61999
-5.62129
-5.61968
-5.62
-5.61968
-5.61903
-5.61838
-5.6187
-5.62096
-5.62355
-5.62226
-5.62064
-5.62226
-5.62259
-5.62129
-5.62064
-5.62064
-5.61967
-5.61999
-5.62258
-5.62291
-5.62356
-5.62453
-5.62421
-5.62356
-5.62291
-5.62421
-5.62518
-5.62421
-5.62388
-5.62453
-5.62388
-5.62453
-5.62615
-5.62874
-5.62777
-5.62712
-5.62582
-5.62518
-5.62712
-5.62776
-5.62744
-5.62517
-5.62291
-5.62065
-5.62097
-5.62
-5.62162
-5.62
-5.62097
-5.62032
-5.61935
-5.62032
-5.62259
-5.61999
-5.61902
-5.6174
-5.61837
-5.62032
-5.62129
-5.62162
-5.62194
-5.62097
-5.62194
-5.62453
-5.62615
-5.6268
-5.62583
-5.62453
-5.62194
-5.6213
-5.62227
-5.62324
-5.6213
-5.62032
-5.62227
-5.62162
-5.62097
-5.61903
-5.62032
-5.62
-5.61903
-5.61838
-5.61774
-5.61677
-5.61677
-5.61709
-5.61741
-5.61903
-5.62097
-5.61999
-5.62032
-5.62129
-5.61999
-5.61935
-5.61967
-5.62
-5.61935
-5.62032
-5.62097
-5.62259
-5.62324
-5.62324
-5.62389
-5.62195
-5.62065
-5.62097
-5.62065
-5.62259
-5.62292
-5.62259
-5.62422
-5.62389
-5.62486
-5.62325
-5.62519
-5.62519
-5.62519
-5.62616
-5.62519
-5.62454
-5.62487
-5.62551
-5.62422
-5.62454
-5.62357
-5.62227
-5.6213
-5.61968
-5.62
-5.61903
-5.61903
-5.61709
-5.61742
-5.6171
-5.6171
-5.61839
-5.61968
-5.61968
-5.62098
-5.62227
-5.62162
-5.62163
-5.62163
-5.62227
-5.6226
-5.62162
-5.62065
-5.62162
-5.62162
-5.62421
-5.62422
-5.62551
-5.62357
-5.62325
-5.6226
-5.6239
-5.62292
-5.62357
-5.62389
-5.62454
-5.62681
-5.62583
-5.62357
-5.62389
-5.62421
-5.6213
-5.61839
-5.61936
-5.61774
-5.61548
-5.61807
-5.61872
-5.61839
-5.61807
-5.61936
-5.61871
-5.61871
-5.62065
-5.61968
-5.6213
-5.62227
-5.6213
-5.62098
-5.62195
-5.62195
-5.62227
-5.62292
-5.62195
-5.62033
-5.61969
-5.61969
-5.62163
-5.62357
-5.62519
-5.62681
-5.62552
-5.62455
-5.6226
-5.62098
-5.62325
-5.62389
-5.62389
-5.62292
-5.62357
-5.62228
-5.62001
-5.62066
-5.61872
-5.61969
-5.62066
-5.62163
-5.62065
-5.62389
-5.62227
-5.62227
-5.62194
-5.62097
-5.62324
-5.6226
-5.6213
-5.62033
-5.62228
-5.62228
-5.62098
-5.62033
-5.61968
-5.61871
-5.61773
-5.61935
-5.61968
-5.62065
-5.62259
-5.62292
-5.62356
-5.62097
-5.62162
-5.62356
-5.62389
-5.62389
-5.6226
-5.62486
-5.62389
-5.62486
-5.62324
-5.62323
-5.62258
-5.62226
-5.62226
-5.62227
-5.62227
-5.62098
-5.62065
-5.62163
-5.62292
-5.62195
-5.62163
-5.6213
-5.6226
-5.62259
-5.61968
-5.6187
-5.62
-5.61871
-5.61903
-5.61871
-5.61871
-5.62001
-5.62065
-5.62195
-5.62389
-5.6226
-5.62357
-5.62292
-5.62422
-5.62292
-5.62389
-5.62583
-5.62551
-5.62486
-5.62616
-5.62616
-5.62648
-5.62713
-5.62615
-5.62648
-5.62453
-5.62129
-5.62162
-5.62259
-5.62291
-5.62356
-5.62259
-5.62194
-5.6213
-5.61968
-5.62033
-5.61968
-5.62033
-5.61838
-5.61967
-5.61999
-5.61999
-5.62128
-5.62128
-5.62128
-5.6229
-5.62225
-5.62387
-5.6242
-5.62323
-5.62452
-5.62452
-5.6255
-5.62647
-5.62679
-5.62388
-5.62453
-5.62712
-5.62517
-5.62582
-5.62582
-5.62809
-5.63068
-5.63003
-5.62906
-5.62582
-5.62355
-5.62355
-5.62452
-5.62225
-5.62193
-5.62095
-5.6203
-5.61966
-5.6216
-5.62031
-5.61869
-5.61902
-5.61999
-5.62031
-5.62031
-5.62128
-5.62387
-5.62193
-5.62128
-5.62063
-5.61998
-5.61998
-5.61869
-5.61869
-5.61804
-5.61836
-5.6216
-5.62257
-5.62387
-5.62614
-5.62614
-5.62517
-5.62614
-5.62485
-5.62549
-5.62485
-5.62549
-5.62517
-5.62355
-5.6229
-5.62387
-5.62581
-5.62387
-5.62257
-5.62452
-5.62355
-5.62322
-5.62225
-5.62225
-5.62128
-5.62095
-5.62387
-5.62484
-5.62679
-5.62549
-5.62485
-5.62582
-5.62743
-5.62776
-5.62775
-5.62549
-5.62419
-5.62355
-5.6216
-5.62258
-5.62128
-5.62193
-5.62096
-5.62452
-5.62452
-5.62549
-5.62517
-5.62387
-5.62485
-5.62452
-5.62226
-5.62453
-5.62744
-5.62809
-5.62776
-5.62615
-5.62518
-5.62518
-5.62453
-5.6242
-5.62096
-5.62291
-5.62258
-5.62226
-5.62032
-5.62065
-5.62032
-5.62097
-5.6174
-5.6174
-5.61869
-5.61837
-5.61998
-5.62031
-5.62031
-5.61934
-5.6187
-5.62
-5.62097
-5.62162
-5.62097
-5.6187
-5.62096
-5.6229
-5.62452
-5.62484
-5.62549
-5.6242
-5.62485
-5.62258
-5.6229
-5.6229
-5.62452
-5.6229
-5.61934
-5.62193
-5.62225
-5.6229
-5.62582
-5.62647
-5.62517
-5.62582
-5.62582
-5.62583
-5.62744
-5.62582
-5.62388
-5.62615
-5.6255
-5.62647
-5.62258
-5.62291
-5.62291
-5.62129
-5.62064
-5.62096
-5.62064
-5.62129
-5.62193
-5.62161
-5.62
-5.62032
-5.62097
-5.62259
-5.62194
-5.62259
-5.62129
-5.61967
-5.62129
-5.62161
-5.62388
-5.62194
-5.62064
-5.62032
-5.61935
-5.61934
-5.61999
-5.62128
-5.62064
-5.62194
-5.62324
-5.62194
-5.62162
-5.62097
-5.62162
-5.62259
-5.62421
-5.62291
-5.62097
-5.61902
-5.61902
-5.61869
-5.62031
-5.62323
-5.62065
-5.62227
-5.62227
-5.62227
-5.62357
-5.62422
-5.62454
-5.62357
-5.62486
-5.62259
-5.6242
-5.62194
-5.62355
-5.62614
-5.62485
-5.62258
-5.62291
-5.62323
-5.62162
-5.62324
-5.62259
-5.62356
-5.62551
-5.6268
-5.63004
-5.63133
-5.6323
-5.63101
-5.63004
-5.62874
-5.62647
-5.62453
-5.62518
-5.62518
-5.62388
-5.62421
-5.6255
-5.62583
-5.62259
-5.62421
-5.62421
-5.62356
-5.62162
-5.62194
-5.62356
-5.62291
-5.62259
-5.62162
-5.62065
-5.62291
-5.62291
-5.62129
-5.62032
-5.62064
-5.61935
-5.61903
-5.61871
-5.61903
-5.62
-5.62097
-5.62194
-5.6213
-5.62259
-5.62388
-5.62453
-5.62324
-5.62324
-5.62486
-5.62454
-5.62259
-5.62259
-5.62357
-5.62486
-5.62454
-5.62389
-5.62259
-5.62194
-5.62194
-5.62129
-5.62097
-5.62
-5.62065
-5.62259
-5.62226
-5.62226
-5.62226
-5.62291
-5.62356
-5.62324
-5.62421
-5.62453
-5.62324
-5.62356
-5.62356
-5.62292
-5.62486
-5.62518
-5.62389
-5.62291
-5.62259
-5.62195
-5.62195
-5.62357
-5.62228
-5.6213
-5.6226
-5.62389
-5.62324
-5.62518
-5.6255
-5.62388
-5.6255
-5.62453
-5.62323
-5.6242
-5.62421
-5.6255
-5.62356
-5.62421
-5.62615
-5.6268
-5.62518
-5.62551
-5.62648
-5.62551
-5.62518
-5.62292
-5.62259
-5.62032
-5.62194
-5.62162
-5.62485
-5.62485
-5.62453
-5.62453
-5.6255
-5.62647
-5.62712
-5.62648
-5.62583
-5.62583
-5.62519
-5.62616
-5.62551
-5.6268
-5.6281
-5.62647
-5.62583
-5.62647
-5.62647
-5.62583
-5.6255
-5.62389
-5.62292
-5.62389
-5.62292
-5.62292
-5.62032
-5.62032
-5.62065
-5.62356
-5.62292
-5.62421
-5.62421
-5.62389
-5.62356
-5.62195
-5.62065
-5.6213
-5.6213
-5.62033
-5.62032
-5.62065
-5.62065
-5.62033
-5.62065
-5.62065
-5.62066
-5.62163
-5.62228
-5.62325
-5.62389
-5.62487
-5.62681
-5.62584
-5.62584
-5.62713
-5.6281
-5.62713
-5.62843
-5.62843
-5.62713
-5.62746
-5.62746
-5.62617
-5.6239
-5.62293
-5.62358
-5.62325
-5.62455
-5.62357
-5.62292
-5.62325
-5.62422
-5.62324
-5.6213
-5.62292
-5.62195
-5.62195
-5.61936
-5.61968
-5.62001
-5.62001
-5.61806
-5.61839
-5.61774
-5.61936
-5.61807
-5.61936
-5.61969
-5.61807
-5.61612
-5.61742
-5.61547
-5.61579
-5.61838
-5.61903
-5.62
-5.6213
-5.6213
-5.62033
-5.62195
-5.62066
-5.62066
-5.62001
-5.61839
-5.61872
-5.61904
-5.61904
-5.61969
-5.62163
-5.62066
-5.62131
-5.62293
-5.62357
-5.6239
-5.62195
-5.62098
-5.6226
-5.62065
-5.62162
-5.62033
-5.62098
-5.62098
-5.62097
-5.62195
-5.62227
-5.62227
-5.62519
-5.62455
-5.62422
-5.62325
-5.62455
-5.62746
-5.62714
-5.62649
-5.6281
-5.62842
-5.62551
-5.62615
-5.62518
-5.62421
-5.62292
-5.6226
-5.62227
-5.62422
-5.62454
-5.62519
-5.62163
-5.62196
-5.62164
-5.62164
-5.62228
-5.62195
-5.62163
-5.62033
-5.62033
-5.62066
-5.61969
-5.62131
-5.62098
-5.61872
-5.6171
-5.6158
-5.61612
-5.61418
-5.61386
-5.61192
-5.61613
-5.61969
-5.61969
-5.62131
-5.62002
-5.61937
-5.6184
-5.61905
-5.61904
-5.62163
-5.62325
-5.62196
-5.62066
-5.62196
-5.62001
-5.6226
-5.6239
-5.62422
-5.62455
-5.62487
-5.6252
-5.62325
-5.62292
-5.62292
-5.62292
-5.62292
-5.62098
-5.60211
-5.60082
-5.60018
-5.59953
-5.59824
-5.59597
-5.59629
-5.59726
-5.59791
-5.59823
-5.59596
-5.59596
-5.59467
-5.59369
-5.59369
-5.5937
-5.59305
-5.59176
-5.5924
-5.59435
-5.59467
-5.59532
-5.59791
-5.59953
-5.59855
-5.60212
-5.60438
-5.60568
-5.60406
-5.606
-5.60568
-5.60535
-5.6047
-5.60406
-5.60179
-5.60179
-5.60114
-5.60147
-5.60147
-5.5992
-5.60179
-5.60147
-5.60179
-5.59888
-5.59791
-5.59823
-5.59596
-5.59402
-5.59337
-5.59207
-5.59077
-5.5911
-5.59046
-5.59208
-5.59403
-5.59241
-5.59274
-5.59435
-5.59597
-5.59694
-5.59823
-5.59726
-5.59693
-5.5992
-5.59952
-5.6005
-5.59953
-5.59759
-5.59694
-5.59726
-5.59823
-5.6005
-5.59952
-5.59952
-5.60211
-5.60276
-5.60211
-5.60373
-5.60146
-5.59985
-5.60082
-5.59985
-5.59855
-5.59985
-5.60082
-5.60211
-5.60049
-5.60179
-5.60017
-5.59952
-5.60081
-5.60049
-5.60211
-5.60114
-5.60049
-5.60049
-5.60114
-5.59985
-5.60017
-5.60114
-5.6005
-5.60082
-5.59984
-5.60081
-5.59855
-5.59952
-5.59952
-5.59855
-5.60146
-5.60082
-5.60179
-5.60049
-5.60146
-5.60017
-5.59952
-5.60082
-5.60114
-5.60243
-5.60114
-5.60114
-5.60211
-5.60405
-5.60405
-5.60243
-5.60211
-5.60146
-5.60502
-5.60373
-5.60211
-5.60114
-5.59984
-5.59984
-5.59887
-5.59692
-5.5966
-5.59595
-5.59725
-5.59887
-5.60048
-5.60243
-5.60242
-5.60146
-5.60016
-5.5979
-5.59984
-5.59854
-5.59887
-5.59887
-5.59886
-5.6021
-5.60081
-5.59984
-5.60081
-5.59822
-5.59725
-5.59854
-5.59789
-5.59854
-5.59692
-5.59595
-5.59887
-5.60049
-5.60048
-5.60308
-5.60469
-5.60308
-5.60178
-5.60178
-5.6021
-5.6021
-5.59984
-5.60113
-5.60081
-5.60145
-5.60081
-5.60016
-5.60081
-5.60016
-5.59725
-5.5979
-5.59628
-5.59725
-5.59596
-5.59401
-5.59563
-5.5966
-5.60016
-5.59919
-5.59886
-5.59886
-5.59886
-5.59692
-5.59724
-5.59724
-5.59724
-5.5966
-5.59757
-5.59887
-5.60048
-5.59919
-5.60049
-5.60405
-5.6034
-5.60243
-5.60244
-5.60341
-5.60276
-5.6005
-5.60082
-5.60017
-5.60082
-5.60211
-5.60146
-5.60081
-5.60113
-5.60081
-5.60113
-5.60114
-5.60211
-5.59984
-5.5992
-5.59887
-5.59661
-5.59563
-5.59498
-5.59498
-5.59563
-5.59725
-5.59563
-5.5966
-5.59757
-5.59919
-5.6008
-5.60177
-5.59951
-5.60145
-5.60243
-5.60081
-5.60049
-5.59952
-5.59855
-5.59855
-5.59725
-5.59855
-5.59822
-5.59854
-5.59854
-5.60081
-5.60016
-5.59919
-5.59661
-5.60017
-5.59952
-5.59984
-5.60081
-5.60114
-5.59984
-5.59919
-5.59952
-5.59887
-5.59855
-5.59919
-5.59758
-5.5979
-5.59693
-5.59822
-5.59887
-5.59628
-5.59725
-5.59661
-5.59661
-5.59693
-5.59628
-5.59757
-5.59854
-5.60081
-5.60081
-5.59984
-5.60276
-5.60244
-5.606
-5.606
-5.60568
-5.60438
-5.60341
-5.60373
-5.60373
-5.60373
-5.60373
-5.60535
-5.60438
-5.60568
-5.60276
-5.60115
-5.59985
-5.6005
-5.59985
-5.59856
-5.59823
-5.59693
-5.59596
-5.59564
-5.59725
-5.59855
-5.60049
-5.60049
-5.60179
-5.60146
-5.60049
-5.60049
-5.60147
-5.60179
-5.60309
-5.60017
-5.6005
-5.60114
-5.6005
-5.60017
-5.59758
-5.5992
-5.59822
-5.59822
-5.59919
-5.59887
-5.60146
-5.60147
-5.60309
-5.60374
-5.60471
-5.60471
-5.60341
-5.60471
-5.60244
-5.60082
-5.5992
-5.59823
-5.59823
-5.5992
-5.6005
-5.59953
-5.59856
-5.59629
-5.59629
-5.59435
-5.59306
-5.59338
-5.59338
-5.595
-5.595
-5.5937
-5.59435
-5.59435
-5.59338
-5.59565
-5.59791
-5.5963
-5.59824
-5.59856
-5.59823
-5.59985
-5.60018
-5.60277
-5.60147
-5.60147
-5.60051
-5.60213
-5.60181
-5.60343
-5.60051
-5.60116
-5.59824
-5.59856
-5.59986
-5.59921
-5.59953
-5.59824
-5.60019
-5.60019
-5.60148
-5.60115
-5.60018
-5.59888
-5.59726
-5.59888
-5.59986
-5.59889
-5.59857
-5.59824
-5.59792
-5.59792
-5.59727
-5.59857
-5.59824
-5.59824
-5.59986
-5.6005
-5.6005
-5.60082
-5.59985
-5.59889
-5.59792
-5.59921
-5.59792
-5.59792
-5.59889
-5.60051
-5.59954
-5.59921
-5.59954
-5.59889
-5.59888
-5.59791
-5.59888
-5.59694
-5.59629
-5.59727
-5.59921
-5.59792
-5.59824
-5.59792
-5.59954
-5.60116
-5.59921
-5.60148
-5.60148
-5.59986
-5.60116
-5.60018
-5.6018
-5.60051
-5.60212
-5.60083
-5.60179
-5.60115
-5.60212
-5.60471
-5.60601
-5.60504
-5.60342
-5.60634
-5.60342
-5.60342
-5.60213
-5.60213
-5.60278
-5.60278
-5.60116
-5.60278
-5.6018
-5.60115
-5.60245
-5.60342
-5.60277
-5.60147
-5.60147
-5.59986
-5.60018
-5.6018
-5.59953
-5.60018
-5.60018
-5.59694
-5.59792
-5.59694
-5.59727
-5.59695
-5.595
-5.59435
-5.59532
-5.59435
-5.59597
-5.59629
-5.59726
-5.5992
-5.59952
-5.6005
-5.60147
-5.60212
-5.59985
-5.6005
-5.59985
-5.6005
-5.60115
-5.60083
-5.60374
-5.60309
-5.60244
-5.60017
-5.60082
-5.60373
-5.60471
-5.60277
-5.60179
-5.60147
-5.59856
-5.59727
-5.59662
-5.59824
-5.59694
-5.59694
-5.59791
-5.59823
-5.59693
-5.5979
-5.59888
-5.59693
-5.59791
-5.60082
-5.60179
-5.60115
-5.59921
-5.59953
-5.60147
-5.6005
-5.60083
-5.59986
-5.59985
-5.6005
-5.59985
-5.5992
-5.59823
-5.59693
-5.59661
-5.59661
-5.59887
-5.59984
-5.59984
-5.59887
-5.60082
-5.60114
-5.60049
-5.59985
-5.60147
-5.5979
-5.59855
-5.59855
-5.5992
-5.59758
-5.59693
-5.59531
-5.59596
-5.59661
-5.59661
-5.59628
-5.59757
-5.5966
-5.59725
-5.59822
-5.59725
-5.59596
-5.59822
-5.60049
-5.60081
-5.60178
-5.60211
-5.60016
-5.59919
-5.59822
-5.59822
-5.59984
-5.59985
-5.5992
-5.60017
-5.6005
-5.59791
-5.59953
-5.5992
-5.6005
-5.60017
-5.59855
-5.59887
-5.60017
-5.60244
-5.60114
-5.60276
-5.60373
-5.6047
-5.60406
-5.60212
-5.59888
-5.59985
-5.5992
-5.60082
-5.59953
-5.59985
-5.60049
-5.59855
-5.59725
-5.59952
-5.60049
-5.60244
-5.60211
-5.60439
-5.60406
-5.60374
-5.60179
-5.60374
-5.60503
-5.60374
-5.60309
-5.6005
-5.6005
-5.60017
-5.60017
-5.60179
-5.60212
-5.60309
-5.60244
-5.60374
-5.60341
-5.60179
-5.60244
-5.60277
-5.60212
-5.60309
-5.60179
-5.6005
-5.60018
-5.60082
-5.60212
-5.60309
-5.60212
-5.60244
-5.60245
-5.60083
-5.60342
-5.60147
-5.60244
-5.6018
-5.60147
-5.59986
-5.60018
-5.59953
-5.59953
-5.6005
-5.60179
-5.60179
-5.60341
-5.606
-5.60567
-5.60762
-5.60697
-5.60633
-5.60471
-5.60536
-5.60439
-5.60471
-5.60406
-5.60309
-5.60244
-5.59953
-5.60017
-5.59985
-5.59823
-5.5979
-5.59564
-5.59434
-5.59402
-5.59143
-5.59273
-5.59208
-5.59564
-5.59726
-5.5979
-5.59952
-5.60114
-5.60244
-5.60179
-5.6005
-5.60017
-5.60244
-5.60276
-5.60373
-5.60308
-5.60178
-5.60275
-5.6034
-5.6034
-5.60372
-5.60502
-5.6034
-5.60405
-5.60503
-5.60341
-5.60244
-5.60114
-5.60243
-5.60243
-5.60146
-5.60017
-5.5992
-5.60081
-5.60146
-5.59887
-5.59789
-5.59822
-5.59919
-5.60243
-5.60081
-5.60146
-5.60211
-5.60341
-5.60373
-5.60373
-5.60438
-5.60341
-5.60049
-5.60082
-5.60308
-5.60276
-5.60211
-5.60081
-5.60243
-5.60178
-5.60113
-5.60016
-5.60243
-5.60146
-5.60243
-5.60179
-5.59985
-5.5992
-5.59726
-5.5992
-5.59985
-5.59855
-5.59855
-5.59952
-5.59758
-5.59758
-5.5979
-5.59823
-5.5979
-5.59725
-5.59919
-5.59919
-5.60113
-5.60016
-5.60049
-5.60179
-5.60244
-5.60115
-5.59921
-5.59985
-5.60179
-5.60277
-5.6005
-5.59855
-5.59661
-5.59757
-5.5966
-5.5966
-5.59693
-5.59661
-5.59693
-5.59823
-5.60017
-5.59985
-5.5992
-5.59856
-5.59856
-5.59856
-5.59888
-5.60114
-5.60082
-5.60147
-5.60438
-5.60471
-5.60277
-5.60212
-5.60082
-5.60017
-5.60179
-5.60373
-5.60179
-5.60049
-5.60049
-5.60244
-5.60308
-5.6047
-5.60309
-5.60309
-5.60082
-5.5979
-5.59563
-5.59531
-5.59595
-5.59563
-5.59595
-5.59757
-5.59984
-5.60081
-5.60275
-5.59919
-5.59984
-5.60081
-5.60016
-5.60016
-5.59919
-5.59725
-5.5979
-5.59854
-5.59854
-5.59692
-5.59725
-5.59725
-5.59595
-5.59466
-5.59692
-5.59887
-5.60178
-5.60113
-5.59821
-5.59756
-5.59918
-5.59919
-5.59789
-5.59854
-5.60081
-5.59854
-5.5966
-5.60113
-5.59951
-5.60048
-5.60308
-5.6021
-5.6034
-5.60243
-5.60081
-5.59887
-5.59919
-5.59951
-5.60048
-5.6021
-5.60307
-5.60307
-5.60242
-5.59983
-5.59853
-5.59789
-5.59724
-5.59983
-5.59757
-5.59983
-5.60113
-5.60243
-5.60146
-5.59984
-5.60114
-5.60146
-5.60146
-5.60178
-5.60243
-5.60113
-5.59919
-5.59659
-5.59756
-5.59756
-5.59626
-5.59788
-5.59853
-5.60015
-5.60015
-5.60177
-5.6008
-5.60048
-5.6008
-5.60016
-5.60113
-5.59854
-5.59821
-5.5995
-5.59821
-5.59918
-5.59723
-5.59885
-5.59918
-5.60048
-5.60242
-5.60275
-5.60307
-5.6034
-5.60566
-5.60307
-5.60177
-5.59983
-5.60015
-5.60112
-5.6008
-5.6008
-5.59918
-5.5995
-5.59853
-5.5995
-5.59885
-5.59658
-5.59723
-5.59853
-5.60047
-5.60241
-5.60144
-5.60144
-5.60371
-5.60144
-5.5995
-5.60047
-5.5995
-5.60177
-5.60209
-5.60112
-5.60112
-5.59982
-5.59756
-5.59723
-5.59755
-5.5982
-5.59691
-5.59918
-5.59885
-5.59885
-5.60112
-5.59885
-5.59885
-5.5995
-5.59755
-5.59723
-5.5969
-5.59885
-5.60015
-5.60177
-5.5995
-5.6008
-5.6021
-5.60047
-5.59853
-5.59885
-5.5982
-5.59949
-5.59788
-5.5995
-5.59788
-5.59918
-5.5995
-5.5995
-5.59918
-5.59789
-5.59918
-5.59756
-5.59659
-5.59885
-5.59982
-5.60047
-5.60242
-5.60436
-5.60469
-5.60436
-5.60371
-5.60242
-5.60209
-5.60241
-5.60209
-5.60112
-5.60047
-5.59885
-5.60015
-5.60015
-5.59917
-5.59756
-5.59691
-5.59658
-5.59917
-5.59982
-5.60209
-5.60209
-5.60435
-5.60468
-5.605
-5.60371
-5.60403
-5.60403
-5.60306
-5.60241
-5.60274
-5.60338
-5.60144
-5.60176
-5.60111
-5.59949
-5.59754
-5.59787
-5.59787
-5.59722
-5.5969
-5.59755
-5.5969
-5.59755
-5.59917
-5.59787
-5.5969
-5.5969
