2.554919692
2.615670632
2.676160584
2.73763029
2.798047131
2.852982846
2.896789091
2.918351608
2.908287211
2.859534109
2.773183093
2.659012932
2.539386848
2.435984608
2.366116007
2.331492104
2.334035229
2.365766367
2.419983673
2.48480048
2.547141662
2.594936371
2.616190589
2.613496381
2.588131225
2.551080875
2.509860621
2.469661386
2.437513944
2.411507823
2.394183672
2.382019441
2.375443289
2.37347005
2.375071622
2.381932516
2.394095381
2.419710698
2.462290386
2.524788409
2.600507174
2.679335395
2.742988188
2.77413071
2.761060012
2.701760959
2.60229721
2.478698219
2.357198727
2.259354633
2.203084174
2.187431685
2.20693028
2.24960072
2.301056054
2.355941811
2.408030368
2.460288668
2.515112038
2.57287942
2.63579172
2.696761389
2.750594882
2.787810808
2.805935025
2.803023805
2.788687823
2.773667033
2.767007998
2.777191912
2.802378404
2.832484779
2.854827811
2.856266403
2.828514841
2.767503864
2.674558245
2.56001206
2.43325057
2.306169247
2.190721641
2.091510519
2.011843693
1.950506561
1.904601938
1.880707667
1.882142178
1.912806454
1.968561516
2.042091219
2.122911515
2.20208567
2.2705131
2.325089701
2.361932943
2.383347749
2.386367087
2.370760549
2.338210068
2.299281495
2.263179713
2.233730931
2.219221146
2.216340045
2.211720555
2.19358895
2.162726554
2.126881575
2.088094142
2.057332003
2.034762605
2.017035366
2.000561851
1.986173166
1.972253577
1.961593766
1.952590218
1.9477601
1.948376067
1.96340605
1.995830306
2.043340406
2.103034303
2.164477928
2.220308206
2.263261498
2.289302498
2.298750737
2.293011379
2.275948064
2.255360289
2.242186228
2.241127868
2.254625885
2.280859863
2.31511445
2.352982454
2.385906943
2.408367985
2.411718758
2.394491944
2.35372984
2.289897073
2.207377485
2.114815924
2.017504754
1.924443314
1.843649118
1.779500683
1.736850823
1.719216926
1.727267387
1.755852602
1.802550185
1.855525123
1.903315357
1.941392902
1.966030749
1.979689715
1.986735882
1.987943424
1.97724389
1.957902053
1.931524122
1.908651879
1.890929349
1.878501149
1.867973309
1.854534001
1.836255738
1.818029125
1.800198935
1.789947875
1.793196702
1.815737553
1.857125177
1.913561665
1.985628449
2.069728609
2.16990437
2.28268794
2.400798966
2.502664352
2.574334192
2.614670802
2.623563131
2.609410879
2.577796348
2.526853918
2.466790186
2.396072713
2.314508656
2.217437916
2.100098617
1.966396081
1.827118284
1.696640041
1.587997339
1.506012855
1.4555873
1.436557599
1.447621059
1.489583284
1.558733231
1.640178294
1.717594391
1.778040794
1.809438422
1.812640445
1.787891417
1.742266868
1.681051876
1.618377551
1.558343811
1.512527759
1.480377918
1.463251923
1.462970147
1.477110798
1.512177631
1.564117259
1.63136299
1.715381347
1.811422632
1.911272293
2.003813001
2.071961623
2.101829635
2.091975411
2.051794784
1.995602868
1.947886087
1.919060453
1.919228063
1.942465946
1.979375084
2.017832061
2.049754391
2.077197306
2.105536878
2.146433161
2.205779394
2.286385217
2.385897842
2.493265692
2.601875633
2.701899618
2.78900275
2.860827438
2.90608684
2.92017223
2.904498733
2.862960363
2.811800795
2.759778377
2.722897821
2.706723099
2.713192844
2.745738168
2.78919052
2.819656404
2.811897403
2.753179023
2.668876307
2.589782272
2.526010639
2.477829621
2.443705975
2.42197163
2.420076048
2.440732574
2.485082872
2.54445163
2.602406999
2.643003567
2.653011239
2.629764825
2.576729982
2.499755016
2.412669293
2.32240118
2.239341472
2.167561378
2.107720144
2.063810908
2.029265696
2.004962111
1.984315849
1.970202534
1.960596397
1.960002154
1.970141739
1.990679931
2.011843033
2.027883685
2.032818271
2.031694369
2.024913008
2.01559454
2.00480899
1.995451226
1.986114233
1.983199442
1.989287398
2.004235711
2.028913287
2.059823217
2.094115635
2.130670495
2.16995714
2.211071778
2.244917331
2.268895378
2.276674086
2.262561691
2.226170771
2.171977602
2.107127737
2.04361525
1.98780145
1.951766247
1.945222106
1.969137793
2.019159248
2.090205276
2.171769319
2.255707905
2.327397925
2.380642138
2.409401503
2.411943356
2.392167666
2.362128831
2.334433691
2.318971902
2.323335337
2.346435129
2.382249761
2.410296167
2.424352634
2.420673139
2.40023616
2.366970847
2.324467096
2.279549688
2.245190548
2.227650365
2.224909557
2.223948345
2.206668079
2.173285884
2.138924077
2.123403541
2.132153603
2.16751291
2.220476535
2.281320024
2.3412092
2.388514284
2.41534156
2.417019022
2.396224666
2.364103633
2.335307701
2.321199346
2.329117245
2.366884125
2.42822139
2.501202707
2.57348099
2.632109339
2.66071175
2.655363988
2.616074105
2.54927454
2.467614526
2.378547713
2.297244139
2.224673758
2.163130226
2.10653901
2.050997832
1.996973993
1.952108578
1.925786629
1.926893513
1.961921693
2.027568197
2.122194843
2.226550995
2.323675273
2.393393298
2.41812934
2.399504155
2.352450567
2.291830115
2.229753541
2.181723199
2.152909783
2.14407695
2.153942252
2.17856312
2.217496304
2.267226123
2.327651979
2.399891761
2.481388906
2.567289395
2.655388964
2.737120021
2.795534966
2.820581508
2.801542754
2.751699132
2.689238833
2.633406405
2.603976149
2.617257333
2.680852433
2.792908137
2.935704691
3.073552393
3.166836172
3.191074224
3.162281296
3.098215621
3.015120221
2.919190448
2.822274831
2.734257297
2.670813006
2.637771442
2.638634495
2.666666671
2.711047714
2.768081698
2.823444843
2.877920037
2.923841511
2.958650531
2.980830174
2.991591613
2.986579908
2.979475464
2.977017951
2.991675937
3.028153512
3.083249323
3.136020214
3.167259594
3.159220887
3.10108614
2.99439711
2.848281754
2.67641555
2.48919205
2.298805563
2.118378082
1.959192735
1.832888353
1.74829219
1.699163332
1.686554553
1.697325791
1.720766855
1.744158812
1.756261539
1.755500846
1.74463524
1.731666435
1.728411956
1.743072387
1.778597653
1.834587153
1.906042112
1.992341258
2.086617008
2.187284729
2.289748632
2.390921198
2.484371521
2.560754856
2.619472644
2.657549356
2.68053688
2.69294844
2.70274345
2.712826139
2.720537274
2.716408874
2.694265107
2.642499199
2.569471263
2.482797587
2.395135836
2.328383118
2.291045052
2.281223423
2.282855801
2.279863507
2.253464298
2.204520818
2.138831142
2.074045813
2.029496633
2.011517925
2.024554932
2.064852034
2.118725499
2.174705999
2.222905267
2.253319459
2.265906605
2.267813896
2.264117258
2.257280859
2.246311196
2.232081718
2.212827475
2.190473105
2.167348292
2.146448359
2.133492349
2.136923753
2.15562697
2.193377192
2.245699398
2.305965408
2.361717967
2.396048304
2.3938354
2.350687602
2.273677816
2.182093767
2.095797211
2.031530432
2.002300598
2.004159429
2.035636671
2.087266106
2.145241475
2.192353721
2.225037483
2.242350868
2.245891495
2.241337502
2.235862323
2.236803727
2.248007595
2.270684159
2.304619503
2.340803905
2.378066659
2.409612058
2.435473958
2.456768726
2.472257826
2.47671516
2.466484244
2.440386696
2.408286384
2.384876091
2.391339751
2.433635531
2.50989226
2.602701286
2.693938845
2.764802348
2.803383511
2.812522723
2.798098725
2.768988188
2.73709431
2.709558736
2.689144303
2.676077952
2.66949476
2.667036352
2.662877258
2.649257196
2.616759977
2.568056863
2.50670406
2.448011483
2.401404349
2.379843481
2.388831923
2.429310731
2.500679245
2.595752762
2.698827328
2.786152908
2.84244923
2.866710797
2.869574517
2.864456619
2.852696794
2.832566828
2.798088698
2.75328776
2.702993388
2.653765003
2.615228861
2.594058198
2.59827981
2.626108071
2.669921757
2.715063027
2.74665262
2.753380538
2.731573896
2.690229849
2.639930288
2.595023352
2.558161097
2.530806596
2.510143906
2.486639197
2.463827006
2.440122467
2.425450843
2.432756855
2.465409533
2.530642147
2.618632768
2.718062657
2.815555452
2.892642751
2.935379557
2.929643457
2.876066792
2.780793816
2.663246365
2.544225502
2.441889238
2.36825976
2.327838111
2.319520017
2.339758222
2.382249028
2.439006516
2.504593497
2.574846714
2.648139323
2.725153013
2.79946595
2.863193216
2.907728703
2.921354961
2.898309447
2.841506795
2.761377359
2.67413816
2.589787055
2.517860247
2.463854734
2.428547284
2.413368493
2.413647199
2.425590599
2.443970333
2.462509132
2.475240108
2.475511117
2.457360398
2.425261382
2.390817858
2.374575542
2.383184237
2.416868452
2.460177846
2.491039779
2.501991768
2.502783933
2.511143094
2.538910956
2.575859953
2.608574426
2.621471841
2.611559689
2.584902297
2.546733622
2.500091281
2.444068455
2.379774766
2.300495024
2.211135626
2.112678297
2.008803703
1.911226979
1.826360216
1.764774254
1.737168833
1.74819341
1.799915454
1.879480068
1.976815821
2.069142589
2.139037314
2.179161932
2.191320222
2.187559396
2.177455613
2.173200277
2.182005455
2.204686708
2.248172152
2.308479551
2.386175853
2.480613663
2.578436065
2.675572185
2.766154383
2.844569077
2.909297173
2.953721206
2.976437811
2.983797318
2.98324595
2.99040885
3.014272982
3.057305342
3.10989889
3.16278049
3.199070894
3.20846646
3.185043389
3.132874642
3.054446702
2.956610989
2.848286982
2.736826915
2.630047312
2.53603941
2.461290847
2.407719245
2.371890335
2.349162977
2.332635196
2.314948699
2.29150236
2.260358086
2.214866572
2.154700369
2.084732859
2.012019843
1.945805116
1.893711781
1.854726381
1.830236413
1.819201913
1.822375808
1.8377498
1.861493464
1.889813266
1.923625138
1.962038773
2.002474204
2.04744675
2.091043538
2.125064593
2.137285464
2.11926324
2.076348837
2.021320259
1.973430823
1.951150093
1.960175924
2.006057691
2.074351759
2.155223811
2.234182699
2.301831877
2.351416841
2.376848986
2.379536783
2.362746543
2.332859838
2.2942946
2.254735093
2.220466944
2.197045337
2.184983567
2.188375856
2.202432201
2.223852659
2.248522242
2.270395251
2.289123909
2.30496674
2.325608911
2.352551174
2.387267805
2.426732102
2.467242496
2.501902832
2.528527815
2.545012756
2.549559085
2.540970362
2.511779119
2.45906555
2.392971276
2.325405602
2.267657774
2.223826693
2.195280446
2.176502726
2.166013582
2.161312459
2.160576251
2.164960721
2.176468001
2.186544102
2.193361227
2.188748298
2.173108237
2.151890057
2.13430036
2.133025515
2.148633595
2.170075242
2.168536778
2.127170739
2.055396454
1.984347988
1.937752078
1.922655179
1.927614335
1.935063328
1.938673309
1.944520919
1.968206392
2.014238178
2.077471366
2.146011556
2.201725286
2.225773872
2.209273564
2.145027311
2.041106352
1.915606846
1.792914126
1.697381822
1.646633693
1.649161926
1.701385944
1.788709034
1.894309619
1.990356734
2.062747904
2.100660339
2.112181408
2.104320727
2.088368059
2.071730137
2.053883512
2.029183404
1.997596826
1.955149144
1.905708618
1.851781846
1.794357751
1.740215761
1.688982142
1.640925578
1.5979204
1.559737177
1.524008018
1.494713954
1.478125385
1.484646745
1.522031458
1.590001106
1.683721506
1.789607652
1.898201371
1.995641685
2.070334962
2.113649481
2.117834348
2.082261883
2.017288762
1.938737338
1.860269676
1.801159234
1.764793332
1.754762171
1.764549182
1.786900691
1.819637724
1.858322431
1.906495091
1.96437911
2.037207791
2.12693459
2.225891734
2.325733227
2.411745267
2.460812934
2.450094451
2.371943583
2.255455985
2.144523672
2.079013962
2.068193339
2.10404543
2.160052011
2.200882522
2.195511047
2.134546749
2.029001547
1.902479608
1.782249389
1.682466422
1.613702057
1.573102286
1.548017081
1.523732306
1.480021068
1.408733039
1.325312403
1.247777061
1.199380069
1.191012489
1.225365609
1.294424932
1.385468976
1.48407618
1.58216378
1.665291708
1.72709258
1.76222721
1.769489361
1.7449856
1.692635568
1.618296603
1.524081356
1.422419844
1.326968325
1.249327089
1.2069816
1.208922756
1.254067389
1.328799074
1.409823015
1.48201907
1.548832085
1.627598725
1.726535319
1.850533832
1.986831633
2.123456249
2.247499502
2.351025389
2.431091806
2.496657201
2.559836317
2.629271157
2.715808194
2.814063133
2.913409772
2.993577729
3.042552766
3.066865845
3.071716953
3.066448021
3.047163053
2.997112121
2.911306578
2.789755213
2.64926058
2.510072556
2.392631205
2.309776309
2.263712522
2.248026554
2.254186463
2.268307639
2.281370263
2.287950415
2.281846311
2.266021596
2.251552426
2.248825876
2.27044595
2.324778951
2.41043123
2.515990146
2.62780236
2.729478164
2.804700976
2.847403279
2.852396452
2.82173704
2.758841615
2.668645667
2.559739158
2.448091605
2.343002021
2.25440905
2.186212986
2.134283654
2.092110632
2.045531933
1.986711052
1.912728843
1.832390946
1.752756064
1.688547467
1.649357722
1.641282817
1.662703929
1.709125844
1.776305334
1.857538252
1.943638754
2.028096752
2.099896766
2.157708546
2.201306456
2.234512899
2.267841607
2.309313138
2.370924197
2.456444967
2.56754543
2.698852996
2.836171927
2.966576554
3.070658072
3.136087799
3.153775599
3.122273286
3.054134801
2.965324781
2.870941393
2.781043731
2.702333226
2.640130014
2.59506381
2.56728913
2.555659109
2.55054154
2.554370562
2.571485857
2.60752817
2.668881055
2.757585314
2.870811209
2.993799195
3.099916308
3.163365301
3.168064816
3.108028841
2.989328726
2.826652417
2.642764802
2.461774184
2.299636143
2.177096832
2.102910153
2.084611441
2.109793947
2.162948582
2.221489992
2.259130959
2.258040947
2.210875559
2.126550624
2.020074461
1.912666097
1.826302348
1.773092193
1.762849267
1.799707709
1.873535187
1.976665867
2.096754594
2.217370673
2.320230168
2.398066532
2.442249709
2.456699664
2.45328772
2.447386157
2.45027978
2.46930329
2.498722602
2.528609203
2.547951894
2.552131576
2.539798213
2.512905491
2.478533328
2.435086825
2.392631571
2.350475418
2.318101111
2.300121469
2.30044026
2.316432818
2.351692909
2.397252224
2.442692695
2.478566715
2.497694691
2.505417826
2.505504211
2.506454357
2.516906635
2.538179558
2.568614481
2.60235465
2.630213945
2.64476082
2.639053874
2.616103966
2.572604178
2.512666818
2.442447623
2.36740726
2.292837367
2.224055734
2.176317454
2.148765683
2.146275693
2.164667587
2.197396278
2.229655715
2.251061636
2.250208624
2.226307087
2.17725202
2.114143081
2.046773088
1.984629956
1.941556691
1.924702427
1.938499077
1.98953579
2.07145982
2.177222163
2.292721112
2.395722532
2.46094954
2.472257432
2.42302604
2.319830638
2.185514894
2.048359448
1.934326136
1.85806805
1.827849997
1.846639728
1.900541564
1.98089048
2.072418983
2.161593083
2.235123549
2.28327005
2.299384873
2.287274826
2.258541858
2.228849189
2.207077425
2.200333989
2.206312078
2.213058275
2.211824922
2.193271625
2.151977379
2.094678322
2.02499767
1.953902033
1.891774395
1.848085911
1.81979633
1.806258893
1.799421491
1.795523907
1.78810377
1.771906203
1.75098294
1.726458506
1.705497994
1.696648949
1.702789505
1.732866324
1.783231394
1.852593211
1.931683551
2.00997381
2.082024459
2.140716248
2.185838379
2.217980397
2.235494199
2.23747909
2.233102214
2.230135821
2.234436431
2.252641159
2.28086394
2.314877914
2.348563176
2.376501664
2.392307348
2.399772341
2.396082432
2.37792033
2.345349589
2.295394806
2.230852631
2.15315306
2.064781005
1.97099329
1.886005529
1.821664448
1.793796791
1.814229076
1.881601084
1.987491746
2.117031365
2.250006826
2.365040011
2.453547278
2.508324433
2.529890468
2.525869522
2.498259429
2.459145149
2.410744644
2.355753648
2.299905059
2.247808761
2.205205494
2.174610439
2.161474964
2.163462495
2.18169629
2.212269431
2.246516564
2.27570527
2.286298722
2.266659533
2.22187501
2.170975222
2.130818816
2.113974996
2.121925869
2.149690229
2.185893639
2.217177407
2.237547793
2.245854127
2.241295163
2.228360608
2.211630795
2.190913993
2.167891345
2.137284537
2.097971481
2.049341527
1.995501622
1.947465309
1.91921956
1.930055445
1.992151944
2.106583447
2.261054701
2.427234133
2.569809617
2.66884683
2.727643193
2.765532997
2.79476117
2.823409907
2.847035829
2.857163847
2.844013141
2.793460549
2.706608778
2.594099136
2.480919147
2.394607143
2.343938656
2.330852643
2.336481427
2.334668714
2.311621128
2.264413723
2.195038649
2.114340272
2.04199538
1.989534654
1.972033835
1.993593979
2.046254684
2.116860642
2.189793715
2.249203413
2.291313403
2.317739524
2.333524658
2.340701086
2.344260633
2.344692127
2.342619691
2.335863428
2.323516111
2.307478871
2.28560734
2.257932231
2.224839239
2.1887594
2.149640784
2.114234673
2.084167751
2.061430325
2.046928407
2.044248554
2.042589792
2.040366282
2.031572859
2.02015492
2.012857005
2.014795494
2.036199501
2.080773363
2.148069515
2.232318307
2.322036696
2.406976166
2.478629207
2.532970346
2.571937658
2.60151243
2.629329202
2.655557977
2.677096417
2.684922573
2.668295698
2.624705571
2.554784012
2.467897763
2.378239309
2.302855371
2.255451472
2.240593447
2.262564094
2.313307056
2.385842182
2.470466065
2.558571772
2.639034214
2.702660393
2.740392043
2.741233092
2.70342021
2.624076461
2.518150685
2.399676373
2.284844449
2.182720055
2.097516374
2.028105048
1.977304306
1.945030236
1.928761927
1.934632944
1.962384433
2.016501556
2.096277098
2.201969143
2.32624497
2.46064203
2.591171717
2.702934408
2.788156119
2.833591856
2.829218626
2.778256662
2.682558308
2.561388115
2.428966001
2.307310186
2.211554114
2.15220442
2.134704247
2.159227115
2.218246192
2.303215954
2.403590215
2.514575942
2.630516955
2.749312244
2.872519516
2.991774001
3.108318563
3.220087053
3.322287191
3.406422297
3.465736486
3.490460192
3.473229633
3.412106486
3.311738798
3.179535479
3.036439062
2.897574649
2.77770323
2.687381068
2.630028235
2.607589438
2.611450039
2.636434195
2.672236004
2.711766078
2.744994743
2.768916721
2.775166765
2.761415413
2.721530305
2.65972039
2.583856652
2.502999927
2.430297216
2.377148512
2.348892976
2.350192247
2.373472601
2.41451074
2.463458447
2.511970774
2.554766142
2.58627232
2.602376817
2.611833085
2.614350563
2.60566612
2.575320888
2.508958596
2.407487504
2.28667615
2.166839505
2.058491236
1.974614929
1.914201249
1.878604299
1.869405626
1.885717369
1.924570182
1.986662175
2.068368416
2.148428322
2.210556986
2.240933958
2.240735214
2.217905455
2.186814464
2.159687098
2.143494564
2.148630397
2.178185717
2.237548681
2.325523609
2.43363061
2.547779562
2.645538599
2.710017723
2.741583989
2.748696958
2.746410797
2.752576503
2.777711983
2.821085978
2.875583836
2.927606104
2.962865018
2.966507811
2.926246398
2.844523274
2.732320008
2.603804323
2.481322063
2.38124712
2.313708141
2.282218769
2.2805001
2.29960939
2.323087933
2.335844733
2.322775112
2.273397206
2.18327304
2.052056585
1.891402609
1.728020447
1.589113748
1.490305705
1.438736545
1.433515888
1.462838563
1.522127075
1.599141727
1.680527261
1.760973089
1.838018558
1.914057206
1.990408922
2.067671043
2.141179855
2.20524896
2.251784609
2.281318475
2.296087769
2.307575177
2.327278065
2.360381337
2.411032769
2.466091578
2.511261521
2.536344668
2.534930776
2.51259733
2.473238365
2.420537752
2.351158181
2.269537166
2.180311303
2.085412042
1.999671866
1.93056429
1.886487523
1.877039971
1.899769182
1.939486126
1.977478516
1.992580111
1.98547825
1.966138488
1.941511019
1.915501124
1.890332221
1.871387577
1.863560033
1.873061393
1.905914569
1.963306961
2.046228075
2.14814598
2.261798842
2.373906891
2.464385777
2.512069409
2.504256632
2.43927981
2.326844525
2.188940504
2.049514665
1.931982737
1.855910504
1.834342415
1.862747505
1.936469581
2.030581936
2.11791179
2.166701309
2.160956788
2.108136639
2.034245517
1.962255327
1.910754792
1.881983519
1.871861534
1.876898557
1.884556665
1.886200688
1.874425892
1.851227959
1.814592482
1.765427396
1.700434371
1.62350018
1.537332113
1.44969923
1.372968135
1.310545146
1.274240563
1.263057606
1.277569801
1.323318839
1.392556327
1.480495272
1.575038133
1.664508307
1.739305242
1.795122254
1.8279952
1.84312716
1.845064228
1.842068891
1.836477394
1.835508854
1.847081166
1.876099387
1.924592706
1.993355365
2.079694878
2.176779794
2.274251578
2.367230243
2.453033493
2.532132037
2.596894838
2.638814827
2.646905634
2.611633102
2.548180527
2.471584982
2.400550519
2.345019074
2.311802323
2.296018193
2.293414127
2.293546589
2.29002167
2.276974213
2.249709875
2.204188686
2.147136829
2.082866387
2.017844745
1.965915773
1.947624688
1.97306398
2.053277743
2.185617972
2.35645546
2.536507373
2.683923296
2.763164606
2.760263064
2.678654443
2.545975831
2.388629486
2.232306841
2.091992602
1.982768937
1.913277871
1.887436849
1.901859042
1.94940595
2.015754334
2.085193081
2.137206731
2.157191485
2.138553124
2.092001933
2.032204134
1.973172594
1.925269689
1.892082476
1.871563181
1.864424336
1.863847376
1.868686002
1.879678847
1.895616861
1.916989202
1.945425709
1.98260934
2.027875298
2.08620808
2.155314932
2.232522927
2.311352174
2.381244602
2.435761238
2.472686294
2.499753003
2.52017736
2.542346032
2.569963189
2.606063964
2.644444803
2.688684838
2.736177275
2.789417021
2.850806776
2.917730127
2.975629471
3.00035491
2.965088519
2.860473428
2.709186424
2.545906755
2.393949427
2.263963318
2.154461751
2.060568645
1.981713679
1.92324859
1.889051622
1.882332576
1.905424633
1.951739697
2.013251102
2.078187978
2.13163224
2.170105777
2.191041413
2.199088251
2.205147613
2.213177009
2.230011413
2.254495923
2.278105161
2.287105106
2.264505201
2.193988586
2.070711441
1.90770283
1.725583688
1.546820073
1.38569178
1.254448426
1.150498015
1.077249302
1.033352701
1.015604483
1.020617219
1.046757947
1.090052098
1.147189459
1.217670262
1.297766864
1.386153957
1.477676802
1.562968834
1.637642451
1.700000753
1.739445265
1.755320822
1.74611524
1.713458096
1.667793971
1.61533525
1.568130424
1.53241403
1.513986412
1.511429383
1.528220023
1.563971693
1.626762879
1.719337425
1.840840324
1.987164348
2.134913462
2.262971818
2.352965572
2.399102622
2.407819448
2.398449455
2.389575959
2.398110813
2.429929985
2.479564534
2.536794708
2.597802149
2.657755622
2.714412547
2.770036403
2.820754591
2.85986128
2.878806852
2.872574822
2.83048346
2.751153231
2.639447094
2.502920783
2.359129789
2.211433951
2.066490091
1.932798484
1.810927581
1.707321084
1.627146268
1.578196778
1.563852232
1.583542174
1.632903781
1.704325547
1.790329402
1.889682335
1.994340899
2.096725026
2.186913139
2.256599023
2.301117978
2.327172256
2.346885795
2.373507848
2.414085232
2.466851424
2.517530043
2.541864461
2.522786707
2.473605412
2.425579601
2.406571639
2.426743042
2.482830331
2.559867307
2.63540585
2.694542683
2.721537873
2.715088178
2.675819984
2.609152054
2.517811287
2.413502009
2.303129113
2.199079363
2.112771653
2.046622735
1.99412435
1.947307415
1.898639655
1.853275684
1.823766733
1.821119215
1.847093144
1.895253453
1.954362002
2.012334477
2.0663094
2.110763747
2.153398355
2.196233217
2.248798251
2.31737263
2.408516062
2.519405942
2.634515029
2.733709337
2.794015799
2.820369827
2.836331877
2.851218047
2.862817503
2.855510326
2.81515024
2.733904024
2.606378413
2.449645646
2.282721784
2.125784021
1.992543926
1.89065948
1.827512982
1.798232057
1.800886208
1.830116002
1.882425672
1.942450105
1.994824729
2.023584729
2.029239813
2.024174087
2.024249866
2.036356165
2.06318279
2.09931013
2.13812476
2.168958105
2.197883812
2.223685212
2.246345311
2.266002812
2.278038214
2.280197495
2.269344153
2.245388005
2.209035694
2.166176989
2.123354366
2.085390024
2.051182986
2.015296883
1.974112252
1.923998781
1.867028129
1.805533522
1.738767679
1.675554156
1.613825973
1.559292262
1.51668086
1.49444332
1.499582099
1.542411327
1.623879131
1.744907111
1.895726825
2.068342755
2.243100654
2.395752318
2.498151928
2.528625383
2.480649088
2.366585725
2.218040292
2.063010504
1.92752646
1.827011136
1.772978223
1.765880824
1.802391409
1.88021138
1.983787394
2.106468732
2.235092468
2.36171992
2.477135555
2.573556111
2.637259345
2.661087728
2.640666113
2.590120169
2.524817782
2.461229366
2.407513846
2.366957533
2.337116469
2.316785051
2.301291815
2.288155598
2.270987187
2.241587329
2.203602741
2.161575597
2.126926325
2.115552074
2.133340472
2.18526962
2.274936367
2.390337971
2.517592857
2.638779726
2.732409679
2.786404815
2.800219204
2.779267767
2.740369384
2.693165589
2.647035754
2.604860562
2.568958833
2.542088864
2.52535308
2.520764084
2.524948012
2.529916785
2.524375521
2.491224205
2.430185998
2.351189571
2.268616847
2.19915103
2.147718253
2.114781494
2.098898193
2.099555434
2.108418675
2.119214296
2.121993923
2.101962931
2.057654421
1.98539329
1.895391226
1.803522886
1.726797882
1.674688551
1.654886041
1.658389225
1.682839369
1.719112347
1.761535877
1.803191175
1.843506246
1.884850201
1.931161869
1.98083319
2.037632314
2.099328009
2.166760853
2.234984048
2.297846946
