1.629806401
1.621246487
1.612503836
1.60339235
1.594062306
1.585181865
1.578243005
1.575664697
1.580412017
1.594764235
1.618761122
1.649394102
1.681335728
1.708957962
1.728099737
1.736941141
1.735799786
1.726364163
1.711067329
1.692800918
1.674856116
1.66059142
1.652618536
1.651860266
1.657305526
1.666658552
1.677305469
1.687146772
1.695043051
1.700694802
1.704271163
1.706085928
1.706485374
1.705842553
1.704348108
1.701810213
1.697421693
1.689812703
1.677499858
1.659830087
1.637887454
1.614786252
1.59510457
1.583536772
1.583510048
1.596243623
1.620161209
1.650807752
1.681816721
1.706982946
1.722299937
1.726868988
1.722507818
1.712540413
1.700301512
1.687982893
1.676292999
1.664784422
1.652594533
1.639065469
1.624219541
1.608868229
1.594676519
1.583709911
1.577541283
1.576286074
1.578273171
1.580653598
1.580508257
1.575954579
1.566960324
1.555582416
1.545428303
1.540464161
1.54364779
1.556149357
1.577395294
1.605396854
1.637117581
1.669204385
1.69892658
1.724821994
1.746627264
1.764595905
1.778622375
1.787905763
1.791219081
1.787626636
1.777266313
1.761686159
1.743510726
1.725543523
1.7098853
1.697596002
1.688990407
1.684227691
1.683542868
1.686938737
1.693665177
1.701913511
1.709194472
1.713203335
1.71289917
1.709317962
1.705369232
1.704130709
1.706755361
1.711930038
1.717323888
1.721301675
1.723618596
1.72486662
1.725717781
1.726480289
1.727161957
1.727801537
1.728549037
1.729208258
1.728706199
1.725353193
1.717760592
1.705893222
1.691271955
1.676258864
1.663005513
1.653111137
1.647556989
1.646679401
1.650048276
1.65630731
1.663341723
1.668773303
1.670677001
1.668181487
1.661589254
1.6520808
1.64128479
1.630982718
1.62293893
1.618771354
1.619806901
1.626802788
1.63971618
1.657579231
1.67871129
1.701155156
1.722965563
1.74240523
1.75791333
1.7681643
1.772330332
1.770267234
1.762695694
1.751284562
1.738434842
1.726770905
1.718279059
1.713537155
1.711726457
1.71162151
1.712811935
1.715960355
1.721615671
1.728839731
1.735514853
1.740180187
1.743183059
1.746004933
1.749934917
1.755355328
1.761867043
1.768437293
1.773572648
1.775630909
1.773447182
1.766827063
1.756336669
1.742489885
1.725015521
1.703127059
1.676945945
1.648890556
1.62348609
1.604876138
1.59441936
1.591055507
1.593106327
1.599234645
1.608411016
1.619783671
1.633067132
1.648904917
1.668703481
1.693627063
1.723416143
1.755683264
1.786667233
1.812803225
1.831950538
1.843436932
1.847168096
1.843024498
1.831042712
1.812350277
1.789862653
1.767763617
1.750132236
1.73961685
1.736987514
1.741686318
1.752424242
1.767125091
1.78305852
1.797623572
1.809371569
1.818007703
1.823533213
1.825662745
1.824005103
1.818267666
1.808352869
1.794294307
1.776160482
1.754501051
1.731062414
1.70914689
1.692948854
1.68596006
1.689287234
1.701034995
1.716872944
1.731534138
1.740770141
1.742743233
1.738387375
1.730698585
1.723144127
1.71801353
1.715420076
1.713427928
1.709113666
1.70006654
1.685514583
1.666570649
1.645352089
1.623928221
1.603783186
1.586238706
1.572820894
1.565261551
1.564898363
1.572019083
1.585289175
1.60166668
1.617374664
1.629153184
1.634958278
1.633961767
1.626424976
1.614710663
1.605090642
1.605930136
1.620379685
1.642654121
1.664286265
1.681113665
1.693340511
1.702191153
1.707709185
1.708548826
1.703121856
1.691088557
1.674387551
1.657063335
1.643828829
1.638149619
1.641134819
1.651790138
1.667868879
1.686652973
1.705639264
1.722909673
1.737292907
1.748298118
1.755928338
1.760710371
1.763535487
1.765397333
1.766737445
1.767078074
1.765429928
1.761196511
1.75499078
1.748606524
1.743997873
1.742088587
1.742558578
1.744505144
1.747210133
1.750290437
1.753450156
1.756113051
1.757436774
1.756680229
1.753463161
1.747944921
1.740563169
1.731777388
1.721872567
1.711069991
1.699767784
1.689011175
1.680417016
1.675851866
1.67666195
1.683108719
1.694348173
1.708673954
1.723761229
1.736869963
1.745255221
1.746848592
1.740827556
1.727791042
1.709438992
1.688152461
1.666628099
1.647631314
1.633665511
1.626460763
1.626393277
1.632221589
1.641254675
1.650028619
1.655229318
1.654935464
1.649518265
1.641625874
1.634975109
1.632471561
1.635111007
1.642447672
1.653576159
1.66716659
1.681023593
1.692179985
1.698158879
1.699183693
1.699324238
1.70369938
1.713305095
1.723868833
1.730056023
1.729144704
1.721295242
1.7082987
1.692554048
1.676828391
1.663943223
1.656166533
1.654479318
1.658146396
1.664747021
1.670914485
1.673315113
1.669459836
1.658369511
1.640800446
1.619206999
1.597408179
1.579621329
1.569248074
1.567971082
1.575649078
1.590568799
1.609954501
1.630656805
1.649979793
1.666594372
1.680847143
1.694215369
1.707935438
1.721903467
1.734450808
1.743041918
1.745137546
1.738909856
1.723928685
1.701665378
1.675770909
1.651657621
1.635022191
1.629595217
1.635491417
1.64961026
1.66747282
1.685029438
1.699350763
1.708841642
1.713098296
1.712623661
1.708336989
1.701029133
1.691104258
1.678603771
1.6636441
1.64666608
1.628298123
1.609389069
1.591883038
1.579493544
1.576441522
1.584534525
1.601663852
1.622843091
1.642258624
1.654672139
1.655893557
1.643345175
1.61689784
1.580700723
1.544208257
1.519131071
1.511930763
1.520105871
1.53744119
1.559837076
1.585416564
1.612120675
1.636709595
1.655650002
1.666483381
1.668657225
1.663426457
1.653132058
1.640242383
1.626676156
1.613781679
1.602451674
1.593291398
1.586764561
1.583250247
1.582711619
1.583651037
1.582793172
1.576616362
1.563506916
1.545072932
1.525750421
1.511196936
1.506403056
1.514096824
1.534193064
1.564520597
1.601987586
1.643498967
1.686094608
1.726686701
1.76213866
1.789783172
1.807924905
1.816229984
1.815918475
1.809634764
1.800934922
1.79329901
1.789237213
1.789578118
1.793365582
1.798261957
1.801513683
1.800773579
1.794776108
1.783522641
1.767910929
1.749095455
1.727996881
1.705276573
1.681635402
1.658162495
1.636338092
1.617701359
1.603549807
1.59438421
1.589483838
1.586892088
1.584428244
1.58117201
1.578146238
1.577669014
1.582336278
1.593875927
1.612206892
1.634899201
1.657560596
1.675386833
1.685218032
1.687059018
1.684343841
1.682624929
1.686722671
1.69810014
1.714301863
1.730707771
1.742799714
1.747663452
1.744408374
1.734198145
1.71975937
1.704608902
1.691988882
1.683840267
1.680316526
1.680042726
1.681205678
1.682717009
1.684617205
1.687681554
1.692502579
1.698873026
1.70582684
1.712103883
1.716445832
1.717666653
1.714645335
1.706724709
1.694216474
1.678933062
1.664274091
1.654718283
1.654406812
1.665138576
1.685267354
1.710201186
1.73429017
1.752615012
1.762112158
1.762011726
1.753712498
1.740196947
1.725094932
1.711767623
1.702346737
1.697342311
1.695881182
1.696363946
1.697037533
1.696337628
1.693169953
1.687094733
1.678572682
1.668845866
1.659408326
1.651370253
1.644981491
1.639893098
1.636085645
1.634635749
1.637333645
1.644918009
1.655186876
1.663312437
1.664255233
1.65539502
1.637641717
1.614886254
1.592549551
1.575602238
1.566870051
1.566450397
1.572287247
1.581461607
1.591343375
1.600176882
1.607010867
1.611529443
1.613833439
1.614641925
1.615485898
1.618598525
1.626035756
1.638375201
1.653966235
1.669474803
1.681302419
1.686692565
1.684069661
1.672890081
1.653514762
1.627703419
1.599391425
1.574434663
1.557870392
1.550433112
1.548759814
1.549150823
1.550594545
1.554233202
1.561119731
1.570970886
1.582315647
1.593074991
1.600969882
1.603929555
1.600717259
1.591590176
1.578575882
1.56519047
1.555602933
1.553135725
1.558734783
1.570468975
1.584740998
1.598176859
1.608994172
1.617194788
1.623938422
1.630773064
1.638663528
1.647060124
1.653723221
1.655557248
1.650099654
1.636646201
1.616450601
1.592303018
1.567975167
1.54776759
1.535954258
1.53577105
1.54812705
1.570912743
1.599589016
1.628684035
1.653414472
1.670595786
1.678859831
1.678481511
1.67091179
1.658088606
1.641915911
1.623828282
1.604590531
1.584460434
1.563667086
1.54302085
1.524444771
1.510853376
1.50521314
1.509111407
1.521935338
1.541046969
1.56295788
1.584307948
1.602544879
1.616102317
1.624417902
1.627850025
1.627466511
1.624519198
1.620208035
1.61580871
1.613067091
1.61418897
1.620576198
1.631284351
1.642733876
1.650183618
1.650269576
1.64307599
1.632687485
1.624882556
1.622568147
1.623296875
1.62187897
1.615010655
1.603691678
1.592442655
1.58586096
1.585328293
1.589133556
1.595150221
1.602653264
1.612133628
1.624404016
1.639995018
1.658952496
1.680752882
1.704231107
1.727481354
1.747947924
1.762838933
1.769686132
1.766893906
1.754301274
1.733685397
1.709007012
1.68555484
1.66811137
1.658990806
1.657547594
1.661141897
1.666516166
1.670727529
1.671725043
1.668299621
1.65987351
1.646306384
1.628036369
1.606223691
1.5826105
1.559161602
1.537505816
1.518839743
1.50426909
1.495009922
1.491684097
1.493379162
1.497314844
1.499768917
1.497750754
1.490289675
1.478955343
1.467247805
1.459155132
1.457601177
1.463624213
1.476684132
1.495441334
1.518317851
1.543572305
1.569084538
1.592554864
1.61196237
1.626103729
1.634717812
1.638438601
1.638661695
1.63728593
1.636173639
1.636858475
1.640601237
1.648403437
1.660599023
1.67624957
1.693213117
1.70906092
1.722060402
1.731534572
1.737493401
1.74021039
1.739988753
1.737308735
1.732865467
1.727368576
1.721138406
1.713989536
1.705624917
1.696156737
1.686621971
1.679252172
1.6770689
1.682455126
1.695197437
1.711825601
1.727017662
1.736099637
1.736574328
1.728406596
1.713536263
1.695083892
1.676478226
1.660682825
1.64975367
1.644727233
1.64546546
1.650921136
1.659532298
1.66972624
1.680044293
1.689089749
1.695601801
1.698657398
1.698028166
1.694319165
1.688820923
1.682982474
1.677938514
1.67417806
1.671396315
1.668579249
1.664399109
1.657986463
1.649625832
1.64077749
1.633212489
1.627891308
1.624687113
1.623487624
1.62523713
1.631673919
1.643469378
1.658845207
1.674306536
1.686743456
1.694808501
1.698782042
1.69969018
1.69850656
1.695746694
1.691594911
1.686211312
1.68000143
1.673836127
1.669048182
1.667041555
1.668361038
1.671791825
1.674397737
1.67297821
1.666539921
1.658309184
1.655284732
1.663243126
1.680660705
1.699333994
1.711411979
1.714715094
1.712559037
1.710076189
1.709680148
1.709225777
1.704741583
1.693946559
1.677787238
1.659728715
1.644379834
1.63636451
1.639333269
1.654866145
1.681491724
1.714668199
1.747939018
1.774780713
1.790276285
1.79196825
1.780259459
1.758510204
1.732289413
1.707760757
1.689763544
1.680514789
1.679330061
1.683367763
1.689343506
1.695222024
1.70088691
1.707427051
1.716015598
1.727061574
1.740144066
1.754513985
1.769497203
1.784553575
1.799104731
1.812618187
1.824872921
1.836132838
1.846693582
1.856040956
1.862378219
1.863145716
1.856235539
1.840974954
1.818554799
1.791620663
1.763457335
1.737470821
1.716912111
1.704588703
1.702302826
1.710075363
1.725673189
1.7451424
1.764118798
1.77898725
1.787666722
1.789838892
1.786740123
1.780401791
1.77254953
1.763773367
1.753424954
1.740227655
1.723218481
1.702281126
1.678232429
1.652931203
1.629987526
1.615712723
1.617439641
1.637373803
1.668229096
1.697431718
1.7147933
1.716108288
1.703212351
1.683054288
1.66558462
1.659646907
1.668740704
1.690030384
1.717036137
1.743169415
1.763746603
1.776559038
1.78187465
1.782546612
1.783619571
1.790447511
1.805328566
1.825429279
1.844487473
1.856510353
1.858285567
1.849559665
1.832067097
1.808686001
1.782719882
1.757378596
1.735367612
1.718612226
1.708352053
1.705416967
1.710151895
1.722301239
1.740969155
1.764599595
1.791030265
1.817376835
1.839956052
1.854788333
1.858830879
1.851775398
1.837302272
1.821722732
1.809582014
1.800062859
1.788678858
1.771618257
1.748296468
1.720980221
1.69330227
1.668856964
1.650045091
1.63723127
1.628578061
1.620773154
1.610365669
1.595277877
1.575945162
1.555605222
1.538824947
1.528666706
1.524718497
1.524163658
1.524964633
1.528212682
1.53752967
1.556255648
1.584580623
1.61870322
1.652556128
1.680574455
1.699549755
1.708925093
1.710189643
1.706045868
1.699575667
1.693555196
1.690029249
1.689985669
1.693111303
1.697392802
1.699357504
1.695303289
1.682900164
1.662240016
1.635780699
1.607532363
1.581892761
1.562524696
1.55168673
1.550206919
1.557901155
1.573881419
1.596581294
1.623649008
1.651942363
1.678135666
1.69969556
1.715627069
1.726736058
1.735364276
1.744713173
1.757499086
1.774589258
1.794631687
1.814567016
1.830986071
1.841255336
1.843982114
1.839085144
1.827539201
1.81093898
1.791204086
1.77042364
1.750675616
1.733941976
1.721544048
1.713625236
1.708965926
1.705262133
1.699657126
1.689490182
1.672920383
1.649495284
1.620505636
1.588892259
1.558607249
1.533963204
1.51895443
1.516229946
1.525887933
1.545179807
1.569826809
1.595742967
1.619905119
1.640423221
1.656320911
1.66728897
1.673633269
1.676273231
1.676372926
1.674334068
1.669185298
1.658951147
1.641572737
1.615950001
1.583144065
1.54716803
1.514556427
1.492154374
1.484848521
1.494437698
1.519788569
1.55716883
1.600963255
1.644990921
1.68366642
1.712594214
1.728854552
1.731316023
1.721386216
1.703449287
1.684256073
1.670837058
1.668094554
1.677582541
1.69773059
1.724644573
1.753009967
1.777302293
1.793151685
1.798071521
1.791531213
1.774736351
1.750348961
1.722052504
1.693975177
1.670014231
1.653320721
1.645638811
1.646462313
1.652756904
1.660069473
1.664509743
1.664341389
1.660400061
1.655424666
1.652461727
1.653407427
1.658510269
1.666958558
1.677686448
1.689793179
1.702407134
1.714426485
1.72448237
1.731130082
1.733215588
1.730308407
1.722937648
1.712819032
1.70254154
1.694637728
1.690582244
1.690147166
1.691550561
1.692309187
1.69022759
1.684232777
1.674733029
1.663462708
1.652874873
1.645298135
1.642202314
1.643922421
1.649921469
1.659372042
1.671432611
1.685028882
1.698630345
1.710187289
1.717455943
1.718664093
1.71322347
1.702089647
1.687636556
1.67306848
1.661630908
1.655922398
1.657333015
1.665720782
1.679443158
1.69570034
1.711201396
1.722761945
1.727830978
1.724817644
1.713063057
1.692971048
1.666288587
1.636494345
1.609020702
1.59033368
1.585952076
1.598090938
1.624602131
1.659740575
1.696233422
1.727456483
1.748798521
1.758150962
1.755654018
1.743163203
1.723680026
1.700816057
1.678293606
1.659658209
1.647822881
1.644258719
1.648245409
1.656804638
1.665801756
1.671753376
1.673203315
1.671034228
1.667723987
1.666176341
1.668724266
1.676626658
1.689720903
1.706440686
1.724116932
1.73977573
1.75127134
1.757979581
1.760914595
1.762028948
1.763190247
1.765601151
1.769795941
1.775767068
1.78282458
1.78949711
1.793727486
1.793571936
1.787807122
1.776304401
1.760157711
1.741416087
1.722527548
1.705531846
1.691662499
1.681404444
1.674901653
1.672140388
1.672683639
1.675200976
1.677562507
1.677567813
1.673966911
1.666942885
1.657821592
1.648311259
1.639815216
1.633235316
1.629053704
1.627584463
1.629154386
1.634185208
1.643127436
1.656195153
1.673202644
1.693310835
1.714919419
1.735395264
1.751033341
1.757758481
1.752502488
1.734614326
1.706416154
1.67255342
1.638371111
1.608404238
1.585646687
1.5715902
1.566347787
1.568626153
1.57626412
1.587219399
1.60025866
1.614716214
1.629795042
1.644254367
1.656608722
1.665592198
1.670492107
1.671143064
1.667774686
1.661127456
1.652927492
1.646232288
1.644850327
1.651393897
1.665184592
1.682083909
1.696739887
1.705266585
1.706711427
1.702798869
1.696679345
1.691386012
1.688855882
1.689715663
1.693589375
1.699547146
1.706572717
1.713946171
1.721665553
1.730487488
1.74149071
1.755204428
1.770796553
1.785669724
1.795676139
1.796131657
1.783260753
1.755875906
1.717005377
1.674288009
1.637274991
1.612011009
1.597730124
1.589234766
1.581775665
1.573576832
1.565558785
1.560136274
1.560392092
1.569357891
1.588282932
1.614436296
1.641233409
1.661522904
1.671354696
1.67154804
1.666734311
1.662869971
1.664594455
1.673709187
1.689249801
1.708261713
1.726572699
1.739682276
1.744073058
1.738472983
1.724371254
1.705587459
1.686816032
1.671857223
1.662396392
1.657996904
1.657167801
1.65848056
1.661041522
1.664418244
1.668468839
1.673318996
1.679234446
1.686461342
1.695152192
1.705260256
1.71659823
1.728817837
1.74140924
1.753629839
1.7645383
1.773137531
1.778850112
1.782019766
1.783864657
1.785990893
1.789382675
1.793779539
1.797673095
1.79878638
1.794849632
1.784346522
1.767178926
1.744910078
1.720376908
1.696825763
1.676639707
1.660686493
1.648316673
1.637916284
1.627822464
1.617378415
1.607734945
1.601519771
1.601530236
1.609301483
1.624556261
1.645280218
1.667802552
1.687506736
1.7003116
1.704052529
1.698708218
1.685660672
1.666905111
1.644573724
1.620915028
1.598339158
1.579448128
1.566963774
1.56329383
1.569948371
1.586694368
1.611036976
1.638894292
1.666178977
1.690190098
1.709948477
1.725625897
1.737665059
1.74611611
1.750628133
1.75048568
1.744937889
1.733389161
1.715495789
1.69147379
1.662453597
1.63056635
1.598849764
1.570815008
1.549903573
1.539070899
1.540323022
1.554242587
1.579416274
1.612442009
1.648514052
1.682483941
1.709969628
1.72799394
1.735249129
1.73201626
1.71986149
1.701119567
1.678152551
1.652811436
1.626230395
1.59896466
1.571362416
1.543732764
1.516409548
1.490044147
1.465749071
1.445186745
1.430518008
1.424110869
1.427977966
1.443138879
1.46883822
1.502249816
1.539049059
1.574707631
1.605562293
1.629085117
1.643847866
1.649747353
1.648082643
1.641132039
1.631335824
1.620706906
1.610931996
1.60366983
1.600588326
1.603067969
1.611747577
1.626074288
1.644296003
1.663661351
1.680988046
1.693322685
1.69877805
1.696945281
1.688698189
1.675777496
1.660335955
1.64463361
1.630754098
1.619988923
1.612352828
1.606815749
1.602492941
1.600417171
1.60411669
1.617318382
1.640228562
1.668845454
1.697966184
1.723825699
1.744463761
1.759105078
1.767621719
1.770192954
1.766906
1.757494022
1.741920763
1.721870785
1.701619402
1.686578325
1.680291084
1.682631841
1.690822547
1.701526632
1.711915883
1.719678519
1.722690603
1.718969448
1.707096803
1.686997867
1.660755809
1.632743767
1.60854119
1.592674527
1.586372151
1.587157823
1.590388379
1.591494797
1.587577169
1.578103834
1.564719746
1.550684063
1.540223026
1.537505424
1.545442145
1.564489081
1.592143878
1.623735574
1.653947649
1.678208613
1.693527359
1.698868864
1.695171387
1.68528634
1.673352273
1.663695518
1.660016547
1.665230724
1.681563555
1.709411534
1.745617718
1.783752355
1.816888356
1.840365276
1.85247408
1.853702513
1.845846691
1.831413739
1.813264011
1.794123779
1.775869772
1.759043701
1.743117611
1.727272008
1.711177985
1.695570893
1.682105481
1.67260277
1.667816807
1.666631271
1.666342285
1.663743104
1.656566921
1.644630556
1.63024669
1.617389715
1.609599425
1.608099729
1.612001165
1.619899209
1.631133541
1.645780827
1.663858887
1.684516549
1.705965216
1.725901936
1.741807609
1.751236517
1.752280701
1.744837249
1.732258047
1.720916035
1.716115513
1.718270517
1.724330303
1.731615932
1.739038046
1.746020738
1.751489542
1.753948412
1.751876567
1.744037362
1.729584895
1.708319623
1.681007872
1.649785717
1.618459818
1.592249085
1.576700912
1.575863132
1.590619103
1.61830418
1.653727348
1.690523937
1.722232036
1.74344846
1.751008364
1.744448492
1.726104222
1.701243109
1.67775004
1.664015386
1.664783483
1.678240094
1.697811807
1.716601428
1.730209466
1.737090543
1.737957023
1.734977337
1.730888958
1.728187007
1.728422932
1.732099227
1.739184439
1.749728176
1.763993782
1.781889871
1.802437784
1.823705477
1.84329194
1.858951748
1.869009173
1.87243194
1.868759972
1.85809274
1.84119908
1.819757788
1.796356547
1.774118662
1.755975261
1.743785129
1.737732577
1.736812934
1.739565511
1.744541433
1.750204658
1.754866371
1.756719568
1.754135736
1.74603597
1.732210818
1.713613236
1.692098075
1.669756655
1.648054587
1.627539915
1.608421483
1.591865849
1.58067341
1.578167336
1.585895825
1.601927837
1.621705131
1.640286878
1.654235169
1.66228886
1.665095738
1.664484773
1.66267823
1.661739678
1.663282305
1.668381113
1.677552697
1.690640369
1.706574394
1.723167673
1.737013996
1.743889
1.739702646
1.721623096
1.689270207
1.645821147
1.598696585
1.558682949
1.536190597
1.536410668
1.557254968
1.592039679
1.633224711
1.674463074
1.710866397
1.739083046
1.757148704
1.76432871
1.76110664
1.749296068
1.732115608
1.714233804
1.701064781
1.697046308
1.703590152
1.718547358
1.737683746
1.75675957
1.772863397
1.784727363
1.792419292
1.796767955
1.798753681
1.799017601
1.79775587
1.794892535
1.790359744
1.784112708
1.775980776
1.765439329
1.751838497
1.734924095
1.715368574
1.694979345
1.676450098
1.662178852
1.652862791
1.647181144
1.642743922
1.637572666
1.630716392
1.622049716
1.611782224
1.600013467
1.586542713
1.570897791
1.552625022
1.532029238
1.511956756
1.499225034
1.502240736
1.524151898
1.559399909
1.598747469
1.635545391
1.667214239
1.693802467
1.716162068
1.734751007
1.749087132
1.757846585
1.759575669
1.753667731
1.740997246
1.724017726
1.706117043
1.690571373
1.679422576
1.67281425
1.669257567
1.666446526
1.662295956
1.655566494
1.646363114
1.636402993
1.629105922
1.629274777
1.641592339
1.667939155
1.705632033
1.748752816
1.791314098
1.829267441
1.860671877
1.884922512
1.902039745
1.912356671
1.916420497
1.915048708
1.909224423
1.899834448
1.887412278
1.872141778
1.854151764
1.834047715
1.813185739
1.793284309
1.775831784
1.762051774
1.753135026
1.750145598
1.753557879
1.762633507
1.775495337
1.789551498
1.802220378
1.811670215
1.817099855
1.818399114
1.815517358
1.807927058
1.794434989
1.773653061
1.745161884
1.710927981
1.675809176
1.646162369
1.627205764
1.620909289
1.625426042
1.635836736
1.646221125
1.65213604
1.651914812
1.646326369
1.637351834
1.626920639
1.616122384
1.605070714
1.593493265
1.581575006
1.570515877
1.562539504
1.560413522
1.566521799
1.581843013
1.605319722
1.634346167
1.665972065
1.697967331
1.729033835
1.758397361
1.785291438
1.808566093
1.826604916
1.837698571
1.840612988
1.835246742
1.822796291
1.805183454
1.784155281
1.760850361
1.736210144
1.711942729
1.690738999
1.675223753
1.666324355
1.662568594
1.660821638
1.657644448
1.650543985
1.639445244
1.62811707
1.623603185
1.631059393
1.647831697
1.664932732
1.674043535
1.671699152
1.659059218
1.640168426
1.620293695
1.604388985
1.595769503
1.595624453
1.603515618
1.618306698
1.638648769
1.662768024
1.688049011
1.711282029
1.729799061
1.742902775
1.752346215
1.761207832
1.771235679
1.781198232
1.787796756
1.788155194
1.781617147
1.769682589
1.755040493
1.740432267
1.727827473
1.717965758
1.710173001
1.702635356
1.692987115
1.678950334
1.658914874
1.632957652
1.604477416
1.580245026
1.565876782
1.56044846
1.558198898
1.554936781
1.550925007
1.549597421
1.555367051
1.571597119
1.598821816
1.63417241
1.672489409
1.708512503
1.738373526
1.760038664
1.773003799
1.777607192
1.774564518
1.764850944
1.750231191
1.734000069
1.720728798
1.714260433
1.715167637
1.720318407
1.725153391
1.726604145
1.724215104
1.719422916
1.714161378
1.709695233
1.706250949
1.703417149
1.700765402
1.698345689
1.696725
1.696865812
1.699673047
1.70555711
1.714048984
1.723885719
1.733473928
1.741646681
1.748385967
1.754868279
1.762625805
1.772617941
1.784731892
1.798197836
1.812319991
1.826697406
1.840925554
1.854228985
1.865147487
1.871576571
1.871167417
1.861929066
1.842720003
1.813538652
1.775635418
1.731641179
1.685944377
1.644877081
1.61588618
1.60520392
1.614909257
1.641729493
1.678457378
1.716895382
1.750226921
1.773983302
1.785949003
1.785703652
1.774131043
1.752974374
1.724677611
1.692132809
1.658148464
1.624902704
1.594109321
1.56807046
1.549923041
1.542398058
1.545881581
1.557759281
1.573518307
1.588960376
1.601704454
1.611300953
1.618310133
1.62335608
1.626932258
1.630028673
1.634436326
1.641978554
1.653014992
1.665714424
1.676755728
1.682758883
1.681198632
1.670635548
1.650890981
1.623423223
1.591809485
1.561429422
1.537860689
1.524523544
1.521607343
1.526812523
1.536796583
1.548424762
1.559556086
1.569206045
1.577054969
1.582845241
1.586053991
1.586220054
1.583726684
1.580698899
1.581001894
1.588438136
1.603984498
1.624913808
1.646745836
1.665801386
1.680219244
1.689653567
1.694447679
1.695273464
1.6932363
1.690164592
1.688746372
1.692133059
1.702730582
1.720845045
1.744091598
1.76827474
1.788942737
1.802836207
1.808654945
1.807156495
1.800398308
1.790768091
1.780090768
1.769377041
1.758955698
1.748580499
1.7375537
1.725163432
1.71108543
1.695398364
1.678408557
1.660881955
1.644572094
