1.086537601
1.080830991
1.075002557
1.068928233
1.062708204
1.05678791
1.052162003
1.050443131
1.053608011
1.063176157
1.079174082
1.099596068
1.120890486
1.139305308
1.152066491
1.157960761
1.157199857
1.150909442
1.140711553
1.128533945
1.116570744
1.107060947
1.101745691
1.101240177
1.104870351
1.111105701
1.118203646
1.124764515
1.1300287
1.133796534
1.136180775
1.137390619
1.137656916
1.137228369
1.136232072
1.134540142
1.131614462
1.126541802
1.118333239
1.106553392
1.091924969
1.076524168
1.063403047
1.055691181
1.055673365
1.064162415
1.080107473
1.100538501
1.121211147
1.13798863
1.148199958
1.151245992
1.148338545
1.141693608
1.133534341
1.125321929
1.117528666
1.109856281
1.101729689
1.092710312
1.082813027
1.072578819
1.06311768
1.055806607
1.051694189
1.050857383
1.052182114
1.053769065
1.053672172
1.050636386
1.044640216
1.037054944
1.030285535
1.026976108
1.029098527
1.037432905
1.051596863
1.070264569
1.091411721
1.112802923
1.13261772
1.149881329
1.164418176
1.17639727
1.18574825
1.191937175
1.194146054
1.191751091
1.184844208
1.17445744
1.162340484
1.150362349
1.139923534
1.131730668
1.125993605
1.122818461
1.122361912
1.124625825
1.129110118
1.134609007
1.139462981
1.142135557
1.14193278
1.139545308
1.136912821
1.136087139
1.137836907
1.141286692
1.144882592
1.14753445
1.149079064
1.14991108
1.150478521
1.150986859
1.151441305
1.151867691
1.152366025
1.152805506
1.152470799
1.150235462
1.145173728
1.137262148
1.127514636
1.117505909
1.108670342
1.102074091
1.098371326
1.097786267
1.100032184
1.104204874
1.108894482
1.112515535
1.113784667
1.112120992
1.10772617
1.1013872
1.09418986
1.087321812
1.081959286
1.079180903
1.079871267
1.084535192
1.09314412
1.105052821
1.11914086
1.134103438
1.148643709
1.161603486
1.17194222
1.1787762
1.181553555
1.180178156
1.175130462
1.167523041
1.158956561
1.151180603
1.145519373
1.142358104
1.141150971
1.141081007
1.141874624
1.14397357
1.147743781
1.152559821
1.157009902
1.160120125
1.16212204
1.164003289
1.166623278
1.170236885
1.174578029
1.178958195
1.182381765
1.183753939
1.182298121
1.177884709
1.170891112
1.161659923
1.150010348
1.13541804
1.117963963
1.099260371
1.08232406
1.069917425
1.06294624
1.060703672
1.062070885
1.06615643
1.072274011
1.07985578
1.088711421
1.099269945
1.112468987
1.129084709
1.148944095
1.170455509
1.191111488
1.208535483
1.221300358
1.228957954
1.231445398
1.228682999
1.220695141
1.208233518
1.193241769
1.178509078
1.166754824
1.159744567
1.157991676
1.161124212
1.168282828
1.178083394
1.18870568
1.198415715
1.206247713
1.212005135
1.215688808
1.217108497
1.216003402
1.212178444
1.205568579
1.196196205
1.184106988
1.169667368
1.154041609
1.13943126
1.128632569
1.123973373
1.126191489
1.13402333
1.144581963
1.154356092
1.160513428
1.161828822
1.158924916
1.153799057
1.148762751
1.145342354
1.143613384
1.142285285
1.139409111
1.133377694
1.123676389
1.111047099
1.096901393
1.082618814
1.06918879
1.057492471
1.048547263
1.0435077
1.043265575
1.048012722
1.05685945
1.067777786
1.078249776
1.086102123
1.089972185
1.089307845
1.084283317
1.076473775
1.070060428
1.070620091
1.080253123
1.095102748
1.109524177
1.120742443
1.128893674
1.134794102
1.13847279
1.139032551
1.135414571
1.127392372
1.116258367
1.10470889
1.095885886
1.092099746
1.09408988
1.101193425
1.111912586
1.124435315
1.137092842
1.148606449
1.158195271
1.165532079
1.170618892
1.173806914
1.175690325
1.176931555
1.177824964
1.178052049
1.176953285
1.174131007
1.169993853
1.165737682
1.162665249
1.161392392
1.161705719
1.163003429
1.164806755
1.166860291
1.168966771
1.170742034
1.171624516
1.171120153
1.168975441
1.165296614
1.160375446
1.154518259
1.147915045
1.140713328
1.133178523
1.12600745
1.12027801
1.117234577
1.117774633
1.122072479
1.129565449
1.139115969
1.149174153
1.157913308
1.163503481
1.164565728
1.160551704
1.151860695
1.139625995
1.125434974
1.111085399
1.098420876
1.089110341
1.084307175
1.084262184
1.088147726
1.094169783
1.10001908
1.103486212
1.103290309
1.099678843
1.094417249
1.089983406
1.088314374
1.090074005
1.094965115
1.102384106
1.111444393
1.120682395
1.12811999
1.132105919
1.132789129
1.132882826
1.135799586
1.142203397
1.149245888
1.153370682
1.152763136
1.147530161
1.1388658
1.128369365
1.117885594
1.109295482
1.104111022
1.102986212
1.105430931
1.109831348
1.11394299
1.115543409
1.112973224
1.105579674
1.093866964
1.079471332
1.064938786
1.053080886
1.046165383
1.045314055
1.050432719
1.060379199
1.073303001
1.087104537
1.099986528
1.111062915
1.120564762
1.129476913
1.138623625
1.147935645
1.156300539
1.162027946
1.163425031
1.159273237
1.14928579
1.134443586
1.117180606
1.101105081
1.090014794
1.086396811
1.090327611
1.099740174
1.111648546
1.123352959
1.132900508
1.139227761
1.14206553
1.141749107
1.138891326
1.134019422
1.127402839
1.119069181
1.109096067
1.097777387
1.085532082
1.072926046
1.061255359
1.052995696
1.050961015
1.05635635
1.067775901
1.081895394
1.094839082
1.10311476
1.103929038
1.09556345
1.077931893
1.053800482
1.029472171
1.012754047
1.007953842
1.013403914
1.024960793
1.039891384
1.056944376
1.074747117
1.09113973
1.103766668
1.110988921
1.11243815
1.108950971
1.102088038
1.093494922
1.084450771
1.075854453
1.068301116
1.062194265
1.05784304
1.055500165
1.05514108
1.055767358
1.055195448
1.051077575
1.042337944
1.030048621
1.017166948
1.007464624
1.004268704
1.009397882
1.022795376
1.043013732
1.067991724
1.095665978
1.124063072
1.151124468
1.174759107
1.193188781
1.20528327
1.210819989
1.210612317
1.206423176
1.200623281
1.195532674
1.192824809
1.193052079
1.195577055
1.198841305
1.201009122
1.200515719
1.196517405
1.189015094
1.178607286
1.166063637
1.151997921
1.136851048
1.121090268
1.105441663
1.090892061
1.078467573
1.069033205
1.062922807
1.059655892
1.057928059
1.056285496
1.054114673
1.052097492
1.051779343
1.054890852
1.062583951
1.074804595
1.0899328
1.105040397
1.116924555
1.123478688
1.124706012
1.122895894
1.121749952
1.12448178
1.13206676
1.142867908
1.153805181
1.161866476
1.165108968
1.162938916
1.156132097
1.146506247
1.136405934
1.127992588
1.122560178
1.120211018
1.120028484
1.120803785
1.121811339
1.123078137
1.125121036
1.128335053
1.132582018
1.137217893
1.141402589
1.144297221
1.145111102
1.14309689
1.137816473
1.129477649
1.119288708
1.109516061
1.103145522
1.102937875
1.110092384
1.123511569
1.140134124
1.156193447
1.168410008
1.174741439
1.174674484
1.169141665
1.160131298
1.150063288
1.141178416
1.134897825
1.131561541
1.130587454
1.130909297
1.131358356
1.130891752
1.128779969
1.124729822
1.119048455
1.11256391
1.106272217
1.100913502
1.096654328
1.093262065
1.090723763
1.089757166
1.091555763
1.096612006
1.103457918
1.108874958
1.109503489
1.10359668
1.091761145
1.076590836
1.061699701
1.050401492
1.044580034
1.044300265
1.048191498
1.054307738
1.060895584
1.066784588
1.071340578
1.074352962
1.075888959
1.07642795
1.076990599
1.079065684
1.084023837
1.092250134
1.102644157
1.112983202
1.120868279
1.12446171
1.122713108
1.115260054
1.102343175
1.085135613
1.06626095
1.049623109
1.038580261
1.033622075
1.032506542
1.032767215
1.033729697
1.036155468
1.040746487
1.047313924
1.054877098
1.062049994
1.067313255
1.06928637
1.067144839
1.061060117
1.052383921
1.043460313
1.037068622
1.035423816
1.039156522
1.046979317
1.056493999
1.065451239
1.072662781
1.078129859
1.082625614
1.087182043
1.092442352
1.098040083
1.102482148
1.103704832
1.100066436
1.091097467
1.077633734
1.061535346
1.045316778
1.03184506
1.023969506
1.023847366
1.0320847
1.047275162
1.066392677
1.085789357
1.102276314
1.113730524
1.119239887
1.118987674
1.113941193
1.105392404
1.094610607
1.082552188
1.069727021
1.056306956
1.042444724
1.028680567
1.016296514
1.007235584
1.003475427
1.006074271
1.014623559
1.027364646
1.04197192
1.056205299
1.068363253
1.077401545
1.082945268
1.08523335
1.084977674
1.083012799
1.08013869
1.077205807
1.075378061
1.07612598
1.080384132
1.087522901
1.095155917
1.100122412
1.100179718
1.095383993
1.088458323
1.083255037
1.081712098
1.082197917
1.081252647
1.07667377
1.069127785
1.061628437
1.05724064
1.056885529
1.059422371
1.063433481
1.06843551
1.074755752
1.082936011
1.093330012
1.10596833
1.120501922
1.136154071
1.151654236
1.165298616
1.175225955
1.179790754
1.177929271
1.169534183
1.155790265
1.139338008
1.123703227
1.112074247
1.10599387
1.105031729
1.107427931
1.111010777
1.113818353
1.114483362
1.112199747
1.10658234
1.097537589
1.085357579
1.070815794
1.055073667
1.039441068
1.025003877
1.012559828
1.00284606
0.9966732812
0.9944560648
0.9955861077
0.9982098963
0.9998459447
0.9985005027
0.9935264501
0.9859702287
0.9781652037
0.9727700878
0.9717341179
0.9757494752
0.9844560882
0.996960889
1.0122119
1.029048203
1.046056359
1.061703243
1.07464158
1.084069153
1.089811875
1.092292401
1.09244113
1.091523953
1.090782426
1.091238984
1.093734158
1.098935625
1.107066015
1.117499713
1.128808745
1.139373947
1.148040268
1.154356382
1.158328934
1.16014026
1.159992502
1.158205823
1.155243644
1.15157905
1.147425604
1.142659691
1.137083278
1.130771158
1.124414647
1.119501448
1.118045933
1.121636751
1.130131624
1.141217067
1.151345108
1.157399758
1.157716219
1.152271064
1.142357509
1.130055928
1.117652151
1.107121883
1.09983578
1.096484822
1.096976973
1.10061409
1.106354865
1.113150826
1.120029529
1.126059833
1.1304012
1.132438265
1.132018777
1.12954611
1.125880615
1.121988316
1.118625676
1.116118706
1.11426421
1.112386166
1.109599406
1.105324309
1.099750555
1.09385166
1.088808326
1.085260872
1.083124742
1.082325083
1.08349142
1.087782613
1.095646252
1.105896805
1.116204357
1.124495638
1.129872334
1.132521361
1.133126787
1.132337707
1.130497796
1.127729941
1.124140874
1.120000953
1.115890751
1.112698788
1.111361037
1.112240692
1.114527883
1.116265158
1.115318807
1.111026614
1.105539456
1.103523154
1.10882875
1.12044047
1.13288933
1.140941319
1.143143396
1.141706024
1.140050792
1.139786766
1.139483852
1.136494389
1.129297706
1.118524825
1.10648581
1.096253223
1.090909673
1.092888846
1.103244097
1.120994483
1.143112133
1.165292679
1.183187142
1.193517523
1.1946455
1.186839639
1.172340136
1.154859609
1.138507172
1.126509029
1.120343193
1.119553374
1.122245175
1.126229004
1.130148016
1.133924607
1.138284701
1.144010399
1.151374383
1.160096044
1.16967599
1.179664802
1.189702384
1.199403154
1.208412124
1.216581947
1.224088558
1.231129055
1.237360638
1.241585479
1.242097144
1.237490359
1.227316636
1.212369866
1.194413775
1.175638223
1.158313881
1.144608074
1.136392469
1.134868551
1.140050242
1.150448793
1.163428267
1.176079199
1.1859915
1.191777815
1.193225928
1.191160082
1.186934527
1.181699687
1.175848911
1.16894997
1.16015177
1.14881232
1.134854084
1.118821619
1.101954135
1.086658351
1.077141815
1.078293094
1.091582536
1.112152731
1.131621145
1.143195533
1.144072192
1.135474901
1.122036192
1.110389746
1.106431272
1.112493803
1.126686923
1.144690758
1.162112944
1.175831069
1.184372692
1.187916433
1.188364408
1.189079714
1.193631674
1.203552378
1.216952852
1.229658315
1.237673569
1.238857045
1.233039776
1.221378065
1.205790667
1.188479921
1.171585731
1.156911741
1.145741484
1.138901369
1.136944645
1.140101264
1.148200826
1.160646103
1.17639973
1.194020177
1.211584557
1.226637368
1.236525555
1.239220586
1.234516932
1.224868181
1.214481821
1.206388009
1.200041906
1.192452572
1.181078838
1.165530979
1.147320147
1.12886818
1.11257131
1.100030061
1.091487513
1.085718707
1.080515436
1.073577113
1.063518585
1.050630108
1.037070148
1.025883298
1.019111137
1.016478998
1.016109106
1.016643088
1.018808454
1.02501978
1.037503765
1.056387082
1.07913548
1.101704085
1.12038297
1.13303317
1.139283395
1.140126428
1.137363912
1.133050445
1.129036797
1.126686166
1.126657113
1.128740869
1.131595201
1.132905003
1.130202193
1.121933443
1.108160011
1.090520466
1.071688242
1.054595174
1.04168313
1.03445782
1.033471279
1.03860077
1.04925428
1.06438753
1.082432672
1.101294909
1.118757111
1.133130374
1.143751379
1.151157372
1.156909517
1.163142115
1.171666057
1.183059505
1.196421125
1.209711344
1.220657381
1.227503557
1.229321409
1.226056763
1.218359467
1.207292654
1.194136058
1.180282426
1.167117077
1.155961317
1.147696032
1.142416824
1.139310617
1.136841422
1.13310475
1.126326788
1.115280255
1.099663523
1.080337091
1.059261506
1.039071499
1.022642136
1.012636287
1.010819964
1.017258622
1.030119871
1.046551206
1.063828645
1.079936746
1.093615481
1.104213941
1.11152598
1.115755513
1.117515487
1.117581951
1.116222712
1.112790199
1.105967432
1.094381825
1.077300001
1.055429377
1.031445354
1.009704285
0.9947695826
0.9898990143
0.9962917986
1.013192379
1.038112554
1.067308837
1.096660614
1.12244428
1.141729476
1.152569701
1.154210682
1.147590811
1.135632858
1.122837382
1.113891372
1.112063036
1.118388361
1.131820393
1.149763049
1.168673311
1.184868195
1.195434457
1.198714347
1.194354142
1.183157567
1.166899307
1.148035003
1.129316785
1.11334282
1.102213814
1.097092541
1.097641542
1.101837936
1.106712982
1.109673162
1.109560926
1.106933374
1.103616444
1.101641152
1.102271618
1.105673513
1.111305705
1.118457632
1.126528786
1.134938089
1.14295099
1.149654913
1.154086721
1.155477058
1.153538938
1.148625099
1.141879354
1.135027693
1.129758485
1.127054829
1.126764777
1.127700374
1.128206125
1.126818393
1.122821851
1.116488686
1.108975138
1.101916582
1.096865423
1.094801543
1.095948281
1.099947646
1.106248028
1.114288407
1.123352588
1.13242023
1.14012486
1.144970629
1.145776062
1.14214898
1.134726431
1.125091038
1.115378987
1.107753938
1.103948265
1.104888677
1.110480522
1.119628772
1.130466893
1.140800931
1.148507963
1.151887318
1.149878429
1.142042038
1.128647366
1.110859058
1.09099623
1.072680468
1.060222453
1.057301384
1.065393959
1.083068087
1.106493716
1.130822281
1.151637655
1.165865681
1.172100641
1.170436012
1.162108802
1.149120017
1.133877371
1.118862404
1.106438806
1.098548587
1.09617248
1.098830273
1.104536425
1.110534504
1.11450225
1.115468877
1.114022818
1.111815991
1.110784227
1.112482844
1.117751106
1.126480602
1.137627124
1.149411288
1.159850487
1.167514227
1.171986387
1.173943064
1.174685965
1.175460165
1.177067434
1.17986396
1.183844712
1.18854972
1.192998074
1.195818324
1.195714624
1.191871415
1.184202934
1.173438474
1.160944058
1.148351698
1.137021231
1.127774999
1.120936296
1.116601102
1.114760258
1.115122426
1.116800651
1.118375005
1.118378542
1.115977941
1.111295257
1.105214395
1.098874173
1.093210144
1.088823544
1.086035803
1.085056309
1.086102924
1.089456805
1.095418291
1.104130102
1.115468429
1.12887389
1.143279613
1.156930176
1.167355561
1.171838987
1.168334992
1.156409551
1.137610769
1.115035613
1.092247407
1.072269492
1.057097791
1.0477268
1.044231858
1.045750769
1.050842747
1.058146266
1.066839107
1.076477476
1.086530028
1.096169578
1.104405815
1.110394799
1.113661405
1.114095376
1.111849791
1.107418304
1.101951662
1.097488192
1.096566885
1.100929265
1.110123061
1.121389273
1.131159924
1.13684439
1.137807618
1.135199246
1.131119564
1.127590674
1.125903921
1.126477109
1.129059583
1.133031431
1.137715145
1.142630781
1.147777035
1.153658325
1.160993807
1.170136285
1.180531036
1.190446483
1.197117426
1.197421105
1.188840502
1.170583938
1.144670251
1.116192006
1.091516661
1.074674006
1.065153416
1.059489844
1.05451711
1.049051221
1.043705857
1.040090849
1.040261395
1.046238594
1.058855288
1.076290864
1.094155606
1.107681936
1.114236464
1.11436536
1.111156208
1.108579981
1.109729637
1.115806125
1.126166534
1.138841142
1.151048466
1.159788184
1.162715372
1.158981989
1.149580836
1.137058306
1.124544022
1.114571482
1.108264261
1.105331269
1.104778534
1.105653707
1.107361015
1.109612162
1.112312559
1.115545997
1.11948963
1.124307561
1.130101461
1.136840171
1.14439882
1.152545224
1.160939494
1.169086559
1.176358867
1.182091688
1.185900075
1.188013177
1.189243105
1.190660595
1.192921783
1.195853026
1.19844873
1.19919092
1.196566422
1.189564348
1.178119284
1.163273386
1.146917939
1.131217175
1.117759804
1.107124329
1.098877782
1.09194419
1.085214976
1.078252277
1.071823296
1.067679848
1.067686824
1.072867656
1.083037508
1.096853479
1.111868368
1.125004491
1.133541067
1.136035019
1.132472145
1.123773781
1.111270074
1.096382483
1.080610019
1.065559439
1.052965419
1.044642516
1.042195886
1.046632248
1.057796245
1.07402465
1.092596194
1.110785985
1.126793399
1.139965651
1.150417265
1.158443373
1.164077407
1.167085422
1.166990453
1.163291926
1.155592774
1.143663859
1.127649193
1.108302398
1.087044233
1.065899843
1.047210005
1.033269048
1.026047266
1.026882015
1.036161724
1.052944183
1.07496134
1.099009368
1.121655961
1.139979752
1.15199596
1.156832753
1.154677507
1.146574326
1.134079711
1.118768368
1.101874291
1.084153597
1.06597644
1.047574944
1.029155176
1.010939699
0.9933627647
0.9771660475
0.9634578302
0.9536786723
0.9494072463
0.9519853109
0.9620925861
0.9792254801
1.001499877
1.026032706
1.049805088
1.070374862
1.086056745
1.095898578
1.099831569
1.098721762
1.094088026
1.087557216
1.080471271
1.073954664
1.06911322
1.067058884
1.068711979
1.074498385
1.084049525
1.096197335
1.109107567
1.120658697
1.12888179
1.1325187
1.131296854
1.125798792
1.117184997
1.106890637
1.096422407
1.087169398
1.079992616
1.074901885
1.0712105
1.068328628
1.066944781
1.069411127
1.078212254
1.093485708
1.112563636
1.131977456
1.149217133
1.16297584
1.172736719
1.178414479
1.180128636
1.177937333
1.171662681
1.161280508
1.147913857
1.134412935
1.12438555
1.120194056
1.121754561
1.127215031
1.134351088
1.141277256
1.146452346
1.148460402
1.145979632
1.138064536
1.124665245
1.107170539
1.088495845
1.072360793
1.061783018
1.057581434
1.058105216
1.06025892
1.060996531
1.058384779
1.052069223
1.043146498
1.033789375
1.026815351
1.025003616
1.030294763
1.04299272
1.061429252
1.082490382
1.102631766
1.118805742
1.12901824
1.132579242
1.130114258
1.123524227
1.115568182
1.109130345
1.106677698
1.110153816
1.12104237
1.139607689
1.163745145
1.189168237
1.211258904
1.226910184
1.23498272
1.235801675
1.230564461
1.220942492
1.208842674
1.196082519
1.183913181
1.172695801
1.162078407
1.151514672
1.140785323
1.130380596
1.121403654
1.115068513
1.111877871
1.111087514
1.110894857
1.109162069
1.104377947
1.096420371
1.086831126
1.07825981
1.073066284
1.072066486
1.074667443
1.079932806
1.087422361
1.097187218
1.109239258
1.123011032
1.137310144
1.150601291
1.161205072
1.167491011
1.168187134
1.163224833
1.154838698
1.147277356
1.144077008
1.145513678
1.149553535
1.154410622
1.159358697
1.164013825
1.167659694
1.169298941
1.167917711
1.162691575
1.153056596
1.138879749
1.120671914
1.099857145
1.078973212
1.06149939
1.051133941
1.050575421
1.060412735
1.078869453
1.102484898
1.127015958
1.148154691
1.162298973
1.167338909
1.162965661
1.150736148
1.134162073
1.118500027
1.109343591
1.109855655
1.118826729
1.131874538
1.144400952
1.153472978
1.158060362
1.158638016
1.156651558
1.153925972
1.152124672
1.152281954
1.154732818
1.159456293
1.166485451
1.175995855
1.187926581
1.20162519
1.215803652
1.228861293
1.239301165
1.246006116
1.24828796
1.245839981
1.238728494
1.227466054
1.213171858
1.197571031
1.182745775
1.170650174
1.162523419
1.158488385
1.157875289
1.159710341
1.163027622
1.166803105
1.169910914
1.171146379
1.169423824
1.16402398
1.154807212
1.142408824
1.128065383
1.113171103
1.098703058
1.08502661
1.072280989
1.061243899
1.053782273
1.052111558
1.057263883
1.067951891
1.081136754
1.093524585
1.102823446
1.108192573
1.110063825
1.109656515
1.108452153
1.107826452
1.10885487
1.112254075
1.118368465
1.12709358
1.137716263
1.148778449
1.15800933
1.162592667
1.159801764
1.147748731
1.126180138
1.097214098
1.065797723
1.039121966
1.024127065
1.024273779
1.038169979
1.061359786
1.088816474
1.116308716
1.140577598
1.159388697
1.171432469
1.17621914
1.174071093
1.166197378
1.154743739
1.142822536
1.134043187
1.131364205
1.135726768
1.145698239
1.158455831
1.171173046
1.181908931
1.189818242
1.194946195
1.197845303
1.199169121
1.199345067
1.198503913
1.196595023
1.193573163
1.189408472
1.183987184
1.176959553
1.167892332
1.156616064
1.143579049
1.12998623
1.117633399
1.108119235
1.101908527
1.098120762
1.095162614
1.091715111
1.087144261
1.081366478
1.074521482
1.066675645
1.057695142
1.047265194
1.035083348
1.021352825
1.00797117
0.9994833562
1.001493824
1.016101266
1.03959994
1.065831646
1.090363594
1.111476159
1.129201644
1.144108045
1.156500671
1.166058088
1.171897723
1.173050446
1.169111821
1.160664831
1.149345151
1.137411362
1.127047582
1.119615051
1.1152095
1.112838378
1.110964351
1.108197304
1.103710996
1.097575409
1.090935329
1.086070615
1.086183185
1.094394893
1.111959437
1.137088022
1.165835211
1.194209399
1.219511627
1.240447918
1.256615008
1.268026497
1.274904448
1.277613664
1.276699139
1.272816282
1.266556299
1.258274852
1.248094518
1.236101176
1.222698477
1.208790493
1.195522873
1.183887856
1.174701183
1.168756684
1.166763732
1.169038586
1.175089005
1.183663558
1.193034332
1.201480252
1.207780143
1.211399903
1.212266076
1.210344905
1.205284705
1.196289993
1.182435374
1.163441256
1.140618654
1.117206118
1.09744158
1.084803843
1.080606193
1.083617362
1.090557824
1.09748075
1.101424027
1.101276541
1.097550913
1.091567889
1.084613759
1.077414923
1.070047143
1.062328843
1.054383337
1.047010585
1.041693003
1.040275681
1.044347866
1.054562009
1.070213148
1.089564111
1.110648043
1.131978221
1.152689223
1.172264908
1.190194292
1.205710728
1.21773661
1.22513238
1.227075325
1.223497828
1.215197527
1.203455636
1.189436854
1.17390024
1.157473429
1.141295153
1.127159333
1.116815835
1.110882903
1.108379063
1.107214425
1.105096299
1.100362657
1.092963496
1.08541138
1.082402123
1.087372928
1.098554464
1.109955155
1.116029023
1.114466101
1.106039478
1.093445618
1.080195797
1.069592657
1.063846335
1.063749635
1.069010412
1.078871132
1.092432513
1.108512016
1.125366007
1.140854686
1.153199374
1.161935183
1.16823081
1.174138555
1.180823786
1.187465488
1.191864504
1.192103462
1.187744764
1.179788392
1.170026995
1.160288178
1.151884982
1.145310506
1.140115334
1.135090237
1.128658077
1.119300223
1.105943249
1.088638435
1.069651611
1.053496684
1.043917854
1.040298974
1.038799265
1.036624521
1.033950005
1.033064947
1.036911368
1.047731412
1.065881211
1.089448274
1.114992939
1.139008335
1.158915684
1.173359109
1.182002533
1.185071461
1.183043012
1.176567296
1.166820794
1.156000046
1.147152532
1.142840289
1.143445092
1.146878938
1.150102261
1.15106943
1.149476736
1.146281944
1.142774252
1.139796822
1.137500632
1.135611433
1.133843601
1.132230459
1.13115
1.131243875
1.133115365
1.137038073
1.142699323
1.149257146
1.155649285
1.161097787
1.165590645
1.169912186
1.17508387
1.181745294
1.189821261
1.198798557
1.208213328
1.217798271
1.227283703
1.236152657
1.243431658
1.247717714
1.247444945
1.241286044
1.228480002
1.209025768
1.183756945
1.154427453
1.123962918
1.096584721
1.077257453
1.070135947
1.076606171
1.094486329
1.118971586
1.144596921
1.166817948
1.182655535
1.190632669
1.190469101
1.182754029
1.168649583
1.149785074
1.128088539
1.105432309
1.083268469
1.062739548
1.045380307
1.033282027
1.028265372
1.030587721
1.038506187
1.049012205
1.059306918
1.067802969
1.074200636
1.078873422
1.082237387
1.084621505
1.086685782
1.089624217
1.094652369
1.102009995
1.110476283
1.117837152
1.121839255
1.120799088
1.113757032
1.100593987
1.082282149
1.061206323
1.040952948
1.02524046
1.016349029
1.014404895
1.017875016
1.024531055
1.032283175
1.039704057
1.046137363
1.05136998
1.055230161
1.057369327
1.057480036
1.05581779
1.053799266
1.054001263
1.058958757
1.069322998
1.083275872
1.097830557
1.110534257
1.120146162
1.126435711
1.129631786
1.130182309
1.1288242
1.126776395
1.125830915
1.128088706
1.135153721
1.14723003
1.162727732
1.178849827
1.192628492
1.201890805
1.205769963
1.204770997
1.200265539
1.193845394
1.186727178
1.179584694
1.172637132
1.165720333
1.158369133
1.150108955
1.14072362
1.130265576
1.118939038
1.107254637
1.096381396
