-3.31698904
-3.31713792
-3.317861906
-3.318128039
-3.318132119
-3.318393353
-3.318402531
-3.319149875
-3.319729157
-3.319833941
-3.319476406
-3.320175049
-3.320592965
-3.320351172
-3.318305921
-3.317717975
-3.316794056
-3.3166928
-3.315954058
-3.315227201
-3.314993077
-3.315069811
-3.31714286
-3.317685491
-3.318346464
-3.317534432
-3.316476702
-3.316619752
-3.316095747
-3.316782475
-3.316740813
-3.317490453
-3.317976132
-3.318035964
-3.31794972
-3.317209429
-3.317712025
-3.317454422
-3.317379401
-3.316717278
-3.316730842
-3.31624447
-3.316098246
-3.316522393
-3.317331711
-3.317514696
-3.31752943
-3.318171743
-3.317999226
-3.31790346
-3.315910657
-3.314747005
-3.313721164
-3.312747529
-3.31311627
-3.312868104
-3.313827945
-3.314555555
-3.314896441
-3.315507897
-3.314499043
-3.314075183
-3.313545766
-3.314274636
-3.31463852
-3.316123632
-3.316907606
-3.316929598
-3.317154708
-3.316374947
-3.315556139
-3.316102654
-3.317656536
-3.31957113
-3.320631487
-3.32110496
-3.321892577
-3.321509605
-3.321394039
-3.322019559
-3.322284091
-3.322777941
-3.32223115
-3.32109678
-3.321577217
-3.321339929
-3.3208304
-3.319217633
-3.318148919
-3.318060768
-3.31901758
-3.319773544
-3.320835311
-3.321346199
-3.32263053
-3.322574207
-3.32238709
-3.322317358
-3.323322501
-3.323193545
-3.32205391
-3.322848524
-3.322738073
-3.321489766
-3.321184776
-3.322772403
-3.323724409
-3.322492356
-3.323159983
-3.322528358
-3.321181402
-3.320055403
-3.320041778
-3.320034414
-3.321085325
-3.321390452
-3.321705864
-3.321050056
-3.321148296
-3.3201672
-3.319110415
-3.319196279
-3.318592616
-3.318377784
-3.318046617
-3.318294975
-3.319211378
-3.31967145
-3.319734906
-3.32007057
-3.320619968
-3.319888906
-3.319167037
-3.318725477
-3.31882276
-3.319522475
-3.319640224
-3.320240223
-3.320557498
-3.322231776
-3.3232582
-3.324020117
-3.324723846
-3.325286828
-3.324601311
-3.324322351
-3.323706289
-3.322176133
-3.320948156
-3.320217124
-3.319737808
-3.319290245
-3.320174904
-3.31976086
-3.319611664
-3.320612579
-3.32083719
-3.321033003
-3.321105913
-3.320627606
-3.319724958
-3.320721513
-3.32064997
-3.320996912
-3.320081017
-3.320170882
-3.320530837
-3.320292858
-3.319988384
-3.32027679
-3.319281701
-3.31936359
-3.319579414
-3.319950326
-3.319347882
-3.318324347
-3.317821989
-3.316128298
-3.315721287
-3.315106134
-3.315215673
-3.31419937
-3.314874987
-3.316586044
-3.316915662
-3.318134055
-3.318596828
-3.317888531
-3.319803254
-3.320146346
-3.320808468
-3.320830231
-3.320549611
-3.321080849
-3.321470112
-3.321071606
-3.319823261
-3.317835923
-3.31708346
-3.31615923
-3.315379612
-3.315641978
-3.315799768
-3.314802814
-3.314640817
-3.31551825
-3.31598999
-3.317525882
-3.317847316
-3.318220151
-3.31751482
-3.317617498
-3.316378591
-3.317498667
-3.317338947
-3.3173319
-3.317008843
-3.316043327
-3.316855098
-3.315834695
-3.31541797
-3.316063864
-3.315974075
-3.315995033
-3.316425199
-3.31604774
-3.315779668
-3.316657791
-3.317634638
-3.317818854
-3.318696082
-3.317256869
-3.316869675
-3.315546824
-3.315053765
-3.314766921
-3.314785663
-3.31537495
-3.315246954
-3.315454887
-3.315072603
-3.315430304
-3.315971399
-3.315186833
-3.314777919
-3.313789232
-3.314440333
-3.315837632
-3.315438075
-3.316109028
-3.317623525
-3.318631447
-3.320163221
-3.319362247
-3.319705835
-3.318877657
-3.318218787
-3.318438279
-3.316502613
-3.315901341
-3.317037261
-3.317501608
-3.319423379
-3.320313703
-3.319323915
-3.319111046
-3.319330698
-3.318719617
-3.318629838
-3.317464255
-3.316783512
-3.316037606
-3.315613281
-3.316115344
-3.316596538
-3.317452669
-3.31783954
-3.31789271
-3.319195477
-3.31947307
-3.320434619
-3.320336655
-3.319711253
-3.319666042
-3.317990134
-3.317899714
-3.317005962
-3.317401857
-3.316431287
-3.316430078
-3.316637233
-3.31699233
-3.31597326
-3.315467192
-3.314661013
-3.315230864
-3.314666885
-3.314618536
-3.314668986
-3.3149946
-3.314522068
-3.315486412
-3.315761822
-3.315372266
-3.315125878
-3.314012797
-3.313096989
-3.312974806
-3.313480811
-3.31355647
-3.31249525
-3.313384312
-3.314005084
-3.314195354
-3.314765264
-3.315753019
-3.316755504
-3.317702277
-3.316878314
-3.316979106
-3.316980838
-3.315628477
-3.31412195
-3.313651372
-3.313241599
-3.313695173
-3.313521751
-3.315127098
-3.316348812
-3.316918911
-3.317140249
-3.31760243
-3.317136506
-3.316010056
-3.315667009
-3.315701334
-3.315905477
-3.314046198
-3.31465854
-3.315160114
-3.315513379
-3.315786055
-3.31534897
-3.314886925
-3.315060045
-3.314329469
-3.314059916
-3.314638875
-3.315158907
-3.316342669
-3.316844412
-3.317078163
-3.316286586
-3.316755137
-3.316296372
-3.316205009
-3.316681867
-3.316537722
-3.316358155
-3.315889961
-3.316037297
-3.317218146
-3.318392991
-3.318461678
-3.318231027
-3.318884962
-3.317718703
-3.316725259
-3.317420136
-3.318539348
-3.318392914
-3.319409439
-3.320188332
-3.321163806
-3.322353738
-3.322327425
-3.323806657
-3.32356717
-3.324195944
-3.323729626
-3.323120817
-3.322573926
-3.32252754
-3.322255759
-3.321714251
-3.320947384
-3.319610062
-3.320140789
-3.319422517
-3.320393575
-3.320743919
-3.319935246
-3.320671124
-3.32197745
-3.321804867
-3.321187582
-3.322033031
-3.321601921
-3.320624927
-3.319814822
-3.31908573
-3.319055662
-3.318328738
-3.318223218
-3.318570681
-3.31819466
-3.317423001
-3.317472099
-3.317194587
-3.316905795
-3.318417348
-3.318606043
-3.320573585
-3.321236439
-3.320717629
-3.320243252
-3.319443576
-3.317548974
-3.315354394
-3.313499866
-3.31265709
-3.313134685
-3.313721172
-3.316252824
-3.316691621
-3.317632382
-3.318171469
-3.319303451
-3.319103074
-3.319296388
-3.318266195
-3.317845967
-3.316872612
-3.31640026
-3.317545199
-3.316644658
-3.317869921
-3.317235358
-3.31712583
-3.317522335
-3.318259908
-3.317819698
-3.31942768
-3.318361808
-3.3179763
-3.318213704
-3.319215296
-3.318738718
-3.319407034
-3.320181733
-3.320900769
-3.322338203
-3.323938668
-3.325251957
-3.325190175
-3.324979615
-3.324621221
-3.323793114
-3.323271764
-3.322377945
-3.319721428
-3.319987413
-3.319549402
-3.320349945
-3.320758745
-3.32057216
-3.321006047
-3.321119107
-3.321353049
-3.321916403
-3.321612202
-3.320517606
-3.319517885
-3.318731103
-3.319114822
-3.318248083
-3.318057114
-3.317627289
-3.31773666
-3.317376495
-3.316871349
-3.318326677
-3.319122899
-3.320059682
-3.319486924
-3.319137067
-3.318916933
-3.319014383
-3.318849543
-3.319249319
-3.318522639
-3.32045043
-3.320432361
-3.319595073
-3.320075962
-3.318771875
-3.317006301
-3.31543465
-3.316023734
-3.316422592
-3.318061496
-3.317803177
-3.318050562
-3.318408649
-3.317032118
-3.316527771
-3.31589763
-3.314574608
-3.314640101
-3.315063231
-3.314541749
-3.314876894
-3.315736885
-3.31565554
-3.315420758
-3.315893636
-3.317633544
-3.318546932
-3.318727097
-3.317781616
-3.316715625
-3.316729201
-3.31722564
-3.315641277
-3.315017306
-3.31407041
-3.314287605
-3.315075424
-3.315978075
-3.317188498
-3.319020578
-3.320697451
-3.322177653
-3.322199512
-3.321369523
-3.320437433
-3.318114831
-3.318407345
-3.318787723
-3.318161031
-3.316686854
-3.31745869
-3.317906023
-3.317561691
-3.317533058
-3.318082892
-3.318916695
-3.319164014
-3.31903101
-3.318749483
-3.31735592
-3.317619042
-3.316815605
-3.316682272
-3.316529411
-3.316192998
-3.316208698
-3.317295494
-3.317941454
-3.317911563
-3.316736602
-3.316527388
-3.315308501
-3.314924906
-3.314055745
-3.314296013
-3.314330855
-3.314464509
-3.315636992
-3.315777647
-3.315793679
-3.316726916
-3.317138946
-3.316670433
-3.315840014
-3.315304399
-3.315260135
-3.315330309
-3.315448002
-3.315346605
-3.316448527
-3.31613006
-3.316291987
-3.315172899
-3.31523978
-3.314793393
-3.314098384
-3.313851513
-3.313397935
-3.312777804
-3.312376163
-3.313640496
-3.315058844
-3.315831479
-3.316626888
-3.316727795
-3.31717973
-3.316568122
-3.31659938
-3.315770898
-3.314757486
-3.314573833
-3.31477171
-3.316154999
-3.316581079
-3.316524993
-3.316005034
-3.316045138
-3.316482282
-3.316994427
-3.317889674
-3.31786407
-3.318216085
-3.317248727
-3.317112207
-3.316900938
-3.315934935
-3.317073316
-3.316423353
-3.316677706
-3.316944146
-3.316001958
-3.316863479
-3.315951794
-3.31586035
-3.316566376
-3.31707893
-3.318486558
-3.319380466
-3.321245204
-3.321980598
-3.323106258
-3.323398319
-3.322854893
-3.321612151
-3.319997058
-3.3187939
-3.31844703
-3.318132364
-3.317413994
-3.316864175
-3.316424989
-3.316630587
-3.317455941
-3.317417228
-3.31812115
-3.319684267
-3.32065656
-3.321722198
-3.323135565
-3.324816302
-3.326467453
-3.326101166
-3.325285201
-3.324118088
-3.322998034
-3.322932793
-3.322343923
-3.321879829
-3.321085637
-3.320410106
-3.320637357
-3.321223918
-3.321262388
-3.321484197
-3.3214564
-3.32202601
-3.320642969
-3.320145582
-3.319581631
-3.319133467
-3.319936609
-3.320735961
-3.32106367
-3.320909222
-3.319436755
-3.320110302
-3.321005382
-3.321914918
-3.322003796
-3.32139945
-3.321553889
-3.322319699
-3.323469911
-3.322878035
-3.323976283
-3.323992827
-3.32392197
-3.324602663
-3.323541552
-3.322959863
-3.322862044
-3.322253472
-3.321705641
-3.319880346
-3.32016584
-3.319283244
-3.319089864
-3.319564639
-3.320103656
-3.321050413
-3.320773509
-3.320627618
-3.319629331
-3.318022164
-3.3181441
-3.317025699
-3.317431315
-3.317917342
-3.316141148
-3.316369272
-3.316636116
-3.316885144
-3.317845443
-3.317868957
-3.318452099
-3.319330659
-3.31895334
-3.319129275
-3.318338109
-3.317344538
-3.316239447
-3.316929599
-3.316813569
-3.317061367
-3.317198046
-3.318247834
-3.318583077
-3.319522617
-3.320447933
-3.320123055
-3.319268128
-3.318792737
-3.318757158
-3.318352065
-3.317368029
-3.316790825
-3.316539746
-3.316789764
-3.317963835
-3.31942426
-3.319488121
-3.320079454
-3.320794953
-3.320887497
-3.320881995
-3.320505604
-3.31895944
-3.318599917
-3.318714748
-3.319465504
-3.319647194
-3.319285352
-3.319000639
-3.319375163
-3.318843473
-3.317977648
-3.318607632
-3.318382875
-3.318176454
-3.317797819
-3.318170438
-3.319729458
-3.320325535
-3.320433282
-3.320310171
-3.319067949
-3.318770677
-3.315870359
-3.314752832
-3.314129634
-3.314892086
-3.315755357
-3.3158649
-3.31646443
-3.316847288
-3.317388014
-3.317767041
-3.31905172
-3.32004452
-3.320298503
-3.319534305
-3.319767003
-3.31911358
-3.319322703
-3.319676453
-3.319562712
-3.32028438
-3.321013925
-3.322275876
-3.321444112
-3.320338435
-3.319654826
-3.320281355
-3.320939124
-3.321744833
-3.321671397
-3.321864871
-3.323153681
-3.323692644
-3.324234443
-3.325470222
-3.325499171
-3.325011963
-3.324151519
-3.323708341
-3.322594681
-3.322347301
-3.32202198
-3.322178691
-3.323557675
-3.32496166
-3.324010963
-3.3239305
-3.32279119
-3.322669218
-3.322364653
-3.321530802
-3.321108381
-3.319990619
-3.319433809
-3.318543246
-3.319764049
-3.321682374
-3.322844143
-3.322170807
-3.321737305
-3.321577677
-3.321473515
-3.321498602
-3.320897303
-3.320671072
-3.319338078
-3.318251818
-3.317723253
-3.316869182
-3.316341204
-3.317448784
-3.317770726
-3.318851172
-3.319756477
-3.320228269
-3.320170068
-3.319374239
-3.318062285
-3.316350914
-3.315149381
-3.315479469
-3.314770225
-3.31614603
-3.317271411
-3.319816248
-3.32018893
-3.320220483
-3.319969257
-3.319169703
-3.318441368
-3.319052876
-3.318692119
-3.319227483
-3.319390165
-3.319480379
-3.320567534
-3.319790311
-3.318800249
-3.318678102
-3.318710273
-3.318480965
-3.319007187
-3.31926144
-3.319581279
-3.319195024
-3.317755831
-3.316502464
-3.315308395
-3.316239084
-3.317209769
-3.318664441
-3.320126376
-3.320467417
-3.320601281
-3.321370352
-3.321956356
-3.321951651
-3.323196533
-3.322189917
-3.321826002
-3.320768921
-3.320498659
-3.321189973
-3.320488883
-3.319925686
-3.318645387
-3.319050933
-3.31955481
-3.318586666
-3.318356373
-3.318994021
-3.320584297
-3.322781528
-3.323893455
-3.325164614
-3.325740271
-3.326291986
-3.324169309
-3.322420002
-3.321303374
-3.321251142
-3.321910343
-3.323367208
-3.324504831
-3.325549172
-3.326796881
-3.326415452
-3.32645337
-3.325499472
-3.324711458
-3.325400969
-3.325301513
-3.325324883
-3.326057441
-3.324754651
-3.324439697
-3.323961377
-3.3236368
-3.322203108
-3.320412991
-3.319246693
-3.319620533
-3.318633888
-3.318631434
-3.318780377
-3.319330159
-3.319184529
-3.320249748
-3.32110537
-3.320775904
-3.322222326
-3.323417051
-3.323220468
-3.323379535
-3.322258039
-3.320951187
-3.320277048
-3.319867335
-3.319927702
-3.320017009
-3.31990666
-3.318411166
-3.318206599
-3.316913894
-3.317003355
-3.317476114
-3.318108695
-3.318427906
-3.3195653
-3.32011833
-3.319853871
-3.320806707
-3.320313947
-3.320024944
-3.318661635
-3.31832747
-3.319631016
-3.319358221
-3.320301058
-3.320739903
-3.320555374
-3.322585089
-3.323453258
-3.32396313
-3.323169202
-3.322657524
-3.322458626
-3.3219366
-3.321030086
-3.320353298
-3.31907284
-3.318852279
-3.319022463
-3.318438045
-3.318945175
-3.319786281
-3.318975315
-3.318076955
-3.31746474
-3.316744014
-3.316016213
-3.316243637
-3.316307472
-3.3160329
-3.316959501
-3.317424366
-3.318514328
-3.319243167
-3.319544429
-3.320103023
-3.321285966
-3.320618213
-3.320098085
-3.319400408
-3.318399934
-3.317870742
-3.316585922
-3.316373631
-3.316347502
-3.31673955
-3.315525842
-3.315475028
-3.315262857
-3.315001947
-3.314072679
-3.313653522
-3.314275587
-3.31477676
-3.314728531
-3.31488714
-3.314348156
-3.315493515
-3.316259767
-3.316662911
-3.317329582
-3.317122754
-3.317534228
-3.316959939
-3.316872617
-3.316681746
-3.316110755
-3.316657397
-3.31672117
-3.318119541
-3.319259985
-3.319939946
-3.321220375
-3.321808886
-3.321654527
-3.320839885
-3.32024234
-3.320265137
-3.320079064
-3.320197101
-3.31992569
-3.317960446
-3.31789953
-3.317505395
-3.31634183
-3.315260602
-3.314610129
-3.315008725
-3.3150616
-3.314165807
-3.313836737
-3.314716154
-3.316073277
-3.317897389
-3.319461777
-3.320681492
-3.320682092
-3.319025853
-3.318983321
-3.317974254
-3.317367899
-3.314808582
-3.31436214
-3.315112647
-3.315387431
-3.315529031
-3.315678828
-3.3171647
-3.318350589
-3.31920572
-3.319041232
-3.31700811
-3.315693582
-3.314691591
-3.312529484
-3.312533997
-3.31302072
-3.312851474
-3.312491259
-3.314149197
-3.315001876
-3.316522982
-3.317549751
-3.317559172
-3.316819475
-3.316695433
-3.31608841
-3.316293292
-3.317120901
-3.318511344
-3.31909113
-3.319170117
-3.319444381
-3.318108872
-3.318653829
-3.317289763
-3.317460494
-3.316730085
-3.315714071
-3.314614454
-3.315938873
-3.315867912
-3.315727583
-3.31585815
-3.316201298
-3.3178134
-3.317793835
-3.317695795
-3.317650778
-3.31698286
-3.317041745
-3.31767515
-3.318379872
-3.319187991
-3.319437651
-3.320224068
-3.319025047
-3.319257785
-3.320464585
-3.321126005
-3.320753824
-3.320044787
-3.320774385
-3.318726681
-3.318515032
-3.318329771
-3.318473859
-3.317555245
-3.317574944
-3.317742006
-3.319473275
-3.320354038
-3.322347149
-3.322589626
-3.321610363
-3.321203285
-3.320051085
-3.319451315
-3.320101738
-3.318928036
-3.318314858
-3.317813566
-3.317314687
-3.317592688
-3.319413779
-3.320581716
-3.320829166
-3.321695025
-3.32261928
-3.322973892
-3.322004049
-3.321314927
-3.320693554
-3.317924631
-3.317224785
-3.316718318
-3.317186248
-3.318024026
-3.319040195
-3.319529663
-3.320357771
-3.320982963
-3.32106824
-3.320140932
-3.320321818
-3.320187508
-3.319037534
-3.31878174
-3.31849567
-3.318995318
-3.321208167
-3.321663478
-3.32204565
-3.321824206
-3.32133201
-3.319494081
-3.319499977
-3.319373284
-3.319755879
-3.318779874
-3.317735715
-3.318677726
-3.319132466
-3.320081249
-3.320539476
-3.319879818
-3.320719527
-3.320129451
-3.320504502
-3.3199882
-3.319559571
-3.320121336
-3.320240139
-3.321343099
-3.322167529
-3.321790874
-3.321247188
-3.322277255
-3.322366999
-3.321619998
-3.321292952
-3.319862368
-3.319126203
-3.318556891
-3.317998617
-3.317553133
-3.319135655
-3.319243436
-3.31892637
-3.31955398
-3.320229412
-3.321995759
-3.322861047
-3.322769275
-3.322552357
-3.323182766
-3.322432526
-3.321870989
-3.321087587
-3.319502549
-3.31907191
-3.319327057
-3.318602775
-3.317026768
-3.317337549
-3.317708293
-3.318910413
-3.320195367
-3.319626809
-3.320796482
-3.320745794
-3.321065259
-3.321928942
-3.321929094
-3.321333686
-3.320140986
-3.319754243
-3.318423139
-3.318004819
-3.31717909
-3.316469992
-3.317064344
-3.317271642
-3.31708008
-3.318353703
-3.319956226
-3.319517181
-3.318435073
-3.317264048
-3.316916535
-3.316391349
-3.31559252
-3.315954247
-3.316738053
-3.317068661
-3.318079423
-3.318835628
-3.318592606
-3.318914797
-3.318678427
-3.319602712
-3.320322081
-3.320574745
-3.320349052
-3.319315522
-3.318570425
-3.316777717
-3.3145673
-3.313201099
-3.31255418
-3.312398571
-3.313252142
-3.314344029
-3.315339263
-3.315166594
-3.316025923
-3.316270295
-3.316403954
-3.316368904
-3.315603072
-3.316742999
-3.317366103
-3.318074263
-3.318628565
-3.317835936
-3.318721788
-3.317813769
-3.316279411
-3.317121593
-3.318735122
-3.319157519
-3.319667238
-3.320555844
-3.319330121
-3.31919308
-3.318661011
-3.317849078
-3.318084726
-3.318781187
-3.319017307
-3.320134404
-3.320688947
-3.320516334
-3.319578373
-3.319584117
-3.319225054
-3.318992311
-3.31860948
-3.319004903
-3.320030972
-3.319870262
-3.319562318
-3.319242341
-3.319197
-3.318808155
-3.3194114
-3.318571466
-3.317476981
-3.317050926
-3.317821987
-3.316563693
-3.317124876
-3.316922505
-3.317661764
-3.317698429
-3.316473938
-3.316065495
-3.315157096
-3.314619166
-3.314616675
-3.314848065
-3.31571016
-3.31611269
-3.315918476
-3.315724446
-3.315852925
-3.316252885
-3.315920141
-3.316218783
-3.316578192
-3.316931787
-3.318119988
-3.318759915
-3.319578513
-3.319798499
-3.319277878
-3.317994401
-3.316544089
-3.31681496
-3.315965564
-3.31560247
-3.315145002
-3.315208962
-3.315357022
-3.316358422
-3.317480105
-3.317958165
-3.31924658
-3.319395813
-3.321362665
-3.322064714
-3.322481537
-3.322096036
-3.321689153
-3.321261264
-3.321636832
-3.320527455
-3.318191441
-3.317309894
-3.315744855
-3.315320407
-3.314394326
-3.313759777
-3.312134277
-3.310827124
-3.309485083
-3.309235916
-3.310856097
-3.310984067
-3.31106337
-3.312937163
-3.313709595
-3.316038838
-3.316275478
-3.317051697
-3.316735007
-3.316199991
-3.315910571
-3.315579881
-3.314445839
-3.313524186
-3.312695618
-3.312989509
-3.312977192
-3.313342439
-3.313746825
-3.312069363
-3.312535516
-3.313199679
-3.313497409
-3.313484318
-3.314270209
-3.314838845
-3.315784497
-3.317193736
-3.318316493
-3.318494904
-3.32010174
-3.32033902
-3.320458811
-3.319972836
-3.318388557
-3.317028359
-3.314983901
-3.314642749
-3.313947943
-3.313631374
-3.313189308
-3.314571667
-3.315367444
-3.316624941
-3.316477507
-3.317389019
-3.318180727
-3.318281778
-3.318678322
-3.318755435
-3.31828199
-3.318302004
-3.316848151
-3.316593256
-3.316088987
-3.316412623
-3.317413643
-3.317535891
-3.317265667
-3.319043183
-3.319491172
-3.32038046
-3.321672529
-3.322031384
-3.322772145
-3.32372377
-3.324455476
-3.32411722
-3.324866182
-3.323381691
-3.322464216
-3.321859077
-3.320367871
-3.318413449
-3.318237344
-3.31888043
-3.318023031
-3.318754297
-3.318920232
-3.319395904
-3.319830637
-3.321438205
-3.322733537
-3.322571178
-3.322041164
-3.319639419
-3.317967476
-3.316665619
-3.316218361
-3.316715366
-3.316687973
-3.317507453
-3.319834661
-3.321010966
-3.321483891
-3.322215666
-3.322111491
-3.320784534
-3.319532202
-3.318690867
-3.318998563
-3.319592309
-3.320254429
-3.322299924
-3.323623302
-3.323498543
-3.324054344
-3.32364412
-3.322553527
-3.321269245
-3.319834754
-3.319661776
-3.319405335
-3.319594693
-3.319584836
-3.320350346
-3.321982459
-3.322860788
-3.323454319
-3.324882764
-3.325884148
-3.325533002
-3.324884413
-3.323593326
-3.321229405
-3.321049814
-3.319941812
-3.318667866
-3.318992772
-3.319588027
-3.320317999
-3.320362947
-3.320186418
-3.319577833
-3.319403234
-3.319271304
-3.32019094
-3.320332215
-3.321016521
-3.32123291
-3.320849623
-3.32139821
-3.320254225
-3.32006251
-3.320739068
-3.320902458
-3.321960588
-3.322418376
-3.322917236
-3.322644886
-3.323750299
-3.323913758
-3.322726558
-3.323592721
-3.323003144
-3.322464121
-3.322601964
-3.321712991
-3.321132397
-3.322301021
-3.322473909
-3.323239505
-3.323185507
-3.322344819
-3.3217827
-3.32131529
-3.321071242
-3.320390518
-3.319850939
-3.319174628
-3.317485093
-3.31589402
-3.314025167
-3.313813213
-3.314356405
-3.314764874
-3.315436524
-3.317066844
-3.318798327
-3.320266339
-3.322061927
-3.322802611
-3.322579811
-3.321899315
-3.320936133
-3.31859378
-3.31831765
-3.316923896
-3.317120179
-3.317284583
-3.318162444
-3.319472521
-3.321029878
-3.321387856
-3.321624106
-3.320073072
-3.318953277
-3.319358064
-3.318666787
-3.318552007
-3.318793418
-3.320489184
-3.321135959
-3.321928583
-3.322135964
-3.323422921
-3.323900842
-3.324527329
-3.325225616
-3.324022341
-3.324130865
-3.322144612
-3.32114434
-3.321791762
-3.320212
-3.319211721
-3.317674974
-3.317041541
-3.317329483
-3.317865693
-3.317288491
-3.317710092
-3.318145837
-3.319039623
-3.318576072
-3.318857783
-3.319263395
-3.318888034
-3.318223467
-3.318247749
-3.318613854
-3.318531241
-3.317751971
-3.317765895
-3.31802541
-3.318602339
-3.318175813
-3.318410303
-3.318229266
-3.317421701
-3.319303051
-3.319457397
-3.319247021
-3.318298955
-3.318184915
-3.317452264
-3.317620213
-3.31709498
-3.317245389
-3.317277722
-3.317140345
-3.317382217
-3.319607108
-3.320409465
-3.32014298
-3.320495626
-3.321208219
-3.319369787
-3.317927443
-3.315863763
-3.314693385
-3.31436931
-3.315009289
-3.317545499
-3.320607354
-3.321665704
-3.323556567
-3.324225515
-3.324496357
-3.323302235
-3.323065652
-3.322723936
-3.321949005
-3.320261148
-3.318692224
-3.317379711
-3.317529168
-3.317903065
-3.318801714
-3.319402588
-3.320845446
-3.32131943
-3.321039032
-3.320545422
-3.319700709
-3.318959668
-3.319336327
-3.318452734
-3.318409793
-3.318557429
-3.318101716
-3.318088905
-3.318523718
-3.318650274
-3.317985571
-3.318161634
-3.317378393
-3.317366162
-3.317937777
-3.318748745
-3.320291497
-3.321395874
-3.322149565
-3.320877801
-3.320879503
-3.321188963
-3.321458656
-3.319929454
-3.319927491
-3.318868235
-3.318675349
-3.318580521
-3.317706605
-3.316359819
-3.316567279
-3.317937166
-3.319376684
-3.32138826
-3.323271816
-3.324152925
-3.324303311
-3.323009929
-3.321489565
-3.321255682
-3.321926803
-3.321440097
-3.32034284
-3.31958538
-3.31854098
-3.318729286
-3.319079574
-3.318876558
-3.319856034
-3.319579549
-3.319370683
-3.319704718
-3.318900663
-3.319135107
-3.318703944
-3.31776941
-3.317398228
-3.318061664
-3.319389048
-3.321379556
-3.323618525
-3.324760166
-3.325709402
-3.326299825
-3.327214947
-3.325757342
-3.325488567
-3.324637302
-3.323529961
-3.322945444
-3.323058288
-3.322515432
-3.321590397
-3.320849993
-3.319813307
-3.320015487
-3.32031858
-3.320336605
-3.321578834
-3.322950844
-3.322324261
-3.323326314
-3.323809987
-3.323827627
-3.324307444
-3.323343288
-3.323315035
-3.322907669
-3.322828787
-3.321808693
-3.321547655
-3.320508242
-3.320584597
-3.31961292
-3.3188319
-3.319177652
-3.318070907
-3.318626648
-3.319499791
-3.320588728
-3.321361638
-3.322212961
-3.322170264
-3.322641274
-3.322508388
-3.321300952
-3.320259653
-3.320941385
-3.321023615
-3.320703453
-3.320663148
-3.319549558
-3.318806831
-3.319452263
-3.321571152
-3.32214895
-3.322908657
-3.32319904
-3.323134318
-3.324581402
-3.323796459
-3.324353654
-3.325726856
-3.32506406
-3.324461498
-3.323110726
-3.321885971
-3.320052411
-3.318301118
-3.31706444
-3.31615457
-3.315743788
-3.3162283
-3.31529308
-3.31508329
-3.315709364
-3.316778233
-3.317437304
-3.318661359
-3.319776961
-3.320388753
-3.319932804
-3.31933166
-3.319367805
-3.320004279
-3.320761191
-3.321811636
-3.321696317
-3.320906234
-3.319982789
-3.319742819
-3.319201965
-3.31825238
-3.318744007
-3.318599713
-3.320031322
-3.321025044
-3.322073404
-3.322391072
-3.323616908
-3.322960304
-3.322603078
-3.322533312
-3.321983539
-3.321347945
-3.321149817
-3.32017219
-3.319972521
-3.320554481
-3.32139233
-3.321597082
-3.321111195
-3.320256674
-3.319841132
-3.321178722
-3.32159332
-3.322912037
-3.321827224
-3.321122082
-3.320025741
-3.31948321
-3.318544719
-3.318071798
-3.319363684
-3.319568237
-3.320930753
-3.32259201
-3.321855432
-3.321094449
-3.320264974
-3.321076319
-3.322607232
-3.322832528
-3.32488447
-3.32558793
-3.325582391
-3.32496204
-3.324655691
-3.325150798
-3.323533214
-3.32243138
-3.321560756
-3.321876572
-3.321081671
-3.320858367
-3.320344244
-3.32112346
-3.321889597
-3.32191071
-3.321065633
-3.321414427
-3.321845131
-3.322167035
-3.321903433
-3.324579266
-3.325420324
-3.325604656
-3.325614094
-3.324906652
-3.324882799
-3.324812531
-3.324811763
-3.324355207
-3.324407414
-3.324455476
-3.324199518
-3.323280385
-3.322430982
-3.322490166
-3.322385818
-3.322466266
-3.321886221
-3.321069976
-3.322320345
-3.321419467
-3.321069923
-3.32000483
-3.319056035
-3.318024709
-3.317976846
-3.316863987
-3.316299577
-3.315048526
-3.315502383
-3.315554189
-3.316302483
-3.317470384
-3.319215382
-3.321095851
-3.3230417
-3.325459808
-3.325543546
-3.325004538
-3.323756121
-3.323097982
-3.32156763
-3.320375927
-3.319930498
-3.317736262
-3.3177782
-3.31721274
-3.317349541
-3.317517055
-3.318626702
-3.319415558
-3.320831781
-3.321208738
-3.322818465
-3.323274965
-3.323562763
-3.323214732
-3.322894797
-3.321998506
-3.321172601
-3.319944407
-3.319988049
-3.320328449
-3.320722352
-3.322300361
-3.322281858
-3.322281908
-3.322827636
-3.321716442
-3.321014227
-3.320685265
-3.318456632
-3.317843847
-3.318606134
-3.319053498
-3.319670002
-3.32015081
-3.320342333
-3.322036044
-3.322330723
-3.322508895
-3.32193661
-3.321613698
-3.321423717
-3.320738735
-3.320299596
-3.319842788
-3.320263483
-3.321306929
-3.321117191
-3.322099722
-3.322663565
-3.322960709
-3.324031662
-3.323621784
-3.322819016
-3.32218211
-3.321748849
-3.320044007
-3.319390143
-3.319116574
-3.319002108
-3.321147578
-3.321326872
-3.3216864
-3.32168583
-3.321224156
-3.319912392
-3.319277969
-3.317426693
-3.318303159
-3.318666574
-3.318795315
-3.318003698
-3.318177858
-3.318808707
-3.318931414
-3.317614943
-3.317452741
-3.316829629
-3.316984204
-3.316580936
-3.316753737
-3.317161389
