-4.946795441
-4.938384406
-4.930365742
-4.921520389
-4.912194425
-4.903575217
-4.896645536
-4.894814572
-4.900141174
-4.914598177
-4.938237528
-4.969569151
-5.001928693
-5.029309135
-5.046405658
-5.054659116
-5.052593842
-5.043056963
-5.027021388
-5.008028119
-4.989849192
-4.975661231
-4.969761396
-4.969545757
-4.975651991
-4.984192984
-4.993782171
-5.003766524
-5.011138797
-5.017477277
-5.021011976
-5.02357638
-5.024461506
-5.023878517
-5.022297828
-5.019019642
-5.015133718
-5.007267126
-4.994879259
-4.976547366
-4.954618296
-4.931030722
-4.911202816
-4.900059165
-4.900841759
-4.913758318
-4.937690639
-4.968979495
-4.999815946
-5.024886406
-5.038210595
-5.041615993
-5.036228982
-5.025287941
-5.013417782
-5.000850997
-4.990120944
-4.979339976
-4.967490974
-4.954573365
-4.938718584
-4.922943412
-4.908222286
-4.897984547
-4.892179803
-4.892409706
-4.895180777
-4.897583196
-4.897662965
-4.892329526
-4.882516464
-4.871685069
-4.863084838
-4.860035292
-4.864279277
-4.877254317
-4.899287871
-4.926906458
-4.95851162
-4.991223944
-5.021210671
-5.047599935
-5.068858414
-5.085692686
-5.100199592
-5.109245692
-5.112049481
-5.106844269
-5.095415231
-5.079746928
-5.062528307
-5.045317068
-5.030720611
-5.018942201
-5.011620937
-5.006801898
-5.005929958
-5.009256095
-5.016987677
-5.025107056
-5.031248381
-5.036051859
-5.035637243
-5.030807728
-5.026554008
-5.026903112
-5.03047977
-5.034422394
-5.040483871
-5.043830033
-5.044799997
-5.044922023
-5.045759558
-5.046514703
-5.048247282
-5.049191989
-5.050254901
-5.050258315
-5.049854495
-5.045520393
-5.036871006
-5.025089501
-5.00986457
-4.994636648
-4.981052129
-4.971406112
-4.966768366
-4.966350851
-4.969783182
-4.97637788
-4.983961691
-4.988662209
-4.989844037
-4.986906965
-4.980412014
-4.971603276
-4.960925014
-4.95122294
-4.943496428
-4.94100313
-4.9430651
-4.950822905
-4.964440026
-4.982866059
-5.0033126
-5.025477507
-5.046671852
-5.064581363
-5.078861487
-5.088381424
-5.09206814
-5.089557479
-5.082870598
-5.071045422
-5.058046506
-5.047383484
-5.03911625
-5.034570158
-5.032832369
-5.032249116
-5.032536894
-5.036681868
-5.042265641
-5.049836643
-5.05559587
-5.06035107
-5.063713896
-5.066297791
-5.069923301
-5.075632118
-5.081148745
-5.087800883
-5.093152062
-5.095581235
-5.092795065
-5.08515141
-5.074158658
-5.058618182
-5.040736808
-5.018233193
-4.992161618
-4.963089926
-4.938361077
-4.921462182
-4.911335022
-4.909189562
-4.911703155
-4.917123176
-4.92821427
-4.939930017
-4.9538756
-4.969735148
-4.989253092
-5.014707912
-5.044886255
-5.07675487
-5.106490494
-5.130639148
-5.149033998
-5.159596162
-5.162547709
-5.158666476
-5.14684248
-5.127153091
-5.10450347
-5.083281867
-5.066122226
-5.057142732
-5.05483483
-5.059906469
-5.069939062
-5.08474259
-5.099437111
-5.115122239
-5.126710516
-5.135339603
-5.140542055
-5.141706073
-5.140860202
-5.134102361
-5.123770839
-5.110358171
-5.092134558
-5.070496084
-5.047487613
-5.02519463
-5.008728523
-5.002617851
-5.006921872
-5.018853849
-5.035569026
-5.048791007
-5.057639816
-5.058290057
-5.05344114
-5.045465506
-5.03792979
-5.03338848
-5.030667031
-5.028882816
-5.024186269
-5.015496844
-5.001485982
-4.981757482
-4.960130008
-4.937717453
-4.918223519
-4.902076338
-4.888258969
-4.881370578
-4.882521888
-4.89065053
-4.905452396
-4.921028927
-4.937080498
-4.948030842
-4.953177065
-4.952400046
-4.942927588
-4.930612004
-4.922127903
-4.923431744
-4.939803063
-4.962967824
-4.98361018
-5.000224711
-5.012671209
-5.020910769
-5.026339024
-5.026013081
-5.019905367
-5.007126163
-4.990000832
-4.973178679
-4.960425368
-4.955602288
-4.958974359
-4.969682848
-4.987064355
-5.006126043
-5.026073883
-5.043246328
-5.05700416
-5.06796416
-5.073918472
-5.078610085
-5.080541449
-5.08279919
-5.083168732
-5.083508151
-5.082067161
-5.078188841
-5.07096404
-5.064073715
-5.058658886
-5.057319452
-5.057225464
-5.05912368
-5.061879119
-5.065285037
-5.067972224
-5.071599462
-5.073198596
-5.072052495
-5.068589039
-5.061957718
-5.053660158
-5.044752195
-5.035353378
-5.024626462
-5.012263034
-5.002395487
-4.9944221
-4.99004722
-4.991427214
-4.998861738
-5.011103677
-5.026376231
-5.040639543
-5.053849069
-5.06223606
-5.062477068
-5.054949505
-5.041442414
-5.022680592
-5.001847633
-4.98014985
-4.962758412
-4.950014323
-4.943379674
-4.943533525
-4.949824019
-4.958391181
-4.966038675
-4.970896328
-4.970636798
-4.965423741
-4.955672072
-4.949633649
-4.947631674
-4.950624386
-4.958233727
-4.968925129
-4.982053515
-4.996083638
-5.006509454
-5.012218794
-5.013822568
-5.014483145
-5.020042048
-5.030149508
-5.040946995
-5.046342609
-5.04589984
-5.037591614
-5.024503709
-5.009235914
-4.993366114
-4.980301378
-4.972056494
-4.970516615
-4.975364542
-4.983140012
-4.989376162
-4.991546141
-4.988344798
-4.976088213
-4.957525705
-4.936627134
-4.915947527
-4.898014243
-4.888657513
-4.888159415
-4.896812884
-4.912922537
-4.932281926
-4.954463462
-4.973546963
-4.990790317
-5.00457677
-5.017336186
-5.030509364
-5.044431007
-5.056706566
-5.06475617
-5.06608493
-5.058519918
-5.044069474
-5.021087895
-4.996164484
-4.972401541
-4.954957437
-4.950266341
-4.957468868
-4.971415127
-4.988660401
-5.007062468
-5.020952684
-5.029466569
-5.032913118
-5.031709391
-5.027392652
-5.019357871
-5.009327476
-4.997174451
-4.98183876
-4.964089081
-4.945770222
-4.926583656
-4.908788833
-4.897910893
-4.895047565
-4.905108109
-4.922900291
-4.94356072
-4.962501875
-4.974115715
-4.97344253
-4.958699569
-4.930397706
-4.893357812
-4.857342942
-4.832852242
-4.828183586
-4.836797492
-4.855073572
-4.878008546
-4.904720015
-4.931223749
-4.956005984
-4.973916198
-4.984329348
-4.985529836
-4.979826717
-4.970677256
-4.956887041
-4.944546077
-4.931017037
-4.919577504
-4.910813733
-4.905024469
-4.901069945
-4.9021393
-4.902012845
-4.900769472
-4.894830066
-4.882722212
-4.86381165
-4.845157455
-4.831378669
-4.827303825
-4.836435027
-4.858131733
-4.889772555
-4.92717776
-4.968478582
-5.010715828
-5.050479816
-5.085410424
-5.112161117
-5.127646332
-5.136217396
-5.135467877
-5.129984709
-5.121693667
-5.11387117
-5.11024326
-5.110697226
-5.114718631
-5.120178361
-5.123125886
-5.121291185
-5.114293993
-5.102253744
-5.087025751
-5.067343538
-5.046053995
-5.022903861
-4.999372062
-4.97553899
-4.953209441
-4.936028036
-4.922672706
-4.914443893
-4.908970761
-4.906029155
-4.903345177
-4.900186392
-4.896995781
-4.896918334
-4.900858917
-4.914326357
-4.932639253
-4.954494273
-4.977636558
-4.994158708
-5.002224333
-5.002493668
-5.000367575
-4.999047521
-5.004784167
-5.015903317
-5.032352425
-5.04911642
-5.059831832
-5.064191223
-5.060306004
-5.048772753
-5.034399471
-5.019672132
-5.00653063
-4.99871716
-4.996053411
-4.995698267
-4.996626436
-4.998610645
-5.002250749
-5.006228487
-5.011229676
-5.016654642
-5.022542465
-5.028833084
-5.033671472
-5.03330793
-5.029662641
-5.020795119
-5.008504079
-4.994008486
-4.980252167
-4.971906781
-4.97342739
-4.985836027
-5.007445006
-5.032400698
-5.055659693
-5.073052445
-5.080226989
-5.080419071
-5.072500221
-5.058357977
-5.041781786
-5.029226313
-5.02025276
-5.014904003
-5.01341424
-5.014446838
-5.015954228
-5.015501642
-5.012200963
-5.005844217
-4.995928603
-4.986464907
-4.976223931
-4.968052525
-4.961510902
-4.956086096
-4.952294343
-4.951931243
-4.955275099
-4.962829572
-4.971923478
-4.979839825
-4.979563734
-4.970319926
-4.951697463
-4.929182267
-4.906880406
-4.890066747
-4.882507043
-4.882228044
-4.888080927
-4.898188523
-4.908482321
-4.916847315
-4.922850881
-4.926833843
-4.929093574
-4.929972234
-4.9309339
-4.93394513
-4.942484283
-4.954505261
-4.970258222
-4.984647701
-4.996542199
-5.001485958
-4.998168046
-4.986741594
-4.966912698
-4.940481223
-4.911767588
-4.888075159
-4.872929236
-4.866264591
-4.865386701
-4.865878618
-4.867774275
-4.870801324
-4.877719111
-4.886741785
-4.897073133
-4.907648824
-4.915741592
-4.920084555
-4.917298338
-4.908115168
-4.894580916
-4.881235608
-4.872085214
-4.870130151
-4.876624457
-4.888333045
-4.902957084
-4.915425585
-4.926106379
-4.934095726
-4.939873357
-4.94784638
-4.95508688
-4.96373783
-4.970667368
-4.971559206
-4.966963133
-4.952597995
-4.932310951
-4.908869394
-4.885054097
-4.866254148
-4.855334725
-4.857016254
-4.870107648
-4.894019001
-4.922987334
-4.951538929
-4.975026622
-4.990592844
-4.997653731
-4.996928541
-4.989044154
-4.975502599
-4.958780086
-4.940253271
-4.921221118
-4.901916375
-4.881084313
-4.861142
-4.844129038
-4.831509936
-4.826935338
-4.832246972
-4.84675164
-4.867514421
-4.889059045
-4.909593148
-4.926662968
-4.939100351
-4.947350695
-4.950193949
-4.949346341
-4.945604835
-4.940618142
-4.936446067
-4.934291009
-4.935451358
-4.942060395
-4.952740751
-4.964759886
-4.970826587
-4.970415158
-4.962657621
-4.951820951
-4.944819165
-4.943304109
-4.944360545
-4.942788193
-4.93444741
-4.92380198
-4.913448037
-4.907775878
-4.907332089
-4.910533006
-4.91670411
-4.924972963
-4.935603538
-4.947282051
-4.963971302
-4.982945323
-5.004674852
-5.02883377
-5.051022907
-5.070907787
-5.085700977
-5.091939604
-5.088599547
-5.07418162
-5.053851237
-5.028290256
-5.004644704
-4.987676009
-4.979094462
-4.978598007
-4.981915406
-4.987143784
-4.990356861
-4.989747207
-4.986443721
-4.976899209
-4.963737699
-4.945953711
-4.922364839
-4.898979772
-4.875797718
-4.85439096
-4.836685186
-4.822138047
-4.813462021
-4.811014757
-4.812332501
-4.81644412
-4.818107026
-4.815095292
-4.806529122
-4.795884942
-4.784061374
-4.776216499
-4.774799223
-4.781872047
-4.795267209
-4.814963951
-4.838765784
-4.863695361
-4.888352666
-4.911347602
-4.930719528
-4.944455794
-4.952085841
-4.955229427
-4.955201441
-4.954075694
-4.954137474
-4.956282735
-4.960089358
-4.968482892
-4.981393977
-4.997137066
-5.014095112
-5.029566525
-5.041019842
-5.05013449
-5.05620815
-5.059675894
-5.059635946
-5.056594087
-5.051866105
-5.046743739
-5.039981879
-5.031967185
-5.02423255
-5.014539613
-5.004798426
-4.997049991
-4.995239339
-5.002184584
-5.015522972
-5.032258882
-5.047327833
-5.055167586
-5.055345006
-5.044276954
-5.028289095
-5.009213526
-4.991370312
-4.976438182
-4.96561857
-4.961191663
-4.962312748
-4.96830915
-4.977299338
-4.98877796
-5.000088813
-5.009388252
-5.015136105
-5.018424401
-5.017141746
-5.013641868
-5.008497376
-5.002545186
-4.998222894
-4.995191985
-4.993672191
-4.990023361
-4.984737544
-4.977641289
-4.969907187
-4.961716613
-4.954957322
-4.949562705
-4.946551984
-4.946641305
-4.948929774
-4.955908362
-4.9689396
-4.984344379
-4.999318499
-5.010894976
-5.018516841
-5.021376723
-5.022037481
-5.02052854
-5.017925384
-5.015152587
-5.011172972
-5.004012393
-4.997766627
-4.991839372
-4.989710773
-4.990725691
-4.993322627
-4.995506117
-4.992968829
-4.98597373
-4.97685243
-4.97504878
-4.9849255
-5.003504847
-5.021504802
-5.033149284
-5.036292771
-5.034032552
-5.031574791
-5.030577451
-5.02989685
-5.024079661
-5.012198377
-4.995510491
-4.976597897
-4.960721038
-4.953813294
-4.957103996
-4.973717317
-5.001248201
-5.034896468
-5.068109085
-5.094154952
-5.10833857
-5.108319164
-5.095408839
-5.073989673
-5.047059638
-5.023906788
-5.007034955
-5.000331037
-4.999518991
-5.003588246
-5.009312763
-5.014391728
-5.019328279
-5.026479928
-5.034707717
-5.046289057
-5.05953423
-5.073994364
-5.090064737
-5.104343887
-5.11790498
-5.131296288
-5.143583194
-5.154613802
-5.165700768
-5.175302397
-5.181959498
-5.18234074
-5.173991371
-5.157477418
-5.133863194
-5.107859747
-5.080667104
-5.056135262
-5.037038486
-5.02505612
-5.022904107
-5.031445715
-5.047629545
-5.067094051
-5.087315331
-5.101177167
-5.109492724
-5.110607813
-5.107238782
-5.101591763
-5.093038413
-5.083699053
-5.072070342
-5.059278588
-5.04277329
-5.020867792
-4.996588802
-4.971925223
-4.950571822
-4.938494252
-4.941333097
-4.962538417
-4.993969368
-5.023723704
-5.038962609
-5.03852829
-5.024515725
-5.00430543
-4.987494963
-4.983014115
-4.993245535
-5.015579556
-5.043833017
-5.069584868
-5.090199973
-5.10205851
-5.106586108
-5.107947581
-5.108921084
-5.115772394
-5.131386007
-5.15018393
-5.16892717
-5.18047173
-5.181922367
-5.171762773
-5.152480088
-5.127932694
-5.102340415
-5.076012484
-5.053999046
-5.037392604
-5.027682212
-5.024601496
-5.030401643
-5.04340661
-5.061745059
-5.086821921
-5.114447316
-5.140597303
-5.163335586
-5.177046372
-5.179782066
-5.172052446
-5.157169607
-5.141650434
-5.129599023
-5.11996952
-5.107090023
-5.089824856
-5.065210362
-5.037983576
-5.010778384
-4.986965659
-4.968472997
-4.95679657
-4.948696391
-4.940627026
-4.931172376
-4.915591824
-4.895970106
-4.874266857
-4.857152417
-4.848297721
-4.844076718
-4.844464716
-4.845704536
-4.848768055
-4.860114759
-4.879708906
-4.908543753
-4.941872421
-4.975213652
-5.003033081
-5.021486355
-5.029955179
-5.030542941
-5.025118707
-5.018427947
-5.012577659
-5.008467294
-5.008930844
-5.012897584
-5.016368117
-5.017434459
-5.012768029
-4.999644177
-4.978256229
-4.952024336
-4.923839835
-4.897925661
-4.879484197
-4.869111096
-4.868721247
-4.877144322
-4.893425849
-4.916684317
-4.944934975
-4.972560576
-4.998233751
-5.019095968
-5.034027003
-5.0446068
-5.051950198
-5.061086804
-5.073846588
-5.091328807
-5.110157529
-5.130042044
-5.146248928
-5.156257282
-5.158054792
-5.152738666
-5.141814789
-5.12571574
-5.105932618
-5.08531078
-5.065023772
-5.049435491
-5.037803814
-5.030288147
-5.026295508
-5.022384887
-5.017191354
-5.006450121
-4.989792999
-4.96617703
-4.936616391
-4.905549656
-4.875328418
-4.852082745
-4.838214415
-4.836169892
-4.847108308
-4.866988693
-4.891481336
-4.916582852
-4.940147458
-4.960688358
-4.976399975
-4.987486071
-4.993558959
-4.994233677
-4.994272457
-4.991839463
-4.985527128
-4.97421175
-4.956182866
-4.930958726
-4.898205665
-4.861333838
-4.828393164
-4.806870528
-4.800921799
-4.812335087
-4.839250345
-4.877850322
-4.921645347
-4.964016774
-5.002649741
-5.030568469
-5.04622245
-5.046124605
-5.035748356
-5.018561934
-4.999643504
-4.986366089
-4.983773382
-4.994747241
-5.016081178
-5.043850293
-5.072051199
-5.094310403
-5.108845267
-5.112763112
-5.104060697
-5.087270348
-5.063369681
-5.034903978
-5.006466435
-4.984163428
-4.968322597
-4.962161793
-4.964012064
-4.970316076
-4.976888948
-4.981205176
-4.980429799
-4.976693353
-4.972545567
-4.970973072
-4.972498558
-4.977680386
-4.986402939
-4.99579532
-5.008447008
-5.019696897
-5.031886979
-5.041212455
-5.046844153
-5.047830041
-5.04624728
-5.03880556
-5.028546614
-5.01839969
-5.010839026
-5.008395644
-5.007941001
-5.009246357
-5.009959965
-5.00721045
-5.001274522
-4.992408179
-4.981842579
-4.972062864
-4.964735785
-4.962426382
-4.962947468
-4.969179253
-4.979836628
-4.992558616
-5.005782706
-5.018675132
-5.030961675
-5.036182624
-5.037179126
-5.031553241
-5.020563506
-5.005191802
-4.990643424
-4.979372914
-4.975395673
-4.977687053
-4.988067932
-5.002032785
-5.017310703
-5.032404681
-5.04281303
-5.047282292
-5.044919382
-5.031991093
-5.011285907
-4.984102153
-4.953809031
-4.92661339
-4.909747459
-4.906533792
-4.918920104
-4.946297156
-4.982359854
-5.019207314
-5.049460532
-5.070113449
-5.078844516
-5.07357865
-5.060387988
-5.040398343
-5.018002305
-4.996317632
-4.978698404
-4.967352544
-4.96461649
-4.969228372
-4.977872877
-4.985942688
-4.992075194
-4.993390823
-4.990071762
-4.986505727
-4.984672011
-4.987719584
-4.997834826
-5.011384381
-5.028486336
-5.045941138
-5.061107741
-5.070765421
-5.077479559
-5.080287879
-5.081784827
-5.081970121
-5.083336866
-5.088473667
-5.094899534
-5.102905829
-5.110036587
-5.113607304
-5.114291462
-5.107936573
-5.096808903
-5.080145911
-5.060975659
-5.042648883
-5.025771986
-5.013005598
-5.003571973
-4.996692527
-4.993387576
-4.994960894
-4.997567976
-4.999182505
-4.998860765
-4.99382928
-4.986069088
-4.976378483
-4.966309876
-4.957368348
-4.952370971
-4.94829714
-4.946510833
-4.948708366
-4.95441462
-4.965123195
-4.9790562
-4.99597192
-5.015863193
-5.038102185
-5.05782779
-5.072904331
-5.078846068
-5.072005038
-5.053686236
-5.025743211
-4.991156195
-4.955397878
-4.925741787
-4.903354979
-4.890500613
-4.886543154
-4.888252962
-4.897060602
-4.907965193
-4.921323919
-4.936645156
-4.951724135
-4.965588053
-4.976749709
-4.985346441
-4.988915246
-4.989147883
-4.984953775
-4.977597448
-4.969991836
-4.96350393
-4.961930407
-4.969747601
-4.985140818
-5.00160109
-5.015174959
-5.022530633
-5.023627962
-5.019190218
-5.012271865
-5.007340259
-5.005593935
-5.006784324
-5.011668797
-5.018382774
-5.025165323
-5.032860968
-5.04034398
-5.0500902
-5.061812791
-5.075779173
-5.091145605
-5.104985246
-5.114246564
-5.112909375
-5.097828053
-5.069077005
-5.029559556
-4.98668658
-4.950527133
-4.926355038
-4.913069387
-4.904401359
-4.897801588
-4.889847127
-4.881962738
-4.876505178
-4.875995164
-4.88610089
-4.905649034
-4.932510558
-4.959861974
-4.979358841
-4.990076484
-4.989361809
-4.983013723
-4.979991565
-4.983329577
-4.992866706
-5.008917039
-5.028817558
-5.04590282
-5.058875356
-5.062734068
-5.056322061
-5.042455981
-5.024368646
-5.00583334
-4.991991627
-4.983085339
-4.978513238
-4.976746174
-4.978064677
-4.980266575
-4.983410554
-4.987078318
-4.992323899
-4.999265417
-5.006331604
-5.01471451
-5.024502597
-5.03579523
-5.047625992
-5.060820641
-5.072201305
-5.082015281
-5.090188457
-5.096672099
-5.098583459
-5.100989534
-5.102913398
-5.107044439
-5.111477968
-5.114147034
-5.114851876
-5.110006729
-5.098965688
-5.081795601
-5.059758143
-5.036087068
-5.012938453
-4.992558183
-4.976410939
-4.964169598
-4.954169169
-4.943742605
-4.933597198
-4.924313136
-4.918451558
-4.919650225
-4.928061398
-4.944134774
-4.965078717
-4.98708043
-5.005501137
-5.016855689
-5.020867489
-5.014673782
-5.001263142
-4.982050113
-4.959782686
-4.93627205
-4.91469758
-4.896928233
-4.884921939
-4.88254041
-4.889344184
-4.908057033
-4.93310169
-4.961375829
-4.988275013
-5.011879251
-5.031209742
-5.04726273
-5.058192514
-5.064307551
-5.067938027
-5.066230535
-5.060258296
-5.047783487
-5.029255566
-5.003608066
-4.973280721
-4.940051433
-4.908085681
-4.881671104
-4.86088764
-4.85013427
-4.853260185
-4.867952182
-4.895455112
-4.928717488
-4.965565749
-4.999218948
-5.026169619
-5.04390451
-5.05082901
-5.046462099
-5.033385676
-5.013815185
-4.99114206
-4.965788628
-4.939572835
-4.912711485
-4.883431779
-4.85626828
-4.829609227
-4.803541556
-4.779233389
-4.759456954
-4.745356853
-4.739895367
-4.745171702
-4.761455372
-4.787333124
-4.822351556
-4.85938808
-4.895166443
-4.925535129
-4.947473674
-4.960876225
-4.964731255
-4.962725391
-4.955079982
-4.944967198
-4.933896214
-4.925503663
-4.919037274
-4.917213267
-4.919545476
-4.929136597
-4.944255015
-4.962577781
-4.982339673
-4.999743481
-5.011604675
-5.017080054
-5.013793432
-5.005291444
-4.991866483
-4.976748578
-4.962047253
-4.948289989
-4.93725459
-4.931396011
-4.926306921
-4.922873402
-4.9220897
-4.926148075
-4.940090527
-4.963952332
-4.993300931
-5.022083404
-5.048691881
-5.067845452
-5.081569294
-5.089480796
-5.090560825
-5.085319449
-5.075731366
-5.060801193
-5.039893816
-5.020373699
-5.005498557
-4.999686988
-5.002462478
-5.012260752
-5.024260168
-5.034487062
-5.041719683
-5.042330022
-5.036936925
-5.023762422
-5.003216228
-4.977471174
-4.949431741
-4.926048643
-4.912509188
-4.907383117
-4.908641714
-4.912604046
-4.913606288
-4.908361704
-4.897636036
-4.883410613
-4.869682626
-4.859815335
-4.857759853
-4.867742069
-4.888112383
-4.915642421
-4.947789917
-4.977591769
-5.00076214
-5.014796604
-5.018703618
-5.014833163
-5.004691675
-4.992946966
-4.983280354
-4.980366893
-4.987213183
-5.004424343
-5.032865854
-5.070500482
-5.109636503
-5.142421357
-5.16524969
-5.176067406
-5.174931918
-5.166896505
-5.151355551
-5.131931877
-5.113116551
-5.095457799
-5.0793617
-5.063480557
-5.047458426
-5.030755818
-5.014974127
-5.001376784
-4.99279371
-4.988149022
-4.987647793
-4.987575195
-4.984592726
-4.977965131
-4.964884782
-4.9503092
-4.938128783
-4.930501884
-4.930060316
-4.934419541
-4.942816444
-4.953778427
-4.969531126
-4.987772645
-5.007243106
-5.029557937
-5.048905081
-5.06427173
-5.073838481
-5.073993692
-5.065969646
-5.054559068
-5.043389943
-5.039355018
-5.041456024
-5.046675122
-5.053398633
-5.060353336
-5.06709198
-5.07188006
-5.073799351
-5.071051194
-5.061522456
-5.045478914
-5.02234479
-4.994821084
-4.964142122
-4.933224693
-4.907685609
-4.893767756
-4.894661458
-4.910885441
-4.940366107
-4.976529958
-5.013103748
-5.044131351
-5.064384593
-5.069602144
-5.062766142
-5.043028118
-5.018363288
-4.995034623
-4.98217783
-4.984256004
-4.999269972
-5.019199663
-5.038225533
-5.050282539
-5.056043819
-5.057315087
-5.053644124
-5.049440965
-5.046980425
-5.048912116
-5.053235186
-5.061113022
-5.07186414
-5.087416703
-5.105790713
-5.126965113
-5.148931093
-5.167314281
-5.183082613
-5.191153785
-5.19357628
-5.190551733
-5.178304741
-5.160410801
-5.137432761
-5.113398088
-5.091448145
-5.073840954
-5.061073621
-5.055442669
-5.054958771
-5.058605134
-5.063117505
-5.069062441
-5.074129767
-5.075607602
-5.072359203
-5.064283719
-5.050824672
-5.032144477
-5.009850046
-4.98752255
-4.966079997
-4.946142253
-4.926597296
-4.910276152
-4.898902676
-4.895589037
-4.905198876
-4.921385234
-4.940952152
-4.958585832
-4.972420084
-4.979741124
-4.982715951
-4.981579753
-4.979923619
-4.979017401
-4.980422649
-4.98576333
-4.997159806
-5.011049834
-5.026717373
-5.043663299
-5.058222214
-5.063258787
-5.057630089
-5.037486859
-5.003963592
-4.960190457
-4.913705874
-4.876228449
-4.856797951
-4.858076372
-4.880811535
-4.916265194
-4.957721068
-4.99776531
-5.033932049
-5.061806982
-5.079097709
-5.084589858
-5.079798864
-5.066675778
-5.049644776
-5.032136868
-5.019866495
-5.016448895
-5.024435598
-5.039866788
-5.058722778
-5.077304991
-5.092564106
-5.103687031
-5.111755619
-5.115220689
-5.117163474
-5.11757503
-5.115857586
-5.11298144
-5.108883462
-5.102762982
-5.093966348
-5.083600963
-5.069216891
-5.052290257
-5.033306351
-5.01372809
-4.996741596
-4.983574726
-4.975012356
-4.968058944
-4.963623425
-4.958761629
-4.952175048
-4.94197917
-4.931709715
-4.918881702
-4.905218061
-4.889478313
-4.870331627
-4.848389057
-4.828524034
-4.8171622
-4.821617421
-4.845540158
-4.882671726
-4.922900394
-4.959848702
-4.990224168
-5.015292032
-5.037417749
-5.05667781
-5.070527229
-5.078189425
-5.079161049
-5.072208711
-5.059726532
-5.043097301
-5.0249936
-5.010427407
-4.999002125
-4.992184934
-4.988962286
-4.985347189
-4.981431063
-4.974270438
-4.964132525
-4.953801222
-4.947167586
-4.948663825
-4.962971895
-4.991557681
-5.030392199
-5.074462218
-5.117613923
-5.156482388
-5.186429219
-5.210411079
-5.226677047
-5.235886632
-5.239365941
-5.238106997
-5.231739855
-5.221424845
-5.208262271
-5.191955084
-5.174167251
-5.154366296
-5.133522345
-5.114863143
-5.098782628
-5.084376035
-5.076461341
-5.073955585
-5.077385506
-5.086940951
-5.098838625
-5.112866533
-5.125128048
-5.134499002
-5.138908548
-5.139946769
-5.1360256
-5.128511655
-5.114047909
-5.092484961
-5.064339537
-5.028998889
-4.994435825
-4.965662161
-4.947794492
-4.942270927
-4.947639003
-4.958007
-4.968862399
-4.974644428
-4.973215764
-4.966586022
-4.958293219
-4.947944254
-4.936825837
-4.925733863
-4.913042823
-4.900381837
-4.88996814
-4.884110656
-4.882562472
-4.889430457
-4.905042053
-4.92845404
-4.958927569
-4.989768524
-5.022320985
-5.054760691
-5.083461422
-5.109752936
-5.131676819
-5.148490886
-5.157750981
-5.158914106
-5.152311182
-5.138950861
-5.120927242
-5.100383581
-5.07614344
-5.051293434
-5.027652093
-5.007517232
-4.992661057
-4.984985714
-4.982345555
-4.981210391
-4.977577252
-4.969875645
-4.958813049
-4.948121349
-4.944364376
-4.952871028
-4.969528013
-4.985838966
-4.994026324
-4.991441971
-4.978261183
-4.958420807
-4.939037702
-4.922988698
-4.915800825
-4.916649497
-4.925589022
-4.94069777
-4.962265677
-4.985728329
-5.010652089
-5.033815341
-5.0517826
-5.06425072
-5.073496032
-5.081380022
-5.0912082
-5.101752713
-5.109189087
-5.109752276
-5.102728342
-5.089939263
-5.074881625
-5.061610989
-5.049420792
-5.040877796
-5.032000225
-5.023757437
-5.013012856
-4.998433544
-4.977459593
-4.95102945
-4.9238411
-4.899813263
-4.886807535
-4.883040471
-4.88005433
-4.87603123
-4.871189981
-4.87067374
-4.877974283
-4.894429646
-4.923706286
-4.959760341
-4.998071799
-5.033474542
-5.063029218
-5.085189462
-5.096537013
-5.100038572
-5.096125274
-5.086727515
-5.071312862
-5.054858436
-5.041073042
-5.035383894
-5.037057235
-5.042229117
-5.046219024
-5.048018572
-5.046060235
-5.041589951
-5.036064811
-5.0342745
-5.031671273
-5.029021804
-5.026379495
-5.02325234
-5.021607799
-5.021678343
-5.024484809
-5.029912317
-5.038456398
-5.048341194
-5.057673446
-5.064927066
-5.070816949
-5.077358445
-5.085011624
-5.095084207
-5.106618113
-5.119267812
-5.134640336
-5.148116873
-5.161995477
-5.174233815
-5.184203522
-5.18960128
-5.189144263
-5.178793053
-5.15901958
-5.128587179
-5.0911378
-5.047195368
-5.002246859
-4.962347465
-4.935101562
-4.926299772
-4.937950956
-4.967189302
-5.004000925
-5.041899921
-5.073983042
-5.097081284
-5.107516633
-5.106079579
-5.094061541
-5.070710636
-5.042455811
-5.009345548
-4.975498005
-4.942419759
-4.912736023
-4.887486017
-4.870754822
-4.863606795
-4.868700046
-4.881034246
-4.89708107
-4.912175109
-4.924599251
-4.93329946
-4.939482734
-4.943300487
-4.946920306
-4.950357122
-4.955158678
-4.964278915
-4.97529685
-4.987996332
-4.999583364
-5.004475324
-5.002212859
-4.991320812
-4.969347613
-4.94126707
-4.910415618
-4.88048292
-4.857530692
-4.844674354
-4.841949675
-4.848848567
-4.859127306
-4.870933657
-4.881492696
-4.890819743
-4.898478687
-4.903583977
-4.906353587
-4.906062841
-4.903990167
-4.902005828
-4.902119085
-4.910537857
-4.926648063
-4.947874517
-4.970777497
-4.989423171
-5.00303826
-5.011835676
-5.016196527
-5.015317471
-5.012626442
-5.009281166
-5.00774848
-5.013280637
-5.024057453
-5.042531445
-5.065777428
-5.089498896
-5.108855129
-5.122114176
-5.126081638
-5.125459654
-5.119064882
-5.109563406
-5.098094465
-5.087554899
-5.077764405
-5.067511912
-5.055168643
-5.042616174
-5.02791506
-5.012382568
-4.994989493
-4.977635693
-4.961733482
