1.809190409
1.806066054
1.802635973
1.799418445
1.796861027
1.795340038
1.795144612
1.796411654
1.799048906
1.802725837
1.806969667
1.811317093
1.815430337
1.819123525
1.822312028
1.824934165
1.826891592
1.828030929
1.828164084
1.827113136
1.8247632
1.821110316
1.816293928
1.810603444
1.804453389
1.798337201
1.792779776
1.788304452
1.785396764
1.784428494
1.785542061
1.788561665
1.793014462
1.79826709
1.80369713
1.808810351
1.813275189
1.816900119
1.819593983
1.821333048
1.82214119
1.822079587
1.821240881
1.81974505
1.81773303
1.815357514
1.812770453
1.810109375
1.80748614
1.804982132
1.802652098
1.800536989
1.798680666
1.797143183
1.7960044
1.795356381
1.79528423
1.795841988
1.797031944
1.798794459
1.801012469
1.803528252
1.806166663
1.808757419
1.811150577
1.813223497
1.814880044
1.816045513
1.816660034
1.816673862
1.816046642
1.814752756
1.812793169
1.810213544
1.807125797
1.80372656
1.800300793
1.79720017
1.794789546
1.793372062
1.793116727
1.794018485
1.79590773
1.798501332
1.801471148
1.804504636
1.807344476
1.809806371
1.811780659
1.813224968
1.81415338
1.814624825
1.814731851
1.814590101
1.814327852
1.814075659
1.813955142
1.814068273
1.814487807
1.815252436
1.816367665
1.817811693
1.819546013
1.821525731
1.823707202
1.82605052
1.828517774
1.83106894
1.833658434
1.836233744
1.83873542
1.841098468
1.843253128
1.845124044
1.846628682
1.847675599
1.848164659
1.847991966
1.84706171
1.845307521
1.842722073
1.839389898
1.835510758
1.831395348
1.827417394
1.8239246
1.821140297
1.819105093
1.817695038
1.816707206
1.81596633
1.815398159
1.815042741
1.815011888
1.815417403
1.81630233
1.817600649
1.819137639
1.820666927
1.821930542
1.822724994
1.822959364
1.822692643
1.822137924
1.821622427
1.821502086
1.822052432
1.823376868
1.82537563
1.827788827
1.830289348
1.832582097
1.83447419
1.835903185
1.836925455
1.837674911
1.838304835
1.838931555
1.839597069
1.840262405
1.840830865
1.841186312
1.841230316
1.840906565
1.840210948
1.839191972
1.837945449
1.836604554
1.835324009
1.834257002
1.833525587
1.8331926
1.833244583
1.833593248
1.834096948
1.83459516
1.834944362
1.8350456
1.834858946
1.834404069
1.833750457
1.833001282
1.832274598
1.831685078
1.831328819
1.831272596
1.831549188
1.832158108
1.833071011
1.834239959
1.835606044
1.837107031
1.838682749
1.840277217
1.841838266
1.843313827
1.844645548
1.845759572
1.846554482
1.846886487
1.846552241
1.84527224
1.84268377
1.838361177
1.83189899
1.823105378
1.812331951
1.800846023
1.790918586
1.785194895
1.785398991
1.791323989
1.801083316
1.812333533
1.82332648
1.833195305
1.841712877
1.848950663
1.855050775
1.860125332
1.864229646
1.867361835
1.869463838
1.870417052
1.870037018
1.868077351
1.864258777
1.858347417
1.850310885
1.840561718
1.830220811
1.821189158
1.815738029
1.815587263
1.821018843
1.830772096
1.842791998
1.855146332
1.866505574
1.87614074
1.883704261
1.889011926
1.891906565
1.892208792
1.88974842
1.884483504
1.876712999
1.867335474
1.857978519
1.850720873
1.847303656
1.848253129
1.852646644
1.858735629
1.864847689
1.869919527
1.873536462
1.875721332
1.876709902
1.876806521
1.876316168
1.875519599
1.874660465
1.873930512
1.873447581
1.873234713
1.87320728
1.873175816
1.872864597
1.871942284
1.87005885
1.866888219
1.862180631
1.855831214
1.847964415
1.83901616
1.829763693
1.821242446
1.814528363
1.810459782
1.809439649
1.811406912
1.815936083
1.822367211
1.829920134
1.837803136
1.84531984
1.851946882
1.85736132
1.861421331
1.864123481
1.865558577
1.865878945
1.865276772
1.86396923
1.862184533
1.860145622
1.858050724
1.856053937
1.85425165
1.852678985
1.851318691
1.850119043
1.8490149
1.847944453
1.846856992
1.845710529
1.844462013
1.843055362
1.841414168
1.839444654
1.837051118
1.834162515
1.830763758
1.82692084
1.822789448
1.818600397
1.81462582
1.811135789
1.80835801
1.806446889
1.805463852
1.805371693
1.806048048
1.807317326
1.808990538
1.810897551
1.812902733
1.814904117
1.816824705
1.818603965
1.820192208
1.821549757
1.822648236
1.823472538
1.824021791
1.824309037
1.824359121
1.824206281
1.82389141
1.823460365
1.82296397
1.82245917
1.822009976
1.821687088
1.821563524
1.821706117
1.82216435
1.822959572
1.824078302
1.825472645
1.827067486
1.828773065
1.830499281
1.832168385
1.833724454
1.835138661
1.836411171
1.837568719
1.838658531
1.839738257
1.840862124
1.842066477
1.843356773
1.844699756
1.846023137
1.847223159
1.848177493
1.848760055
1.848854808
1.84836674
1.847227861
1.845398716
1.842864656
1.839628004
1.835696993
1.831077624
1.825777115
1.81982877
1.813346253
1.80659876
1.800075436
1.794478514
1.790587565
1.789003987
1.78989191
1.792882318
1.797212422
1.802008224
1.806546203
1.810391435
1.813410815
1.815710815
1.817543797
1.819207708
1.820952705
1.822910725
1.82506265
1.827249798
1.829221019
1.830697884
1.83144003
1.831302989
1.830284112
1.828550647
1.82643753
1.824397187
1.822899248
1.822305771
1.822773829
1.824233822
1.826449396
1.829119559
1.831968683
1.834792848
1.837461967
1.839895665
1.842032118
1.843801128
1.84510638
1.845817374
1.845771962
1.844791274
1.842710124
1.83942436
1.834949855
1.829476677
1.823385071
1.817188798
1.811402671
1.806396561
1.802341276
1.799299276
1.797384897
1.796830152
1.797861124
1.800467992
1.804268921
1.808590005
1.812696994
1.816016912
1.818243436
1.819325691
1.819397568
1.818699699
1.817517308
1.81613839
1.814826077
1.813798408
1.813213873
1.813162074
1.81366143
1.814664918
1.816074065
1.817759029
1.819580723
1.821411215
1.823148512
1.824725674
1.826112614
1.827311981
1.828350961
1.829270567
1.830114431
1.830918818
1.831705178
1.832475799
1.833213227
1.833882126
1.834432884
1.834806075
1.834936828
1.834758638
1.834207527
1.833228437
1.831785228
1.829879518
1.827579711
1.825060214
1.822638613
1.820783405
1.820051205
1.820930739
1.823630752
1.827920754
1.83313578
1.838360697
1.842696929
1.845488809
1.84644503
1.84565397
1.843514265
1.840595927
1.837457045
1.834473739
1.83176067
1.829227
1.826736811
1.824289415
1.822135959
1.820785901
1.82089138
1.823032629
1.827476958
1.834024525
1.8420262
1.850559149
1.85864777
1.865415319
1.870123378
1.872132573
1.870855588
1.865784234
1.856678853
1.843986633
1.8294108
1.81618347
1.80828165
1.808435182
1.816387247
1.829198444
1.843216212
1.855762125
1.865577571
1.872464708
1.876786018
1.879112445
1.8800363
1.880086506
1.879695133
1.879186583
1.878778425
1.878588461
1.878647419
1.878916075
1.879304223
1.879689772
1.879936766
1.879911365
1.87949566
1.878599049
1.877166935
1.875186207
1.872687005
1.869739259
1.866440026
1.862890834
1.859165752
1.85528144
1.851190664
1.846825423
1.842204909
1.837580858
1.833536844
1.830922327
1.830563964
1.83287387
1.837620742
1.844039985
1.851185448
1.858264155
1.864783506
1.870522101
1.875422495
1.879489892
1.882730882
1.885130841
1.886656024
1.887266244
1.886930179
1.885639605
1.883422081
1.880351854
1.876559288
1.872237141
1.867641126
1.863081731
1.858904053
1.855453739
1.853030916
1.851839082
1.851942092
1.853247289
1.855526177
1.858468245
1.861747618
1.865076993
1.868233623
1.871055293
1.873417893
1.875209363
1.876309916
1.876584895
1.875889681
1.874085146
1.871062898
1.866779616
1.861297369
1.854822048
1.847722856
1.840515446
1.833797585
1.828151146
1.824044094
1.821765239
1.82140414
1.822868287
1.825927141
1.830274344
1.835591355
1.841589825
1.848020083
1.854654705
1.861267258
1.86762506
1.873497761
1.878674679
1.882981551
1.886290709
1.888524987
1.889657996
1.889714501
1.888773297
1.886971925
1.884507774
1.881626592
1.878587221
1.875599242
1.872750588
1.869961418
1.867005095
1.863615809
1.859660686
1.855315414
1.851159062
1.848103081
1.847120221
1.848853988
1.853312768
1.859845537
1.867410637
1.874953211
1.881681789
1.887163413
1.891279014
1.894120609
1.895889475
1.896820088
1.897132806
1.897009446
1.896585343
1.895952147
1.895166936
1.894264449
1.893270232
1.892210629
1.891120675
1.89004738
1.889049704
1.888195274
1.887554425
1.88719296
1.887164532
1.887503647
1.888220146
1.889296567
1.890688981
1.892330381
1.894137033
1.896015734
1.897870817
1.899611049
1.901155134
1.902436019
1.903404403
1.904032592
1.904317229
1.904281466
1.903975335
1.90347279
1.902864242
1.902243855
1.901691364
1.901250386
1.900907133
1.900573535
1.900078127
1.89916859
1.897527769
1.894806941
1.890681278
1.884936136
1.877585483
1.869000345
1.859978779
1.851653698
1.845177936
1.841292033
1.840038742
1.840825159
1.842755261
1.844969131
1.846815519
1.847883215
1.848000967
1.84726042
1.84603116
1.844900661
1.844510284
1.845335539
1.84751898
1.850846628
1.85486851
1.859078855
1.863059846
1.866544484
1.8694105
1.871639972
1.873275359
1.874387211
1.875055293
1.875358742
1.875371095
1.875156919
1.874768825
1.874244949
1.873608079
1.872865898
1.872013997
1.87104057
1.869932244
1.868680023
1.867285611
1.865765017
1.864149556
1.86248226
1.860809903
1.859170986
1.8575825
1.856029363
1.854459921
1.852789105
1.850908042
1.848694347
1.846015217
1.842715951
1.838594377
1.833380877
1.826771367
1.818585768
1.809098911
1.799443021
1.791705321
1.788236489
1.790271549
1.796962376
1.80582633
1.814149623
1.820077614
1.822848119
1.822497582
1.819502082
1.81455725
1.808492276
1.802235746
1.796750846
1.79289471
1.791228673
1.791871919
1.79449315
1.798454154
1.803024342
1.807561369
1.811602276
1.814871874
1.817245056
1.818697556
1.819264616
1.81901274
1.818024388
1.816391845
1.814216483
1.811611422
1.808703476
1.8056319
1.80254232
1.799574655
1.796847501
1.794442561
1.792395708
1.790698554
1.789311464
1.788184152
1.787275795
1.786568127
1.786066536
1.785789609
1.785752122
1.785948679
1.786343703
1.786871178
1.787442424
1.78795785
1.788317653
1.788427345
1.788197849
1.787540373
1.786358349
1.784541069
1.78196324
1.778498484
1.774055014
1.76864301
1.76246984
1.756033691
1.750145649
1.745794484
1.743834524
1.744627175
1.747869282
1.752738749
1.758246523
1.763562902
1.76817109
1.771856898
1.77461728
1.776561639
1.777837849
1.778588662
1.778930443
1.778945136
1.778679658
1.778149126
1.77734129
1.776222227
1.774743607
1.772851281
1.770495543
1.767644046
1.764296768
1.760501702
1.756368828
1.752077458
1.747872438
1.744043276
1.740885321
1.73864833
1.737485182
1.737417429
1.738331232
1.740006149
1.742168022
1.744548146
1.746931565
1.74918121
1.751235808
1.753086255
1.754740727
1.756192456
1.757400416
1.758288655
1.758762715
1.758736023
1.758158246
1.757037403
1.755449822
1.753535007
1.751475409
1.749463998
1.74766865
1.746203116
1.745114901
1.744392754
1.743987775
1.743838791
1.743891378
1.74410655
1.744459508
1.744933306
1.745511831
1.746175097
1.746898135
1.747653429
1.748414124
1.749156814
1.749863261
1.750520158
1.751117486
1.751646409
1.752097252
1.752458069
1.752713798
1.752846491
1.752835958
1.75266068
1.752299205
1.751732296
1.750945196
1.749931316
1.748696389
1.747262633
1.745672366
1.74399009
1.742301454
1.740708488
1.739320205
1.738239112
1.737546286
1.737288694
1.737471154
1.738056808
1.738975079
1.74013497
1.741440228
1.742802074
1.744147827
1.745424932
1.746600835
1.747659723
1.748598595
1.749422692
1.750141978
1.750767372
1.75130893
1.751774721
1.752170055
1.752497056
1.752755212
1.75294226
1.753054928
1.753090811
1.753049896
1.752936549
1.752761281
1.752542227
1.752306111
1.752087549
1.751927171
1.751867194
1.751945448
1.752188155
1.752603057
1.753174923
1.75386554
1.754618529
1.75536782
1.756048084
1.756603433
1.756994493
1.757200728
1.7572191
1.757060355
1.756744763
1.756298592
1.755752013
1.755138797
1.754496469
1.753864965
1.753282326
1.752776664
1.752355226
1.75199577
1.751647328
1.751245986
1.75074939
1.750183289
1.749682213
1.749498478
1.749955491
1.75134529
1.753807637
1.757251625
1.761364482
1.765700843
1.769801843
1.773287902
1.775900307
1.777497602
1.778028715
1.777503881
1.775973818
1.773521825
1.770266741
1.766371728
1.762051391
1.757568854
1.753215576
1.749274339
1.745973368
1.743446732
1.741715976
1.740696397
1.740220097
1.740061549
1.73995965
1.739641547
1.738863092
1.7374796
1.735542529
1.733387164
1.731643344
1.731097186
1.732405516
1.735793799
1.740931674
1.747074502
1.753363646
1.759094026
1.763835903
1.767422093
1.769869882
1.771297432
1.771862853
1.771729036
1.771048167
1.76995748
1.768578787
1.76701752
1.765357827
1.763652356
1.761907126
1.76006353
1.757984243
1.755454097
1.752213564
1.748046838
1.742937955
1.737267291
1.731938834
1.728260415
1.727475686
1.730145358
1.735831674
1.743352103
1.751367876
1.758859307
1.76527289
1.770427189
1.77434975
1.777149967
1.778951313
1.779867883
1.780003055
1.779455874
1.77832809
1.776729469
1.77478027
1.772611097
1.770359736
1.768165552
1.766161539
1.764465076
1.763168556
1.762332769
1.761983654
1.762113067
1.762684082
1.763639056
1.764909446
1.766425067
1.768122522
1.769950984
1.771875605
1.773877832
1.775953307
1.778107394
1.780348907
1.782683822
1.785108835
1.787606536
1.790142838
1.792667363
1.795116411
1.797418197
1.799499478
1.801291633
1.802736753
1.803792365
1.804435086
1.804663644
1.804500367
1.803991722
1.803206146
1.802229412
1.801155943
1.800077573
1.799071385
1.798189828
1.797456273
1.796868404
1.79640823
1.796056949
1.795808679
1.795679108
1.795704949
1.795934218
1.796410731
1.797157129
1.798163421
1.799383895
1.800743574
1.802150882
1.803512826
1.804750212
1.805810933
1.806679938
1.807382688
1.807977469
1.808536369
1.809120048
1.809756885
1.810437601
1.811128548
1.811796772
1.812432963
1.813060329
1.813725355
1.814476665
1.815342611
1.816316985
1.817358052
1.818398148
1.819357513
1.820155794
1.820717093
1.820966245
1.820817149
1.820156038
1.81882536
1.816619042
1.813305508
1.808701937
1.802820003
1.796072807
1.789450543
1.784470255
1.782722724
1.78513263
1.791440005
1.800351668
1.810222098
1.819710908
1.828055979
1.835005767
1.84062104
1.845096752
1.848651336
1.851474511
1.853710495
1.855458569
1.856779407
1.857703014
1.858235518
1.858365339
1.858068531
1.85731361
1.85606711
1.854300025
1.8519951
1.849155489
1.845813999
1.842041476
1.837952082
1.833702404
1.82948162
1.825492418
1.821922727
1.818914819
1.816539351
1.8147824
1.813550868
1.812696492
1.812051731
1.811467906
1.810844804
1.810144428
1.809385545
1.808622995
1.807920079
1.807325199
1.806861242
1.806529598
1.806324283
1.806247896
1.806321954
1.80658736
1.807095349
1.807892724
1.809005967
1.810429494
1.812121427
1.814007707
1.815993094
1.817975717
1.819860976
1.821572577
1.823058449
1.824292039
1.8252705
1.826009912
1.826540121
1.826898927
1.827126942
1.827262439
1.827336642
1.82736926
1.827363909
1.827303412
1.827144965
1.826814646
1.826202044
1.825155695
1.823481545
1.820948198
1.817305339
1.812325144
1.805877466
1.798040041
1.789221911
1.780237336
1.772233954
1.76641359
1.763616273
1.763985278
1.766923354
1.771352587
1.776098891
1.780207526
1.783106341
1.784633686
1.784979773
1.784579592
1.78397835
1.783688119
1.78406535
1.78524041
1.787117553
1.789433185
1.791840944
1.793991913
1.795592115
1.796435709
1.796419351
1.795544835
1.793913909
1.791714728
1.789200091
1.786655662
1.784361611
1.782555185
1.781403112
1.780989664
1.78132032
1.782335584
1.783927863
1.785957417
1.788266385
1.790692094
1.793079743
1.795293365
1.797224123
1.798794702
1.799959599
1.800702524
1.801031693
1.800974458
1.800572335
1.799875747
1.798939464
1.797818709
1.796565115
1.795223463
1.793829686
1.792410273
1.790983284
1.789560394
1.788149079
1.786753306
1.785372279
1.783996771
1.782604494
1.781157495
1.779604495
1.777890038
1.775970534
1.773834906
1.771525401
1.769151396
1.766889471
1.764964192
1.763609028
1.763014768
1.763280494
1.764384786
1.766188468
1.768466767
1.770958658
1.773415252
1.775635373
1.777483542
1.778893928
1.779865525
1.780453666
1.780761167
1.780927642
1.781116263
1.781495294
1.782214983
1.783383031
1.785045439
1.787178979
1.789698813
1.792480857
1.795392048
1.79832045
1.801196934
1.804004297
1.806771158
1.809554405
1.812414026
1.81538836
1.818476154
1.821629615
1.824759304
1.827747102
1.83046204
1.832774359
1.834565946
1.835736792
1.836209983
1.835938584
1.83491663
1.833196223
1.830908615
1.828281624
1.825639772
1.823372226
1.821861082
1.821385478
1.822040341
1.823712724
1.826132035
1.828971476
1.831952392
1.834911967
1.837820176
1.84075299
1.843839282
1.847200279
1.85089745
1.854902655
1.859098344
1.863304556
1.867321156
1.870969145
1.874120774
1.876713848
1.878754138
1.880310569
1.881507042
1.882510283
1.883511007
1.884697412
1.886223545
1.888180293
1.890580539
1.893365369
1.896432865
1.899681322
1.903053135
1.906564958
1.910309882
1.914423033
1.919015249
1.924094612
1.929510781
1.934949345
1.939981995
1.944150132
1.947052365
1.948415315
1.948141082
1.946331855
1.943285065
1.939445896
1.935308198
1.931283716
1.927591603
1.924227264
1.921029985
1.917811075
1.914477238
1.911097902
1.907904719
1.905239622
1.903476723
1.902942522
1.903851725
1.906269878
1.910106014
1.91513292
1.92102504
1.927403106
1.933876114
1.940074914
1.945675285
1.950411624
1.954082415
1.956551398
1.957746544
1.957661171
1.956358862
1.953980804
1.950751622
1.946975132
1.943008568
1.939210038
1.935865458
1.933117745
1.93092786
1.92908882
1.927289933
1.925206257
1.922583374
1.919296015
1.915371576
1.910976421
1.906369845
1.901834321
1.897603024
1.893809271
1.890476523
1.887549332
1.884945463
1.882602415
1.880501043
1.878663068
1.877132158
1.875950627
1.875141446
1.874700124
1.874595252
1.874774757
1.87517347
1.875719893
1.876340831
1.876963532
1.877516188
1.877927448
1.878124947
1.878034336
1.877578972
1.876681657
1.875269068
1.87328022
1.870678991
1.867470913
1.863721477
1.859571739
1.855243201
1.851025434
1.847240713
1.844189192
1.842087655
1.841021947
1.840929971
1.841619947
1.842814024
1.844198239
1.845463426
1.846329126
1.846552779
1.845929853
1.844291141
1.841500684
1.837455739
1.832090098
1.825382271
1.817372791
1.808197772
1.79814317
1.787710284
1.777655626
1.768939018
1.762528978
1.759105976
1.758821883
1.761279424
1.765736672
1.771379558
1.777503096
1.783563425
1.789157591
1.793992733
1.797869839
1.80067792
1.802391516
1.803070376
1.802862166
1.802004648
1.800817396
1.799669513
1.79891758
1.798824083
1.799486517
1.800811079
1.802544717
1.80435052
1.805892597
1.806899145
1.807191687
1.806684748
1.805368172
1.803283507
1.800501425
1.7971038
1.79317204
1.788783684
1.784017321
1.778966155
1.773759335
1.76858707
1.763723444
1.759533084
1.756443619
1.754868027
1.755086503
1.757130915
1.760735984
1.765392838
1.770482414
1.775423399
1.779776074
1.78328177
1.785849958
1.787517884
1.788403778
1.788664201
1.788461128
1.787941359
1.787229654
1.78643428
1.7856612
1.785026026
1.78465404
1.784659522
1.785107238
1.785972036
1.787117673
1.788309329
1.789256505
1.789669477
1.789309836
1.78802355
1.785755593
1.782551358
1.778553109
1.773994316
1.769191058
1.76452423
1.760403851
1.75721136
1.755228771
1.754578524
1.755202045
1.756889606
1.759347385
1.762270467
1.765393845
1.768510955
1.771466756
1.774138994
1.776420766
1.778213004
1.779427622
1.780001038
1.779915824
1.779226168
1.778078779
1.776715372
1.775442026
1.774557755
1.774255572
1.774532464
1.77515317
1.775689456
1.775621696
1.774463317
1.771873547
1.767740347
1.762222241
1.755738001
1.748895406
1.742375261
1.736819301
1.732772753
1.730677729
1.730858337
1.733450513
1.738308082
1.744969966
1.752739361
1.760842571
1.768586641
1.77545418
1.781122593
1.785432299
1.788336157
1.789854453
1.790049212
1.789021581
1.786932044
1.784036844
1.780724166
1.777519385
1.775026298
1.773791905
1.774135228
1.776025851
1.779087633
1.782727504
1.786311046
1.789296633
1.791285524
1.79199916
1.791221257
1.78874306
1.78434504
1.777846245
1.769241258
1.758910945
1.747802682
1.737379147
1.729176458
1.724137141
1.722238708
1.722772528
1.724995505
1.728556457
1.733437986
1.739631099
1.746884571
1.754680631
1.762372317
1.769348062
1.775141891
1.77947795
1.782270627
1.783602383
1.783691676
1.782854964
1.781462526
1.779888603
1.778459138
1.777406258
1.776841372
1.77675422
1.777038707
1.777535495
1.778078687
1.778533219
1.778816899
1.778906616
1.778831853
1.778661346
1.778486514
1.77840448
1.778502821
1.778847454
1.779474311
1.780386074
1.781553646
1.782921967
1.784419138
1.785966993
1.787491256
1.788929411
1.790236121
1.791385321
1.792369735
1.793198746
1.793895397
1.794492397
1.795028116
1.79554296
1.796075554
1.796659021
1.797317615
1.798062836
1.79888982
1.799773255
1.800663124
1.801479823
1.802108994
1.802397212
1.802149714
1.801135472
1.79910707
1.795847734
1.791256715
1.785471906
1.778991358
1.772699899
1.767684915
1.764825897
1.764356859
1.765719308
1.767833279
1.769584445
1.770213761
1.769464107
1.767530449
1.764918834
1.762283737
1.760272469
1.75939286
1.759922689
1.761875797
1.765024526
1.768964186
1.77319752
1.777220745
1.78059498
1.782994229
1.784226276
1.784227932
1.783040134
1.780772379
1.777570552
1.773606287
1.769101703
1.764387786
1.759962544
1.756488669
1.75467869
1.755081709
1.757880064
1.762827655
1.769368236
1.776843523
1.784664151
1.792383458
1.799692658
1.806385788
1.812328395
1.817439377
1.821681763
1.82505571
1.827590165
1.829333475
1.830343685
1.830680455
1.83039931
1.829548335
1.828167638
1.82629021
1.823945074
1.821161143
1.817971367
1.814416206
1.810545559
1.806418252
1.802098524
1.797650912
1.793136248
1.788610816
1.784131237
1.779766052
1.775611224
1.771806022
1.768542347
1.766061802
1.764633531
1.764510186
1.765867044
1.768741379
1.772997397
1.778334908
1.78434219
1.790571649
1.796611754
1.802133501
1.806906874
1.810793704
1.813727614
1.815691673
1.816699252
1.81678071
1.81597634
1.814334975
1.811917255
1.808801705
1.805092349
1.800926052
1.796476796
1.791953711
1.787592253
1.783636426
1.780316158
1.777823176
1.776291038
1.775783612
1.776292643
1.777744145
1.780011277
1.782931083
1.786322209
1.790000911
1.793792655
1.797539003
1.801100134
1.804354648
1.807199458
1.809550013
1.811341536
1.812530822
1.813096887
1.813040159
1.812379327
1.811146652
1.809381732
1.807126608
1.804425214
1.801330925
1.797923677
1.79433412
1.790762962
1.787476491
1.784760166
1.78283204
1.781747394
1.781348121
1.781294532
1.781169642
1.78060626
1.779380415
1.777441639
1.774885115
1.771892686
1.768674628
1.765434257
1.76235788
1.75962029
1.757397894
1.755897497
1.755401079
1.75628159
1.758913558
1.763464088
1.769687404
1.776899832
1.784179013
1.790651942
1.795696997
1.798995284
1.800475315
1.800227152
1.798438083
1.79536842
1.791364172
1.786889836
1.782552498
1.779076209
1.777190679
1.777439453
1.779984103
1.784520917
1.790372842
1.796706053
1.802750541
1.807931847
1.811898829
1.814486525
1.815660398
1.815472348
1.81403834
1.811534253
1.808200333
1.804341676
1.800313409
1.796485565
1.793193473
1.790687351
1.789098824
1.788437101
1.78861721
1.789510208
1.790995552
1.792994266
1.795469899
1.798399892
1.801736358
1.805379732
1.809178719
1.812953453
1.816527811
1.819755679
1.822533073
1.824797455
1.826518488
1.827686591
1.828303143
1.828374414
1.827909551
1.826922444
1.825436925
1.823494203
1.82116061
1.81853367
1.815743041
1.812943586
1.810298835
1.80795554
1.806015587
1.804512395
1.803400724
1.802564558
1.801841401
1.801056249
1.800056648
1.798741409
1.797078746
1.795110596
1.792944665
1.790733565
1.788644776
1.786826464
1.785376359
1.784321983
1.783618888
1.783168983
1.7828543
1.782578745
1.78230608
1.7820826
1.7820367
1.782353966
1.783234594
1.784845043
1.787274529
1.790504647
1.794398835
1.798718297
1.803164686
1.807438808
1.811297617
1.814592294
1.817279438
1.819408966
1.82109619
1.822487972
1.823730041
1.824940544
1.826194187
1.827516297
1.828886685
1.830249031
1.831521556
1.832606384
1.833394859
1.833768847
1.833599381
1.832745707
1.831058884
1.828395391
1.824647145
1.819791642
1.813955744
1.80746546
1.800829266
1.794602784
1.78914385
1.784384016
1.779818091
1.774834819
1.769292181
1.763997298
1.760634242
1.760919224
1.765458399
1.773291863
1.782531808
1.791419677
1.79894745
1.804859631
1.809347732
1.812745852
1.815349944
1.817355019
1.818866222
1.819940362
1.820629193
1.821010621
1.821202208
1.821357632
1.82164919
1.822241664
1.823264022
1.82478636
1.82680848
