1.20612694
1.204044036
1.201757315
1.199612297
1.197907351
1.196893359
1.196763075
1.197607769
1.199365937
1.201817225
1.204646444
1.207544728
1.210286891
1.212749016
1.214874686
1.216622777
1.217927728
1.218687286
1.218776056
1.218075424
1.2165088
1.214073544
1.210862618
1.207068963
1.202968926
1.198891467
1.195186518
1.192202968
1.190264509
1.189618996
1.190361374
1.192374443
1.195342975
1.198844727
1.202464753
1.205873567
1.208850126
1.211266746
1.213062656
1.214222032
1.214760793
1.214719725
1.214160587
1.213163367
1.21182202
1.210238343
1.208513635
1.206739583
1.20499076
1.203321421
1.201768065
1.200357993
1.199120444
1.198095456
1.197336266
1.196904254
1.196856153
1.197227992
1.198021296
1.199196306
1.20067498
1.202352168
1.204111109
1.20583828
1.207433718
1.208815665
1.209920029
1.210697008
1.211106689
1.211115908
1.210697761
1.20983517
1.208528779
1.20680903
1.204750531
1.202484374
1.200200529
1.198133447
1.196526364
1.195581375
1.195411151
1.196012323
1.19727182
1.199000888
1.200980766
1.203003091
1.204896317
1.20653758
1.207853773
1.208816645
1.209435587
1.209749883
1.209821234
1.209726734
1.209551901
1.209383773
1.209303428
1.209378849
1.209658538
1.21016829
1.210911777
1.211874462
1.213030675
1.214350487
1.215804801
1.217367013
1.219011849
1.220712626
1.222438956
1.224155829
1.225823613
1.227398978
1.228835419
1.230082696
1.231085788
1.231783732
1.232109773
1.231994644
1.231374474
1.230205014
1.228481382
1.226259932
1.223673839
1.220930232
1.218278263
1.215949733
1.214093532
1.212736729
1.211796692
1.211138137
1.21064422
1.210265439
1.210028494
1.210007925
1.210278269
1.21086822
1.211733766
1.212758426
1.213777951
1.214620361
1.215149996
1.215306243
1.215128429
1.214758616
1.214414951
1.214334724
1.214701622
1.215584579
1.216917087
1.218525885
1.220192899
1.221721398
1.222982793
1.223935456
1.22461697
1.225116607
1.225536556
1.22595437
1.226398046
1.226841604
1.227220577
1.227457541
1.227486878
1.227271043
1.226807299
1.226127981
1.225296966
1.224403036
1.223549339
1.222838001
1.222350391
1.2221284
1.222163055
1.222395498
1.222731298
1.22306344
1.223296241
1.223363733
1.223239298
1.222936046
1.222500305
1.222000855
1.221516399
1.221123385
1.22088588
1.220848397
1.221032792
1.221438739
1.222047341
1.222826639
1.223737363
1.22473802
1.225788499
1.226851478
1.227892178
1.228875885
1.229763699
1.230506381
1.231036321
1.231257658
1.231034827
1.230181493
1.228455847
1.225574118
1.221265994
1.215403585
1.208221301
1.200564015
1.193945724
1.19012993
1.190265994
1.194215993
1.20072221
1.208222355
1.215550986
1.222130203
1.227808585
1.232633775
1.236700516
1.240083555
1.242819764
1.24490789
1.246309225
1.246944701
1.246691345
1.245384901
1.242839185
1.238898278
1.23354059
1.227041145
1.220147207
1.214126105
1.21049202
1.210391508
1.214012562
1.22051473
1.228527998
1.236764221
1.244337049
1.250760493
1.25580284
1.259341284
1.261271044
1.261472528
1.25983228
1.256322336
1.251142
1.244890316
1.238652346
1.233813915
1.231535771
1.232168753
1.235097763
1.239157086
1.243231793
1.246613018
1.249024308
1.250480888
1.251139935
1.251204347
1.250877445
1.2503464
1.249773644
1.249287008
1.248965054
1.248823142
1.248804854
1.248783878
1.248576398
1.247961523
1.2467059
1.244592146
1.241453754
1.237220809
1.231976276
1.226010773
1.219842462
1.21416163
1.209685575
1.206973188
1.206293099
1.207604608
1.210624055
1.214911474
1.219946756
1.225202091
1.230213226
1.234631254
1.23824088
1.240947554
1.242748987
1.243705718
1.243919297
1.243517848
1.242646153
1.241456356
1.240097082
1.238700483
1.237369291
1.236167767
1.235119323
1.234212461
1.233412695
1.2326766
1.231962969
1.231237995
1.230473686
1.229641342
1.228703575
1.227609446
1.226296436
1.224700745
1.22277501
1.220509172
1.217947227
1.215192965
1.212400265
1.209750547
1.207423859
1.205572007
1.204297926
1.203642568
1.203581128
1.204032032
1.204878217
1.205993692
1.207265034
1.208601822
1.209936078
1.21121647
1.212402643
1.213461472
1.214366505
1.215098824
1.215648358
1.216014527
1.216206025
1.216239414
1.21613752
1.215927607
1.215640243
1.215309313
1.21497278
1.214673318
1.214458059
1.214375683
1.214470745
1.214776233
1.215306381
1.216052201
1.216981763
1.218044991
1.219182043
1.220332854
1.22144559
1.222482969
1.223425774
1.224274114
1.225045813
1.225772354
1.226492172
1.227241416
1.228044318
1.228904516
1.229799837
1.230682092
1.231482106
1.232118329
1.232506704
1.232569872
1.232244493
1.231485241
1.23026581
1.228576437
1.226418669
1.223797996
1.220718416
1.217184743
1.21321918
1.208897502
1.204399173
1.20005029
1.196319009
1.193725043
1.192669324
1.193261273
1.195254878
1.198141615
1.201338816
1.204364136
1.206927623
1.208940543
1.210473877
1.211695865
1.212805139
1.21396847
1.215273817
1.216708434
1.218166532
1.219480679
1.220465256
1.22096002
1.220868659
1.220189408
1.219033764
1.21762502
1.216264792
1.215266165
1.214870514
1.215182553
1.216155881
1.217632931
1.219413039
1.221312455
1.223195232
1.224974645
1.22659711
1.228021412
1.229200752
1.23007092
1.230544916
1.230514641
1.229860849
1.228473416
1.226282907
1.223299904
1.219651118
1.215590047
1.211459198
1.207601781
1.204264374
1.201560851
1.19953285
1.198256598
1.197886768
1.198574082
1.200311994
1.202845947
1.20572667
1.208464663
1.210677941
1.21216229
1.212883794
1.212931712
1.212466466
1.211678206
1.210758927
1.209884051
1.209198939
1.208809249
1.208774716
1.20910762
1.209776612
1.210716044
1.211839353
1.213053815
1.214274143
1.215432342
1.216483782
1.217408409
1.218207987
1.21890064
1.219513711
1.220076287
1.220612545
1.221136786
1.221650533
1.222142152
1.222588084
1.222955256
1.22320405
1.223291218
1.223172425
1.222805018
1.222152291
1.221190152
1.219919679
1.218386474
1.216706809
1.215092409
1.213855604
1.21336747
1.213953826
1.215753834
1.218613836
1.22209052
1.225573798
1.228464619
1.230325873
1.230963354
1.23043598
1.22900951
1.227063952
1.224971364
1.222982493
1.22117378
1.219484667
1.217824541
1.216192943
1.214757306
1.213857268
1.213927586
1.215355086
1.218317972
1.222683016
1.228017467
1.233706099
1.239098513
1.243610212
1.246748919
1.248088382
1.247237058
1.243856156
1.237785902
1.229324422
1.2196072
1.21078898
1.2055211
1.205623455
1.210924831
1.21946563
1.228810808
1.23717475
1.243718381
1.248309805
1.251190679
1.25274163
1.253357533
1.253391004
1.253130089
1.252791055
1.25251895
1.252392307
1.252431613
1.252610717
1.252869482
1.253126514
1.253291177
1.253274243
1.252997106
1.252399366
1.251444623
1.250124138
1.248458003
1.246492839
1.244293351
1.241927222
1.239443835
1.236854294
1.23412711
1.231216948
1.228136606
1.225053905
1.222357896
1.220614885
1.220375976
1.221915913
1.225080495
1.22935999
1.234123632
1.23884277
1.243189004
1.247014734
1.250281663
1.252993261
1.255153921
1.256753894
1.257770683
1.258177496
1.257953453
1.25709307
1.255614721
1.253567902
1.251039525
1.248158094
1.245094084
1.242054487
1.239269368
1.236969159
1.235353944
1.234559388
1.234628061
1.235498193
1.237017452
1.23897883
1.241165078
1.243384662
1.245489082
1.247370195
1.248945262
1.250139576
1.250873277
1.251056597
1.250593121
1.249390097
1.247375265
1.244519744
1.240864913
1.236548032
1.231815237
1.227010297
1.222531723
1.21876743
1.216029396
1.21451016
1.214269427
1.215245525
1.21728476
1.220182896
1.22372757
1.22772655
1.232013389
1.23643647
1.240844838
1.245083374
1.248998507
1.252449786
1.255321034
1.257527139
1.259016658
1.259771997
1.259809667
1.259182198
1.257981283
1.256338516
1.254417728
1.252391481
1.250399495
1.248500392
1.246640946
1.244670063
1.242410539
1.239773791
1.236876943
1.234106042
1.232068721
1.231413481
1.232569325
1.235541845
1.239897024
1.244940425
1.249968807
1.254454526
1.258108942
1.260852676
1.262747072
1.263926317
1.264546726
1.264755204
1.264672964
1.264390228
1.263968098
1.263444624
1.262842966
1.262180155
1.261473753
1.260747117
1.260031586
1.259366469
1.258796849
1.258369616
1.25812864
1.258109688
1.258335765
1.258813431
1.259531045
1.26045932
1.261553587
1.262758022
1.264010489
1.265247211
1.266407366
1.267436756
1.268290679
1.268936268
1.269355062
1.269544819
1.269520978
1.26931689
1.26898186
1.268576161
1.26816257
1.267794243
1.267500257
1.267271422
1.267049023
1.266718751
1.266112393
1.265018513
1.263204627
1.260454186
1.256624091
1.251723655
1.24600023
1.239985853
1.234435798
1.230118624
1.227528022
1.226692495
1.227216773
1.228503507
1.229979421
1.231210346
1.231922144
1.232000645
1.231506947
1.23068744
1.229933774
1.229673523
1.230223692
1.23167932
1.233897752
1.236579007
1.239385904
1.242039898
1.244362989
1.246273666
1.247759982
1.248850239
1.249591474
1.250036862
1.250239162
1.250247397
1.250104613
1.249845883
1.249496633
1.249072053
1.248577265
1.248009331
1.24736038
1.246621496
1.245786682
1.244857074
1.243843345
1.242766371
1.24165484
1.240539935
1.239447324
1.238388333
1.237352908
1.236306614
1.235192736
1.233938695
1.232462898
1.230676812
1.2284773
1.225729585
1.222253918
1.217847578
1.212390512
1.206065941
1.199628681
1.194470214
1.19215766
1.193514366
1.197974917
1.20388422
1.209433082
1.213385076
1.215232079
1.214998388
1.213001388
1.209704833
1.205661517
1.201490497
1.197833898
1.19526314
1.194152448
1.194581279
1.196328767
1.198969436
1.202016228
1.205040913
1.20773485
1.209914583
1.211496704
1.212465037
1.212843077
1.21267516
1.212016259
1.210927897
1.209477655
1.207740948
1.205802317
1.2037546
1.20169488
1.199716437
1.197898334
1.196295041
1.194930472
1.193799036
1.19287431
1.192122768
1.191517197
1.191045418
1.190711024
1.190526406
1.190501415
1.190632453
1.190895802
1.191247452
1.191628283
1.1919719
1.192211769
1.192284897
1.192131899
1.191693582
1.190905566
1.189694046
1.187975493
1.185665656
1.182703343
1.17909534
1.174979894
1.170689127
1.166763766
1.163862989
1.162556349
1.163084783
1.165246188
1.168492499
1.172164349
1.175708601
1.178780726
1.181237932
1.183078186
1.184374426
1.185225233
1.185725775
1.185953628
1.185963424
1.185786439
1.18543275
1.184894193
1.184148151
1.183162404
1.181900854
1.180330362
1.178429364
1.176197846
1.173667801
1.170912552
1.168051639
1.165248292
1.162695517
1.160590214
1.159098887
1.158323454
1.158278286
1.158887488
1.160004099
1.161445348
1.163032098
1.164621044
1.166120806
1.167490539
1.16872417
1.169827151
1.170794971
1.171600277
1.172192436
1.172508476
1.172490682
1.172105497
1.171358269
1.170299881
1.169023338
1.167650272
1.166309332
1.165112433
1.164135411
1.163409934
1.162928502
1.162658516
1.162559194
1.162594252
1.1627377
1.162973006
1.16328887
1.163674554
1.164116732
1.164598757
1.165102286
1.165609416
1.166104542
1.166575507
1.167013439
1.167411657
1.167764273
1.168064835
1.168305379
1.168475865
1.168564327
1.168557305
1.168440454
1.16819947
1.16782153
1.167296797
1.166620877
1.165797592
1.164841755
1.163781577
1.16266006
1.161534302
1.160472325
1.159546804
1.158826075
1.158364191
1.158192463
1.158314102
1.158704538
1.159316719
1.16008998
1.160960152
1.16186805
1.162765218
1.163616621
1.164400557
1.165106482
1.165732397
1.166281795
1.166761318
1.167178248
1.167539287
1.167849814
1.16811337
1.168331371
1.168503475
1.168628173
1.168703286
1.168727207
1.168699931
1.168624366
1.16850752
1.168361485
1.168204074
1.168058366
1.167951447
1.167911463
1.167963632
1.168125437
1.168402038
1.168783282
1.169243693
1.169745686
1.170245213
1.170698723
1.171068956
1.171329662
1.171467152
1.1714794
1.17137357
1.171163175
1.170865728
1.170501342
1.170092531
1.169664313
1.16924331
1.168854884
1.168517776
1.168236817
1.16799718
1.167764885
1.167497324
1.16716626
1.16678886
1.166454809
1.166332319
1.166636994
1.167563527
1.169205092
1.171501083
1.174242988
1.177133895
1.179867895
1.182191935
1.183933538
1.184998401
1.185352477
1.185002588
1.183982545
1.182347883
1.180177827
1.177581152
1.174700927
1.171712569
1.168810384
1.166182893
1.163982245
1.162297822
1.161143984
1.160464264
1.160146731
1.160041033
1.1599731
1.159761031
1.159242062
1.158319733
1.157028353
1.155591443
1.154428896
1.154064791
1.15493701
1.157195866
1.160621116
1.164716334
1.168909097
1.172729351
1.175890602
1.178281396
1.179913254
1.180864955
1.181241902
1.18115269
1.180698778
1.179971653
1.179052525
1.17801168
1.176905218
1.175768238
1.174604751
1.173375686
1.171989495
1.170302731
1.168142376
1.165364558
1.161958637
1.158178194
1.154625889
1.15217361
1.151650457
1.153430239
1.157221116
1.162234735
1.167578584
1.172572872
1.176848593
1.180284793
1.182899833
1.184766645
1.185967542
1.186578589
1.186668703
1.186303916
1.18555206
1.184486313
1.183186847
1.181740731
1.180239824
1.178777035
1.177441026
1.176310051
1.175445704
1.174888513
1.174655769
1.174742045
1.175122721
1.175759371
1.176606297
1.177616711
1.178748348
1.179967323
1.181250403
1.182585221
1.183968871
1.185404929
1.186899271
1.188455881
1.190072557
1.19173769
1.193428558
1.195111575
1.196744274
1.198278798
1.199666319
1.200861089
1.201824502
1.202528244
1.202956724
1.203109096
1.203000244
1.202661148
1.20213743
1.201486275
1.200770629
1.200051716
1.199380924
1.198793219
1.198304182
1.197912269
1.197605487
1.197371299
1.197205786
1.197119405
1.197136633
1.197289478
1.197607154
1.198104752
1.198775614
1.199589263
1.200495716
1.201433921
1.202341884
1.203166808
1.203873955
1.204453292
1.204921792
1.205318313
1.205690913
1.206080032
1.20650459
1.206958401
1.207419032
1.207864515
1.208288642
1.208706886
1.209150237
1.20965111
1.210228407
1.21087799
1.211572035
1.212265432
1.212905009
1.213437196
1.213811395
1.213977497
1.213878099
1.213437358
1.21255024
1.211079361
1.208870338
1.205801292
1.201880002
1.197381871
1.192967029
1.189646836
1.188481816
1.19008842
1.194293337
1.200234445
1.206814732
1.213140605
1.218703986
1.223337178
1.227080693
1.230064501
1.232434224
1.234316341
1.235806997
1.236972379
1.237852938
1.238468676
1.238823678
1.238910226
1.238712354
1.238209073
1.237378073
1.236200016
1.2346634
1.232770326
1.230542666
1.228027651
1.225301388
1.222468269
1.219654413
1.216994945
1.214615152
1.212609879
1.211026234
1.209854933
1.209033912
1.208464328
1.208034488
1.207645271
1.207229869
1.206762952
1.20625703
1.205748663
1.205280053
1.204883466
1.204574161
1.204353065
1.204216189
1.204165264
1.204214636
1.204391573
1.204730233
1.205261816
1.206003978
1.206952996
1.208080951
1.209338471
1.210662063
1.211983811
1.213240651
1.214381718
1.215372299
1.216194693
1.216847
1.217339941
1.217693414
1.217932618
1.218084628
1.218174959
1.218224428
1.218246173
1.218242606
1.218202274
1.218096644
1.217876431
1.217468029
1.216770463
1.215654363
1.213965465
1.211536893
1.208216763
1.203918311
1.198693361
1.192814607
1.18682489
1.181489303
1.17760906
1.175744182
1.175990185
1.177948903
1.180901724
1.184065927
1.186805017
1.18873756
1.189755791
1.189986516
1.189719728
1.1893189
1.189125413
1.1893769
1.190160273
1.191411702
1.192955457
1.19456063
1.195994609
1.19706141
1.197623806
1.197612901
1.19702989
1.195942606
1.194476485
1.19280006
1.191103775
1.189574407
1.188370123
1.187602075
1.187326443
1.18754688
1.188223723
1.189285242
1.190638278
1.19217759
1.193794729
1.195386495
1.196862244
1.198149415
1.199196468
1.199973066
1.200468349
1.200687795
1.200649639
1.200381557
1.199917165
1.199292976
1.198545806
1.197710076
1.196815642
1.195886457
1.194940182
1.193988856
1.193040263
1.192099386
1.191168871
1.190248186
1.18933118
1.188402996
1.18743833
1.186402997
1.185260025
1.183980356
1.182556604
1.181016934
1.179434264
1.177926314
1.176642795
1.175739352
1.175343179
1.175520329
1.176256524
1.177458979
1.178977845
1.180639105
1.182276835
1.183756915
1.184989028
1.185929286
1.186577017
1.186969111
1.187174111
1.187285095
1.187410842
1.187663529
1.188143322
1.188922021
1.190030292
1.191452653
1.193132542
1.194987238
1.196928032
1.1988803
1.200797956
1.202669532
1.204514105
1.206369603
1.208276017
1.210258907
1.212317436
1.214419743
1.216506202
1.218498068
1.220308026
1.221849573
1.223043964
1.223824528
1.224139989
1.223959056
1.223277754
1.222130816
1.220605743
1.218854416
1.217093181
1.215581484
1.214574055
1.214256986
1.214693561
1.215808483
1.217421357
1.219314317
1.221301595
1.223274645
1.22521345
1.22716866
1.229226188
1.231466853
1.233931634
1.23660177
1.239398896
1.242203037
1.244880771
1.247312763
1.24941385
1.251142565
1.252502758
1.253540379
1.254338028
1.255006855
1.255674005
1.256464942
1.257482363
1.258786862
1.260387026
1.262243579
1.264288577
1.266454215
1.26870209
1.271043305
1.273539921
1.276282022
1.2793435
1.282729742
1.286340521
1.28996623
1.29332133
1.296100088
1.29803491
1.298943543
1.298760721
1.29755457
1.295523377
1.292963931
1.290205465
1.287522478
1.285061068
1.282818176
1.280686657
1.278540716
1.276318159
1.274065268
1.27193648
1.270159748
1.268984482
1.268628348
1.269234483
1.270846585
1.273404009
1.27675528
1.28068336
1.284935404
1.289250742
1.293383276
1.297116857
1.300274416
1.30272161
1.304367599
1.305164363
1.305107447
1.304239241
1.30265387
1.300501081
1.297983422
1.295339045
1.292806692
1.290576972
1.288745164
1.28728524
1.286059213
1.284859955
1.283470838
1.281722249
1.279530677
1.276914384
1.273984281
1.27091323
1.267889548
1.265068682
1.262539514
1.260317682
1.258366221
1.256630308
1.255068277
1.253667362
1.252442045
1.251421438
1.250633752
1.250094297
1.249800083
1.249730168
1.249849838
1.250115647
1.250479929
1.250893887
1.251309021
1.251677459
1.251951632
1.252083298
1.252022891
1.251719314
1.251121105
1.250179379
1.24885348
1.247119327
1.244980609
1.242480985
1.239714493
1.236828801
1.234016956
1.231493809
1.229459461
1.228058437
1.227347965
1.227286647
1.227746631
1.228542682
1.229465493
1.230308951
1.230886084
1.231035186
1.230619902
1.229527427
1.227667123
1.224970493
1.221393399
1.216921514
1.211581861
1.205465181
1.198762113
1.191806856
1.18510375
1.179292678
1.175019319
1.172737317
1.172547922
1.174186283
1.177157781
1.180919705
1.185002064
1.189042283
1.192771727
1.195995155
1.198579893
1.200451947
1.201594344
1.202046917
1.201908111
1.201336432
1.200544931
1.199779675
1.199278387
1.199216056
1.199657678
1.20054072
1.201696478
1.202900347
1.203928398
1.20459943
1.204794458
1.204456499
1.203578781
1.202189005
1.200334283
1.1980692
1.195448027
1.192522456
1.189344881
1.185977436
1.182506223
1.179058047
1.17581563
1.173022056
1.170962413
1.169912018
1.170057669
1.17142061
1.173823989
1.176928559
1.18032161
1.183615599
1.186517382
1.188854513
1.190566638
1.191678589
1.192269186
1.192442801
1.192307418
1.191960906
1.191486436
1.190956187
1.1904408
1.19001735
1.18976936
1.189773015
1.190071492
1.190648024
1.191411782
1.192206219
1.19283767
1.193112985
1.192873224
1.1920157
1.190503729
1.188367572
1.185702072
1.182662877
1.179460706
1.176349487
1.173602567
1.17147424
1.170152514
1.169719016
1.170134697
1.171259737
1.172898257
1.174846978
1.17692923
1.179007303
1.180977837
1.18275933
1.184280511
1.185475336
1.186285081
1.186667359
1.186610549
1.186150778
1.185385852
1.184476915
1.183628017
1.183038504
1.182837048
1.183021643
1.183435447
1.18379297
1.183747797
1.182975544
1.181249032
1.178493564
1.174814828
1.170492001
1.165930271
1.161583507
1.157879534
1.155181836
1.153785152
1.153905558
1.155633676
1.158872054
1.163313311
1.168492907
1.173895047
1.179057761
1.18363612
1.187415062
1.1902882
1.192224104
1.193236302
1.193366141
1.192681054
1.191288029
1.189357896
1.187149444
1.185012924
1.183350865
1.182527937
1.182756819
1.184017234
1.186058422
1.188485003
1.190874031
1.192864422
1.19419035
1.194666106
1.194147505
1.192495373
1.18956336
1.18523083
1.179494172
1.172607296
1.165201788
1.158252764
1.152784306
1.149424761
1.148159138
1.148515019
1.149997003
1.152370972
1.155625324
1.159754066
1.164589714
1.169787088
1.174914878
1.179565375
1.183427928
1.186318633
1.188180418
1.189068255
1.189127784
1.188569976
1.187641684
1.186592402
1.185639425
1.184937506
1.184560915
1.184502814
1.184692471
1.185023663
1.185385791
1.185688812
1.185877933
1.185937744
1.185887902
1.18577423
1.185657676
1.185602987
1.185668548
1.185898303
1.186316207
1.186924049
1.187702431
1.188614645
1.189612759
1.190644662
1.191660838
1.192619608
1.193490747
1.194256881
1.194913157
1.195465831
1.195930265
1.196328265
1.196685411
1.19702864
1.197383703
1.197772681
1.198211743
1.198708558
1.19925988
1.199848837
1.200442083
1.200986549
1.201405996
1.201598142
1.201433143
1.200756982
1.199404713
1.197231823
1.194171143
1.190314604
1.185994238
1.181799933
1.17845661
1.176550598
1.176237906
1.177146206
1.17855552
1.179722963
1.180142508
1.179642738
1.178353633
1.176612556
1.174855824
1.173514979
1.172928573
1.173281792
1.174583865
1.176683017
1.179309457
1.18213168
1.18481383
1.18706332
1.188662819
1.189484184
1.189485288
1.188693423
1.187181586
1.185047034
1.182404192
1.179401136
1.176258524
1.173308363
1.170992446
1.169785793
1.170054472
1.171920043
1.175218437
1.179578824
1.184562348
1.189776101
1.194922305
1.199795105
1.204257192
1.20821893
1.211626251
1.214454509
1.216703807
1.218393443
1.21955565
1.220229123
1.220453637
1.220266207
1.21969889
1.218778425
1.217526807
1.215963383
1.214107429
1.211980912
1.209610804
1.207030373
1.204278835
1.201399016
1.198433941
1.195424165
1.19240721
1.189420825
1.186510701
1.183740816
1.181204015
1.179028231
1.177374535
1.176422354
1.176340124
1.177244696
1.17916092
1.181998264
1.185556605
1.18956146
1.193714433
1.197741169
1.201422334
1.204604582
1.207195803
1.209151743
1.210461115
1.211132835
1.21118714
1.210650893
1.20955665
1.207944836
1.205867803
1.2033949
1.200617368
1.197651197
1.194635807
1.191728168
1.189090951
1.186877439
1.185215451
1.184194025
1.183855741
1.184195096
1.185162763
1.186674184
1.188620722
1.190881473
1.193333941
1.19586177
1.198359336
1.200733422
1.202903099
1.204799639
1.206366676
1.207561024
1.208353881
1.208731258
1.208693439
1.208252884
1.207431101
1.206254488
1.204751072
1.202950143
1.200887283
1.198615785
1.196222747
1.193841975
1.191650994
1.18984011
1.188554693
1.187831596
1.187565414
1.187529688
1.187446428
1.18707084
1.18625361
1.184961093
1.183256743
1.181261791
1.179116419
1.176956171
1.174905254
1.173080193
1.171598596
1.170598332
1.170267386
1.170854393
1.172609039
1.175642726
1.179791602
1.184599888
1.189452675
1.193767962
1.197131332
1.199330189
1.200316877
1.200151435
1.198958722
1.19691228
1.194242781
1.191259891
1.188368332
1.186050806
1.184793786
1.184959635
1.186656069
1.189680611
1.193581895
1.197804035
1.201833694
1.205287898
1.207932552
1.209657683
1.210440265
1.210314899
1.209358893
1.207689502
1.205466888
1.202894451
1.20020894
1.197657043
1.195462315
1.193791567
1.19273255
1.192291401
1.192411473
1.193006806
1.193997035
1.195329511
1.196979933
1.198933261
1.201157572
1.203586488
1.206119146
1.208635635
1.211018541
1.213170452
1.215022049
1.216531637
1.217678992
1.218457727
1.218868762
1.218916276
1.218606367
1.217948296
1.21695795
1.215662802
1.214107073
1.21235578
1.21049536
1.208629057
1.20686589
1.205303693
1.204010392
1.203008263
1.20226715
1.201709705
1.2012276
1.200704166
1.200037765
1.199160939
1.198052497
1.196740398
1.195296444
1.193822377
1.192429851
1.191217642
1.190250906
1.189547988
1.189079259
1.188779322
1.188569533
1.18838583
1.188204054
1.188055067
1.188024466
1.188235977
1.188823063
1.189896695
1.191516353
1.193669764
1.19626589
1.199145531
1.202109791
1.204959206
1.207531745
1.209728196
1.211519625
1.212939311
1.214064126
1.214991981
1.215820028
1.216627029
1.217462791
1.218344198
1.21925779
1.220166021
1.221014371
1.221737589
1.222263239
1.222512565
1.222399588
1.221830471
1.220705923
1.21893026
1.21643143
1.213194428
1.209303829
1.204976973
1.200552844
1.196401856
1.192762566
1.189589344
1.186545394
1.183223212
1.179528121
1.175998199
1.173756162
1.173946149
1.176972266
1.182194575
1.188354539
1.194279785
1.1992983
1.203239754
1.206231821
1.208497235
1.210233296
1.211570013
1.212577481
1.213293574
1.213752795
1.214007081
1.214134805
1.214238421
1.214432793
1.214827776
1.215509348
1.21652424
1.21787232
