0.06140968266
0.0621059776
0.06282497113
0.06344288441
0.06384887529
0.06395490866
0.06369483643
0.06304472395
0.06203252837
0.06074507441
0.05930053798
0.05781137494
0.05636522333
0.05501492631
0.05379059316
0.05271787812
0.05183020417
0.05116970417
0.05078379042
0.05071069117
0.05097228276
0.05156060027
0.05242953983
0.05350118529
0.05466464263
0.05579342219
0.05675221666
0.05741062644
0.05765152731
0.05739038384
0.05660356663
0.05534095838
0.05372365896
0.0519077262
0.05004700625
0.04826485479
0.04664831027
0.04525055687
0.04410392385
0.04321952234
0.04259808725
0.04222570976
0.04208105893
0.04213510468
0.04235254036
0.0426910437
0.04311424996
0.04358191572
0.04406284191
0.04453342003
0.04497482236
0.04537065748
0.04570630536
0.04596414629
0.04612006797
0.0461513942
0.04603844757
0.04576936055
0.0453469823
0.04478937651
0.0441283691
0.04340697408
0.04266998685
0.04196343825
0.0413256467
0.04079301752
0.04038858832
0.04013453634
0.04004746124
0.04013820495
0.04041598551
0.04088387154
0.04153709321
0.04235585043
0.04330593979
0.04433324633
0.0453612584
0.04630058655
0.04706333186
0.04757578596
0.0478036335
0.04774843909
0.04745371377
0.04698664731
0.04642836723
0.04585380732
0.04532558079
0.0448903594
0.04457533424
0.04439173796
0.04433742589
0.04439789635
0.04455089691
0.04476767728
0.04501498803
0.04526138115
0.04547678943
0.04563667583
0.04572077276
0.0457204258
0.04563627388
0.0454718073
0.04523806838
0.04494867275
0.04461526394
0.04425237187
0.04387063064
0.04348418037
0.04310772638
0.04276002573
0.04245753262
0.04222107392
0.04206963625
0.04202510157
0.04210861851
0.04234236021
0.04275121104
0.04335764726
0.0441792469
0.04522538769
0.0464887359
0.04793770943
0.04951598847
0.05113801773
0.05270986527
0.05414377092
0.05538394382
0.05641739829
0.05726741406
0.05797448194
0.05857280743
0.05907493275
0.05946732492
0.05972655537
0.05983001463
0.05977222192
0.05957452474
0.0592817522
0.05895544489
0.05865601221
0.05842932069
0.05829555988
0.05823765796
0.05820536645
0.0581225709
0.05790716139
0.05750292909
0.05689084535
0.05610090124
0.05519673603
0.0542566573
0.05334849997
0.05251845509
0.05178260287
0.05112859542
0.05052897223
0.04994971011
0.04936948455
0.04878053389
0.04819499181
0.04763689452
0.04713340186
0.0467055793
0.04636444179
0.0461096938
0.04592976533
0.04579849533
0.04568557253
0.04555185273
0.04536154353
0.04508798958
0.04471905873
0.04425995639
0.04373586551
0.04318062394
0.04263424327
0.04213009398
0.04169168562
0.04132972958
0.04104116001
0.04080796513
0.04060651203
0.04041062145
0.04019380117
0.03993622327
0.0396234693
0.03925169718
0.03882224474
0.03834675619
0.03783696384
0.0373137594
0.03679494883
0.03630201398
0.03585075883
0.03546036935
0.03514874067
0.03493456715
0.03484099664
0.03489676499
0.03513948074
0.03562079932
0.03640598848
0.03757472193
0.03921615033
0.04140331315
0.04414737217
0.04732320268
0.05059575873
0.05341631902
0.05518706261
0.05555459602
0.05460469849
0.05278381621
0.05062142209
0.04851250113
0.04666039297
0.04513223683
0.04393199218
0.04304386443
0.04245813787
0.04217269461
0.0421961829
0.04254734804
0.04325477287
0.04435926571
0.04590892255
0.04795196881
0.05051720003
0.0535692246
0.05696422152
0.06038768974
0.06335759685
0.0653346198
0.06593964982
0.06513706148
0.06323913141
0.0607334656
0.0580775071
0.05559735171
0.05348754697
0.05185753219
0.05077736669
0.05029926823
0.05047189762
0.05132844482
0.05285818879
0.05496002119
0.05738590112
0.05972883024
0.06149724047
0.06230622775
0.06206091801
0.06099284675
0.05950353804
0.05797293315
0.05664497813
0.0556212623
0.05490954269
0.05446738775
0.054230067
0.05413387009
0.05411896711
0.05412954414
0.05412524337
0.05408132802
0.05399553699
0.0538934751
0.05382252352
0.05384858523
0.05404997055
0.054504218
0.05528016339
0.05642380285
0.0579406842
0.0597790765
0.06181051347
0.06383129717
0.06558487829
0.06681540496
0.06732979321
0.06704334449
0.06598119543
0.06425472968
0.06203083603
0.0595060714
0.05687969593
0.05432684949
0.05198336438
0.04993565825
0.04822858956
0.04687231073
0.04585277858
0.04513941091
0.04468911745
0.04445120797
0.04437127258
0.04439469036
0.04447212154
0.04456641552
0.04465324758
0.04472115608
0.04477205565
0.04481567523
0.04486387886
0.04493144198
0.04502868911
0.04516345128
0.04534552263
0.04558855619
0.04590741861
0.04632194463
0.04685121204
0.04750526886
0.0482795113
0.04914895888
0.05007070367
0.05098102844
0.05181297799
0.05249566063
0.05297377057
0.0532105753
0.05319164951
0.05293023301
0.05245596414
0.05181394229
0.0510516321
0.05021382453
0.04933597809
0.04844774265
0.04757366521
0.04673203601
0.04593871666
0.04520650954
0.04454576073
0.04396133833
0.04345624232
0.04302915664
0.04267141071
0.04237877259
0.04213885616
0.04194081553
0.04177236467
0.04161800924
0.04146160247
0.04128624699
0.04107435877
0.04081075424
0.04048388733
0.0400930187
0.03964246587
0.03914533213
0.03862325117
0.03809834389
0.0375947897
0.03713296458
0.03672698069
0.03638769909
0.03611455796
0.03590406232
0.03574710495
0.03563034013
0.03554494657
0.03548534053
0.0354533023
0.03546053546
0.03552634616
0.03567895928
0.03594851224
0.03636645227
0.03696093272
0.03775530231
0.03875963639
0.03998471054
0.04142849211
0.04308328809
0.04493892535
0.04698321597
0.04920106789
0.05156698709
0.05403285277
0.05651415433
0.05887486475
0.06093517426
0.06250583367
0.06344972667
0.0637371009
0.06345848662
0.06279510452
0.06194816389
0.06108681876
0.06031147637
0.05965785962
0.05910552813
0.058604959
0.05809644478
0.05752870615
0.05688333882
0.05617015886
0.05543394328
0.05473661936
0.05414554221
0.05371373114
0.05347579718
0.05342464058
0.05351772674
0.05367164217
0.05377805371
0.05373063086
0.0534470253
0.05289693245
0.05210185147
0.05112001319
0.05002401035
0.04888315796
0.04774971783
0.04666109055
0.04564446817
0.04472366039
0.04392111222
0.04326925641
0.04280440348
0.04256663924
0.04260246883
0.04294308033
0.04360938139
0.04458701137
0.04581992795
0.04720616781
0.04861852727
0.04993118614
0.05105168519
0.05193397924
0.05255282137
0.05287572822
0.05284679419
0.05242250543
0.05161963834
0.05054083155
0.04934873715
0.04821779594
0.04728154419
0.04661131239
0.04622164209
0.04608403004
0.04614256168
0.04633313857
0.04658767793
0.04684175688
0.0470464143
0.04716294383
0.0471695371
0.04706327557
0.04685769562
0.04657508003
0.04624849788
0.04591225983
0.04559732381
0.04532866097
0.04512360888
0.04498905618
0.04492640152
0.04493039918
0.04499048354
0.04509718023
0.04524301853
0.04542283973
0.04563381323
0.04588079562
0.04617180844
0.04651546648
0.04692435582
0.04741200633
0.04798990501
0.04866982703
0.04945854534
0.05035750272
0.05135875645
0.05243378762
0.0535317638
0.05456877457
0.05542812364
0.05597870537
0.05611552457
0.055803323
0.05511191129
0.05420799503
0.05331103083
0.0526302171
0.052316969
0.05243555336
0.0529605696
0.05379688265
0.05480999998
0.05586735199
0.05688034265
0.05781560062
0.0586812835
0.05949516495
0.06023845167
0.06084111082
0.06117834651
0.06110041846
0.06048597509
0.05929556769
0.05759903236
0.05556966131
0.05343898781
0.0514511407
0.04982361423
0.04874177969
0.04836108304
0.04881736881
0.05021282487
0.05256770919
0.05572606166
0.05923209815
0.06230385161
0.0640411289
0.06387872117
0.06193913351
0.05891218171
0.05561746515
0.05264880789
0.05029273126
0.04860468339
0.04751612831
0.04690896685
0.04665425961
0.04663423522
0.04674751766
0.04691908475
0.04709665097
0.04725156341
0.04737337783
0.04747034497
0.04756289807
0.04767623805
0.04784306377
0.04809248864
0.04845013596
0.04893458635
0.04955521965
0.05031160317
0.05119031977
0.05217078515
0.05322317737
0.05431956932
0.05543541902
0.0565585364
0.05769325432
0.05883694106
0.05996892814
0.06101058347
0.06181216536
0.06217093666
0.0619053227
0.06093883404
0.05934422257
0.05731012086
0.05506625502
0.05280499592
0.05065367263
0.04867728921
0.04690718572
0.04535822519
0.04404131912
0.04297092063
0.04216211367
0.04162754457
0.04137615395
0.04140974723
0.04171735437
0.04227570583
0.04304549842
0.04397308905
0.04498852146
0.04600839005
0.04694419219
0.04770835796
0.04822802462
0.0484538319
0.04837514168
0.04801501806
0.04743282532
0.04670626885
0.04591639549
0.04513501875
0.04442452187
0.04382737369
0.04338185008
0.04312165629
0.04307657695
0.04328412105
0.04377711724
0.04458268196
0.04572022146
0.04718691335
0.04895523716
0.05095931885
0.0530910413
0.05521408504
0.05717392611
0.05882404086
0.06004299745
0.06075992156
0.06095141625
0.06063722727
0.05987362543
0.05873532185
0.05730375532
0.05565634081
0.05386362558
0.05199471056
0.05011709381
0.0483010399
0.04661368521
0.04511619414
0.04386150603
0.04288626706
0.04221560549
0.04185906454
0.04181181301
0.04205288654
0.04254803991
0.04324569024
0.04408131923
0.04499160757
0.04592183363
0.0468454079
0.04777575113
0.04875181228
0.0498194324
0.05098941211
0.05219727176
0.05329052477
0.05404768461
0.05424886257
0.05376039826
0.05259850068
0.05092756241
0.04899916473
0.04705936048
0.04529827984
0.04381963735
0.04265911751
0.04180452378
0.04121585358
0.0408436432
0.04063839489
0.04055977634
0.04057480878
0.04066090054
0.04080001034
0.04098150678
0.04119541062
0.04143327158
0.04168138189
0.04192608029
0.04215014582
0.04233373128
0.04246061912
0.04251196358
0.0424771819
0.04234827259
0.04212509224
0.04181372654
0.04142620838
0.04098450359
0.04051106257
0.04003217102
0.03957370219
0.0391617303
0.03881750311
0.0385616992
0.03840772649
0.03836388191
0.03843148563
0.03860421963
0.03886966101
0.0392118928
0.03960763972
0.04003455887
0.04047523668
0.04091968895
0.04137232864
0.04185531742
0.04241050096
0.04309607273
0.04398344215
0.04514689683
0.04665327177
0.04853616982
0.05077012491
0.05324598135
0.05575873507
0.05803594277
0.05981105419
0.06092507183
0.06137830336
0.06131248609
0.06093245616
0.06043167097
0.05996069886
0.05961235668
0.05942381049
0.05936760377
0.05935486153
0.05924860457
0.05890529744
0.05822427286
0.05718452815
0.05584459446
0.05431600185
0.05272184662
0.05116204224
0.04970614161
0.04838989668
0.04722568513
0.04621062902
0.04533545698
0.04458589486
0.04394832501
0.04340830696
0.04295348191
0.04257301291
0.04226016029
0.04201114165
0.04182336358
0.04169925502
0.04164019568
0.04165038864
0.04172927996
0.04187616754
0.04208587135
0.0423491687
0.04265473638
0.04299141464
0.04334891376
0.04372388434
0.04411816263
0.04454311196
0.04501910055
0.04557050397
0.04622206084
0.04700235932
0.047943776
0.04908778206
0.05048662331
0.05219203485
0.05421766916
0.05646026485
0.05862284191
0.0602079832
0.06069843367
0.05986450039
0.05795152081
0.05554280163
0.05325441169
0.05150149242
0.05045843932
0.05011795781
0.05037326256
0.05106023177
0.05197952955
0.0529076835
0.05361326601
0.05389947688
0.0536408252
0.05281794038
0.05151715329
0.04989325295
0.04812127419
0.04635442422
0.04470886449
0.04325746383
0.04203583697
0.04105785686
0.04032330409
0.03981878782
0.039527394
0.03942740846
0.03949388556
0.03969726375
0.04000216885
0.04037100986
0.04076683338
0.04115223232
0.04149466655
0.0417712634
0.04197055816
0.04209384558
0.04214660568
0.04213998528
0.04208181243
0.0419738812
0.04181643725
0.04160736325
0.04134577873
0.04103726477
0.04069347524
0.04033333637
0.03998293105
0.03966863007
0.03941645871
0.03925540903
0.0392087397
0.03929797341
0.03954713083
0.03998200566
0.0406294762
0.0415118758
0.0426402209
0.04399600797
0.04551376111
0.0470587718
0.04843203482
0.04939954088
0.04977100618
0.04948109396
0.04861330518
0.04736664977
0.04597192188
0.04462323249
0.04344680334
0.04249800311
0.04178741105
0.04129802248
0.04100225168
0.04087145472
0.04088191098
0.04101880803
0.04126927203
0.04163249892
0.04210854932
0.04270239867
0.04342354199
0.044279523
0.04527493723
0.04640800931
0.0476694335
0.04903577708
0.05046832884
0.05191305432
0.05329592906
0.05454035483
0.05556800949
0.05631455632
0.05674236504
0.05684686849
0.05665796836
0.05623208786
0.05563627546
0.05494034701
0.05420140548
0.05345819648
0.05273367402
0.05203908918
0.05137972472
0.0507675179
0.05021688467
0.04975033593
0.04939513421
0.04917026155
0.04908764473
0.04914387096
0.04931954834
0.04957722975
0.04987375725
0.05016167733
0.05039951193
0.0505608751
0.05063225377
0.05061658166
0.05052360589
0.05036590751
0.05015731925
0.04990679149
0.04961983743
0.04930107749
0.04895736663
0.04859372102
0.04821840924
0.04783788331
0.04746051781
0.04709240155
0.04674005163
0.0464073928
0.04609919016
0.0458177249
0.04556631877
0.04534749683
0.04516691303
0.04502948776
0.04494063811
0.04490245098
0.04492182263
0.04500233935
0.04514647041
0.04535162417
0.04561558547
0.04593037109
0.04628103123
0.04665012118
0.04701297582
0.04734531794
0.04761674793
0.04780356723
0.04788477071
0.04785071592
0.04770172297
0.04745041953
0.04711354312
0.0467158043
0.04628320632
0.045839496
0.04540594939
0.04499963857
0.04462958041
0.04430207279
0.04402322619
0.04379424513
0.04361273673
0.04348083043
0.0433956745
0.04335709608
0.04336517668
0.04341841686
0.04351862097
0.04366241622
0.04385215891
0.04408583808
0.04436238862
0.04467771102
0.04502809423
0.04540590457
0.04580281774
0.04620721813
0.04660695042
0.04699069898
0.04734689553
0.04766830112
0.04795142743
0.04819863118
0.04841821929
0.04862176308
0.04882461516
0.04904059962
0.0492817703
0.04955544157
0.04986387907
0.05020672405
0.05057779336
0.05097104329
0.05137713193
0.05178795125
0.05218944544
0.05257097649
0.0529210597
0.05322805538
0.05348284758
0.05368266987
0.05383015622
0.05393440862
0.05400848069
0.05405793123
0.05407052851
0.05401091721
0.05382093083
0.05342672161
0.05276926698
0.05182605633
0.0506330662
0.04927432877
0.04786286382
0.04651530106
0.04532746587
0.04436716435
0.04367394939
0.04326580509
0.04314359487
0.0432942179
0.04369941368
0.04432272168
0.04512243928
0.04603920468
0.04700509029
0.04794333638
0.04878385701
0.04946869515
0.0499647472
0.05026500756
0.05038982795
0.05037667424
0.05027912313
0.05015783123
0.05007585504
0.05008686303
0.05021643508
0.05044563532
0.05068757294
0.05079215875
0.05058391135
0.04992300518
0.0487794371
0.04724820367
0.04551118795
0.04377423951
0.04220581552
0.04091056873
0.03993579895
0.03928403661
0.03893435356
0.03885545953
0.03901031667
0.03936255767
0.03988031906
0.04053231997
0.04129049538
0.04213198898
0.04304102396
0.04401379915
0.04505696465
0.04619868747
0.04748027113
0.04894736637
0.05063032911
0.052503976
0.05445074002
0.0562330981
0.0575335307
0.05807125339
0.05773294181
0.0566346168
0.05505864816
0.05331323145
0.05163734619
0.05017148624
0.04897196414
0.04804967669
0.04739375256
0.04698687366
0.04680738822
0.04683757149
0.04705251978
0.04742881384
0.04793508989
0.04853906962
0.0492054674
0.04989479406
0.05056935631
0.05119192527
0.0517303075
0.0521582264
0.05245816431
0.05262142566
0.05264975922
0.05254980497
0.05233346872
0.05202006593
0.05162573691
0.05116665213
0.05065639386
0.05010562333
0.04952031566
0.04890463423
0.04825937936
0.04758650156
0.04688799763
0.04616972487
0.04543937511
0.04470743236
0.04399194847
0.04330988638
0.04268192968
0.04213062878
0.0416724161
0.04132370164
0.04109659684
0.04099632649
0.04102433206
0.04117295856
0.04143210248
0.04178250418
0.04220253274
0.04266752165
0.04315371894
0.04364186915
0.0441175531
0.0445744558
0.04500873622
0.04542230299
0.04581830781
0.04619553249
0.04654716837
0.04686286454
0.04713113417
0.0473416195
0.04748979261
0.04758034045
0.04762398635
0.04763932443
0.04764923023
0.04767412219
0.04773357074
0.0478398624
0.04799391669
0.04819003805
0.04841421887
0.04864852023
0.04887969927
0.04910177485
0.04931545112
0.04952885618
0.04974692846
0.0499731692
0.0501981262
0.05041196606
0.05060557141
0.05077192654
0.05091544622
0.05104507725
0.05117815085
0.05133457662
0.05153302995
0.05179147811
0.05212698737
0.05256002083
0.05311370049
0.0538227187
0.05472684749
0.05586781449
0.05726704928
0.05889501627
0.06062405778
0.06219555992
0.06324606052
0.06341618471
0.0625199489
0.06064544252
0.05810759653
0.0552893501
0.05250158622
0.04993195015
0.04765201666
0.04566471896
0.04394187431
0.04244681384
0.04114749424
0.04001906579
0.03904506208
0.03821594978
0.03752982633
0.03698677757
0.03659087083
0.03635034665
0.03627353764
0.03636581432
0.03663295767
0.03707529904
0.03768852019
0.03845801786
0.03936144398
0.04036430321
0.04142257611
0.04248507877
0.04349804155
0.04441296475
0.04519532862
0.04582452712
0.04630426574
0.04665461725
0.04690819388
0.04710299768
0.04727308942
0.04743972427
0.04761101385
0.04777931812
0.04793221446
0.04805537604
0.04813506545
0.04816556821
0.04814275469
0.04806741137
0.04793575441
0.04773989557
0.04746980721
0.04711356946
0.04666283679
0.04611434123
0.04547196098
0.04475243542
0.04397629793
0.04317264749
0.04237106749
0.04159867458
0.04087957479
0.04023122869
0.03966401594
0.03918353999
0.0387902315
0.03848059948
0.0382488508
0.03808773437
0.03799031116
0.03795351977
0.0379738751
0.03805238074
0.03819610167
0.03841782576
0.03873501189
0.03917616106
0.03977758147
0.04058254472
0.04164051594
0.04300473002
0.04471133175
0.04677323974
0.04914861651
0.05171371683
0.05425634988
0.05649207843
0.05814202263
0.0590180039
0.05910168367
0.05854107397
0.05758779119
0.0565137571
0.05553783012
0.05479019382
0.05430658526
0.05404751645
0.05391448787
0.05378369885
0.05354422383
0.05312129537
0.0524928821
0.05168757914
0.0507723703
0.04983394016
0.04895532531
0.04820849308
0.04764240697
0.047281045
0.04712216249
0.04714054768
0.0472874959
0.04750176708
0.04771290354
0.04785114595
0.04786021473
0.04770146332
0.04735546111
0.04682307839
0.04612091398
0.04527782726
0.04433366506
0.04333092383
0.04231530802
0.04132814766
0.04040776703
0.03958779041
0.03888905804
0.03832816914
0.0379120703
0.0376419315
0.03751223815
0.03751418707
0.03763625203
0.03786441473
0.03818491851
0.03858342316
0.03904656548
0.0395627628
0.04012336252
0.04072032754
0.04134938532
0.04200343891
0.04268075165
0.04337700403
0.04409130989
0.04482593464
0.04558594252
0.04637979882
0.04721438214
0.04809418346
0.04901514051
0.04995873181
0.05089222274
0.0517671018
0.05252679045
0.05311447128
0.05348359777
0.05361294878
0.05351069282
0.05321443234
0.0527781786
0.05226593084
0.05174061173
0.05125152936
0.05083193406
0.05050122947
0.05026068433
0.05009813716
0.04998949556
0.04990312327
0.04980076408
0.04964392043
0.04939907735
0.04904205291
0.0485651677
0.04797727067
0.04730301806
0.04657155067
0.0458191143
0.04507293849
0.04435372254
0.0436674107
0.04301221813
0.04237811816
0.04175807067
0.0411483736
0.04055514405
0.03999416224
0.0394923098
0.03908055785
0.03879509259
0.03866601939
0.0387241993
0.03899137537
0.03948291177
0.04020541287
0.0411541659
0.04230635684
0.04362091199
0.04503190352
0.04645140888
0.04777934116
0.04892096905
0.04980724826
0.05041456773
0.05076852874
0.05092968111
0.05096956195
0.05095113506
0.05090840695
0.05084911765
0.05075716848
0.05060599078
0.05037129269
0.05004514438
0.04964070492
0.0491891526
0.04873701709
0.04833296968
0.04802017525
0.04782969877
0.04777648358
0.04785761436
0.04805513981
0.04833894234
0.04866669906
0.04899398017
0.0492728192
0.04947041191
0.04956573424
0.04955663557
0.0494567084
0.04929329603
0.04909018368
0.04886087538
0.04860350627
0.04830023117
0.04792648919
0.047464734
0.04692277598
0.04634474479
0.04581218459
0.04542505383
0.04529010754
0.04549631996
0.04609769173
0.04710726541
0.04848435914
0.05014351965
0.05196677338
0.05382554316
0.0556143343
0.05726987572
0.05878557135
0.06018404477
0.06149632254
0.06273181067
0.06386403221
0.06483385118
0.06555647949
0.06594664528
0.06593307584
0.06547324482
0.06456184377
0.06323006529
0.06154495484
0.05959687209
0.057488229
0.05532730608
0.05321231521
0.05123534759
0.04946960538
0.04797389842
0.04678740841
0.04593325024
0.04541418198
0.04521293681
0.04529421135
0.04559869877
0.04604968588
0.04655743198
0.04703500903
0.04741464174
0.04766328907
0.04779360981
0.04785376298
0.04791766263
0.04806045344
0.0483397112
0.04878238237
0.04938067188
0.05009247461
0.05085762018
0.05160898411
0.05229048174
0.05286871509
0.05333347622
0.05369342656
0.05396020373
0.05414263828
0.0542388401
0.05423960948
0.05413317274
0.05390902598
0.05356137802
0.05309278172
0.05251413417
0.05183895969
0.05108705832
0.0502790905
0.04943824687
0.04858720771
0.04774854702
0.04694583653
0.0462029941
0.04554283056
0.0449879883
0.04456117666
0.04428189833
0.04416633924
0.04422137769
0.04444304049
0.0448129476
0.04529341312
0.04582739439
0.04634393906
0.04676362119
0.04701737155
0.04706024423
0.04687364976
0.04647991841
0.04593027628
0.04529722312
0.04465965262
0.04409815956
0.04368481485
0.04348045837
0.04353872424
0.04390078976
0.04459528291
0.04564251119
0.04704901079
0.04880812141
0.05089256975
0.05325023111
0.05578734661
0.05836167005
0.06077329361
0.06278159208
0.06415637073
0.06474482679
0.06452145975
0.06358587963
0.06211823833
0.06031444084
0.05834854746
0.05635892317
0.0544544689
0.05271848244
0.05120873907
0.04995678299
0.04897892552
0.04826166512
0.04777283739
0.04745486676
0.04723395237
0.04702405261
0.04674308805
0.04633624673
0.04578629737
0.04512001099
0.04440223673
0.04371450411
0.04313612144
0.04273371344
0.04254958649
0.04260349977
0.04289805313
0.04342194913
0.04415476777
0.04507170868
0.04614761937
0.04735399379
0.04866308503
0.0500401604
0.05144180905
0.05280773636
0.0540628564
0.05510893213
0.05584152362
0.05616212483
0.05601159313
0.05538870231
0.05436734333
0.05307465002
0.05166030568
0.05026568971
0.04899635144
0.04792055803
0.04706300075
0.04641860093
0.04596465143
0.04566625875
0.04548445955
0.04538421359
0.04533650952
0.04531247996
0.04528530153
0.04522632254
0.04510622619
0.04490355169
0.04460577012
0.04422712877
0.04380469185
0.04340060153
0.04308700962
0.04293212405
0.04299195462
0.04330026284
0.04386633628
0.04467225615
0.04567750578
0.04681726989
0.04800843933
0.04915265984
0.0501462415
0.05089694459
0.05133899277
0.05144421656
0.05123015615
0.05074989335
0.05007533662
0.04928318039
0.048439356
0.04760203571
0.04681333025
0.04610954352
0.04552367665
0.04508279907
0.04481180811
0.04472764593
0.04483191611
0.04510873146
0.045521509
0.04600972707
0.04650320749
0.04693163705
0.04725634254
0.04748367826
0.04767140545
0.04792182673
0.04835155505
0.04906835356
0.05013929172
0.0515778885
0.05332894091
0.05527974693
0.05727308162
0.05913847604
0.06071520828
0.06186701905
0.06248556849
0.06249529958
0.06187367951
0.06066928991
0.05900373998
0.05705380509
0.05501341334
0.05305490089
0.05131338177
0.04987477625
0.04878800661
0.04807345538
0.04773352268
0.04775532583
0.04811339511
0.04876356593
0.04963881139
0.05063880389
0.05163288174
0.05247750356
0.05304787904
0.05327758411
0.05318260089
0.05285889783
0.05244879156
0.05210223941
0.05194860081
0.05208345596
0.05257549422
0.05347561753
0.05482877387
0.05667398554
0.05903692959
0.06188484692
0.06509568702
0.06841407544
0.07147719215
0.07392263096
0.0755370499
0.07632612135
0.07643996406
0.07603197449
0.07517668743
0.07388297809
0.07217371404
0.07012780052
0.06788393714
0.06560714586
0.06345086544
0.06153542994
0.05993445772
0.05867533424
0.05774470809
0.05709550435
0.05665500857
0.05633773565
0.05605872577
0.05574169145
0.05533562683
0.05481497834
0.05418353186
0.05346678155
0.05270289645
0.05193227183
0.05118473914
0.05048027009
0.04982499887
0.04921245859
0.04862671622
0.04804794095
0.04745429279
0.04682957732
0.04615667201
0.04543226757
0.04465814634
0.04384431657
0.04300634959
0.04216433218
0.04134124138
0.04055837223
0.03983197599
0.03917669575
0.03860027295
0.03810810198
0.03770039889
0.03737342967
0.03712093222
0.03693534248
0.03680899919
0.03673298953
0.03670166401
0.03671141008
0.03676016504
0.03685234497
0.03699572569
0.0372052037
0.03749969856
0.03790988445
0.03847302803
0.03923249807
0.04024078055
0.04154766243
0.04319187675
0.04517946629
0.04745519377
0.04988224351
0.05223557298
0.05425880043
0.05575553842
0.05668325489
0.0571785295
0.05748545769
0.05785088027
0.05843485376
0.05928568407
0.06035080891
0.06150800644
0.06260161861
0.0634836782
0.06403859614
0.06420605263
0.06398958062
0.06345089439
0.06268870968
0.06182762969
0.06099093522
0.06028435228
0.05978815697
0.05954945632
0.05958281875
0.05987697112
0.06040316996
0.0611192919
0.06197492451
0.06290443428
0.06381473554
0.06457382062
0.06501661455
0.064975956
0.06433103635
0.06304969315
0.06119972546
0.05892117713
0.05637595899
0.05371410238
0.05105325107
0.04848135023
0.04606271256
0.04384556053
0.04186423285
0.04013864013
0.03868011318
0.03749029162
0.03656293244
0.03589145131
0.0354616402
0.035264266
0.03528619179
0.03551727454
0.03594404115
0.0365580829
0.03734625468
0.03829197138
0.03937833216
0.04058455378
0.04188936719
0.04326770205
0.04469454636
0.04614475062
0.04759581584
0.0490219768
0.05039686296
0.05168802476
0.05285119606
0.05383454457
0.05457440553
0.05500332848
0.055063691
0.05472082754
0.05397335483
0.05286460153
0.05147494403
0.04991264722
0.04829373318
0.04672483868
0.04529287653
0.04406168368
0.0430727793
0.04235134895
0.04190435548
0.04173367874
0.04183308893
0.04219218796
0.04279532787
0.04362147763
0.04464251934
0.04582558124
0.04712586702
0.04849101798
0.04985914113
0.0511623931
0.05233460797
0.05331150596
0.05404238474
0.05449165886
0.05464092726
0.05449658527
0.05407678966
0.05341819024
0.05256554929
0.05156797504
0.05048099973
0.04935422844
0.0482362166
0.04716873021
0.0461920273
0.04533979751
0.04463785161
0.04411000975
0.04377120665
0.04363084013
0.04368966264
0.04394574981
0.04438879356
0.04500911126
0.04579327126
0.04672460176
0.04778472655
0.04894570208
0.05016857798
0.05139816523
0.05256471761
0.05359817103
0.05444787525
0.05510156919
0.05559934616
0.05601718275
0.05645149566
0.05698155926
0.05765427133
0.05847375781
0.05941418688
0.06042856927
0.06146000725
0.06245553859
0.0633617928
0.06413103651
0.06471590055
0.06506055134
0.06509842252
0.06474272506
0.06391934131
0.06260992695
0.06089331647
0.05894460992
0.05698909957
0.05523456687
0.05382970317
0.05285345393
0.0523261353
0.05222690696
0.05251034438
0.05310676871
0.05392575739
0.05484617652
0.05571462712
0.0563532948
0.05659041436
0.05630697675
0.05547580557
0.05417974742
0.05258363274
0.05088559922
0.04927017252
0.04787455263
0.04678764409
0.04605304457
0.04568117315
0.04566285199
0.04596524368
0.04654316511
0.04733123048
0.0482475552
0.04919948248
0.05009049146
0.05083576581
0.05137121649
0.05166193667
0.05170194659
0.05150999209
0.05111377732
0.05054185178
0.04981678579
0.0489513342
0.04795891411
0.04685999988
0.0456878767
0.04448776154
0.04331048158
0.04220564223
0.04121375065
0.04036648639
0.03968512785
0.03918010373
0.03885815879
0.03872065232
0.03876934679
0.03899850842
0.03940345836
0.03997420849
0.04069769763
0.04155008526
0.04250239859
0.04351751962
0.04455143583
0.04556121477
0.04650600949
0.04735843181
0.04811022905
0.04876895352
0.04936082314
0.04992181641
0.05048973845
0.05109454522
0.05175878687
0.05248268897
0.05325281124
0.0540400436
0.05480243791
0.05549985756
0.05609570386
0.05656217256
0.05689426848
0.05710055531
0.05720168151
0.05722562963
0.05719193958
0.05710656981
0.05695836212
0.05671764521
0.05634251382
0.05579201332
0.05502977497
0.05404620182
0.05285250358
0.05149141676
0.05002722043
0.04853542821
0.04709384819
0.04576477649
0.04458696434
0.04357681663
0.04272617026
0.04201143388
0.04140505609
0.04087414974
0.0403960751
0.03995768041
0.03955450332
0.03919702977
0.03889953956
0.03868422099
0.03857659246
0.03860483191
0.0387987195
0.03918716213
0.03980449242
0.04068018961
0.04184185439
0.04330620152
0.04506494993
0.04707262524
0.04923667467
0.05142591642
0.05350377301
0.05538198275
0.05707365919
0.05867849829
0.0603075652
0.06195427852
0.06339926343
0.06424870094
0.06413232851
0.06295468588
0.06096240327
0.05859346959
0.05624622001
0.05414944083
0.05236878016
0.05087567462
0.0496063371
0.04850880967
0.04754521411
0.04669838329
0.04595739502
0.04531177232
0.0447427487
0.04422606794
0.04372319063
0.04319599057
0.04260789391
0.04193503534
0.04116106237
0.04029228074
