-0.4112629839
-0.4080828778
-0.4046514503
-0.4014712526
-0.399008582
-0.397613537
-0.3975684837
-0.3989738509
-0.4017383131
-0.4055016733
-0.4097755588
-0.4141217949
-0.4182015774
-0.4218423802
-0.4249749098
-0.4275383216
-0.4294217742
-0.4304693105
-0.4304820882
-0.4293026444
-0.426818067
-0.4230352348
-0.4181277629
-0.4123730964
-0.4062054645
-0.4001115702
-0.3946340226
-0.390292061
-0.3875641635
-0.3868071349
-0.3881201007
-0.3913133367
-0.3958832022
-0.4011899367
-0.4066104695
-0.4116713106
-0.4160564894
-0.4196005561
-0.422199069
-0.4238479749
-0.4245586423
-0.4244145831
-0.4235089999
-0.4219572017
-0.4198946532
-0.417500645
-0.4148884085
-0.4122241319
-0.4096143505
-0.4071279798
-0.4048200257
-0.4027404648
-0.4009224242
-0.3994161218
-0.3983221376
-0.3977257689
-0.3977077378
-0.398327225
-0.3995781878
-0.4013947934
-0.4036573699
-0.4061934799
-0.4088393861
-0.4114144186
-0.413787785
-0.4158088282
-0.4174193641
-0.418532283
-0.4190841223
-0.4190402484
-0.4183519593
-0.4169932601
-0.4149615791
-0.4123271383
-0.4092025302
-0.4057815293
-0.4023691224
-0.3993259931
-0.3970025546
-0.3957128949
-0.3955740899
-0.3965870962
-0.3985586186
-0.401214454
-0.4042065767
-0.4072336731
-0.4100475884
-0.4124621572
-0.4143819754
-0.415773203
-0.4166502094
-0.4170805144
-0.4171547175
-0.4169902132
-0.4167277972
-0.4164858427
-0.4163820803
-0.4165088584
-0.4169593444
-0.4177616646
-0.4189016588
-0.4203790232
-0.4221470699
-0.4241488934
-0.4263530413
-0.4287009971
-0.4311761632
-0.4337333459
-0.4363310392
-0.4388970639
-0.4413902896
-0.4437310301
-0.4458608643
-0.4476943194
-0.4491551538
-0.450158104
-0.4505881198
-0.450341411
-0.4493311085
-0.4474905223
-0.4448200641
-0.4414244836
-0.4374965186
-0.4333798199
-0.429433509
-0.4260065435
-0.4233031981
-0.4213407035
-0.4199848616
-0.419030825
-0.4183086066
-0.4177510823
-0.4174271303
-0.4174354513
-0.4178861817
-0.4188197686
-0.4201538793
-0.421709178
-0.4232232946
-0.4244478404
-0.4251952794
-0.4253765756
-0.4250737132
-0.4245019561
-0.4239983246
-0.4239394805
-0.4245635133
-0.4259678935
-0.428021901
-0.4304589665
-0.4329461573
-0.4352102958
-0.4370614779
-0.4384431467
-0.4394311938
-0.4401547738
-0.4407848126
-0.4414125056
-0.4420857266
-0.4427511588
-0.4433035783
-0.4436246961
-0.4436289131
-0.443271995
-0.4425504645
-0.4415012673
-0.4402434582
-0.4388894896
-0.4376164543
-0.4365782086
-0.4358873065
-0.4355971183
-0.4356933833
-0.4360622524
-0.4365727071
-0.4370548953
-0.437380518
-0.4374584998
-0.4372455495
-0.4367550584
-0.4360820291
-0.4353319937
-0.434616342
-0.4340556473
-0.4337316193
-0.4337148572
-0.4340204678
-0.4346614663
-0.4355905652
-0.4367915004
-0.4381762837
-0.4396969015
-0.4412698643
-0.4428656973
-0.4444182543
-0.4458751603
-0.4471841073
-0.4482667033
-0.449020389
-0.449300971
-0.4488863403
-0.4474911068
-0.4447517504
-0.4402275648
-0.433525745
-0.4244963945
-0.413574042
-0.4021216286
-0.3924977794
-0.3873225179
-0.3881379961
-0.3945486754
-0.4045577084
-0.4158493372
-0.426751076
-0.4364827854
-0.4448688508
-0.4519863069
-0.4579890214
-0.4629696942
-0.4669825153
-0.4700176559
-0.4720088978
-0.4728383526
-0.4723101955
-0.4701799409
-0.4661681957
-0.4600336616
-0.4518068701
-0.4419340336
-0.4316260372
-0.4228518757
-0.4178778195
-0.4182958459
-0.424228665
-0.4343114376
-0.44644951
-0.4587537148
-0.4699606352
-0.4794001591
-0.4867522961
-0.491821287
-0.4944652275
-0.4944981202
-0.4917556055
-0.4862210245
-0.4782322146
-0.4687710423
-0.459519979
-0.4525810874
-0.4495994429
-0.4509586594
-0.4555974261
-0.4617549089
-0.4677972578
-0.4727307989
-0.4762053864
-0.4782577883
-0.4791286211
-0.4791552176
-0.4786290073
-0.4778110175
-0.4769594303
-0.4762454715
-0.4757854755
-0.4756015832
-0.4755816575
-0.475531292
-0.4751747436
-0.4741675598
-0.4721695475
-0.4688572634
-0.4639872678
-0.4574783163
-0.4494754812
-0.4404607469
-0.4312361437
-0.4228482994
-0.4163595559
-0.4125854639
-0.4118762806
-0.414126361
-0.41887866
-0.4254609507
-0.4330845608
-0.4409578732
-0.4484061548
-0.454916227
-0.4601965861
-0.4641166591
-0.4666866646
-0.4680048614
-0.4682236505
-0.4675406997
-0.4661749486
-0.4643525168
-0.4622995281
-0.4602177601
-0.4582441582
-0.4564642054
-0.4549166764
-0.4535775607
-0.4523928649
-0.4513089779
-0.4502437017
-0.4491498137
-0.447997617
-0.4467409145
-0.4453099122
-0.4436427564
-0.4416398061
-0.4391969775
-0.4362521537
-0.4328021318
-0.4289313304
-0.4247826602
-0.4206118215
-0.4166619461
-0.4132314021
-0.4105346694
-0.4087152112
-0.4078340253
-0.4078207459
-0.4085649256
-0.4098807319
-0.4115845456
-0.4135021819
-0.4155134976
-0.4175146912
-0.4194189279
-0.4211764334
-0.4227408517
-0.424075923
-0.425147421
-0.4259511115
-0.4264757113
-0.4267284394
-0.4267683757
-0.4265926259
-0.4262663425
-0.4258287168
-0.4253240327
-0.4248193777
-0.4243794973
-0.4240708596
-0.4239686819
-0.424138601
-0.4246395813
-0.4254659937
-0.4266126305
-0.4280355432
-0.4296433016
-0.4313596801
-0.4330881673
-0.434752838
-0.4363097764
-0.4377093154
-0.438975818
-0.4401265289
-0.4412078946
-0.4422968457
-0.4434322563
-0.4446479234
-0.4459480445
-0.4472906143
-0.4486091936
-0.4497880633
-0.4507132958
-0.4512568598
-0.4513020135
-0.4507420366
-0.4495544662
-0.4476575388
-0.4450482197
-0.4417394214
-0.4377394052
-0.4330538684
-0.4276863099
-0.4216774785
-0.4151600974
-0.4084111748
-0.40194563
-0.3964820295
-0.3928022217
-0.3914695424
-0.3925858017
-0.3957516443
-0.400165091
-0.4049687016
-0.4094448777
-0.4132089419
-0.416145903
-0.4183979454
-0.4202099736
-0.4218696819
-0.4236418046
-0.425613142
-0.4277778148
-0.429951085
-0.4318830772
-0.4332891733
-0.4339598297
-0.4337249486
-0.432628804
-0.4308371917
-0.4287071101
-0.4267050955
-0.4252767694
-0.424788503
-0.4253647554
-0.4269106273
-0.4291831705
-0.4318875368
-0.4347421056
-0.4375579792
-0.4402113816
-0.4426228481
-0.4447236961
-0.4464654835
-0.4477249635
-0.4483705388
-0.4482540919
-0.4471585068
-0.444969687
-0.441561873
-0.4369733117
-0.4314109456
-0.4252889742
-0.4191116558
-0.4133829493
-0.4084647763
-0.4045036552
-0.4015743227
-0.3997838133
-0.3993840986
-0.4005835289
-0.4033357559
-0.4072153468
-0.4115472589
-0.4155928407
-0.4188055923
-0.4209162168
-0.4218889096
-0.4218668667
-0.4211119043
-0.4198921677
-0.4184990014
-0.4172131712
-0.4162189197
-0.4156800033
-0.4156883717
-0.4162483769
-0.4172928784
-0.4187405947
-0.4204479131
-0.4222736183
-0.4240965429
-0.4258202517
-0.4273768015
-0.4287514893
-0.4299379917
-0.4309606598
-0.4318754865
-0.4327210574
-0.4335229625
-0.4343008638
-0.4350740344
-0.4358088705
-0.4364613205
-0.4369971674
-0.4373515203
-0.4374520622
-0.4372418135
-0.4366478657
-0.435623609
-0.4341356581
-0.4321789272
-0.4298518664
-0.4273298491
-0.4249389204
-0.4231654912
-0.4225774696
-0.4236335873
-0.4265110488
-0.4309276417
-0.4361849506
-0.4413547593
-0.445563404
-0.4481785348
-0.4489476821
-0.448004161
-0.4457616166
-0.4427952367
-0.4396660027
-0.4367111853
-0.4340224814
-0.4315079703
-0.4290161891
-0.4265892231
-0.4244868189
-0.423239946
-0.4235211371
-0.4258922141
-0.4305641848
-0.4372930664
-0.4453877629
-0.4539247205
-0.4619188935
-0.4685168248
-0.4729830773
-0.4746969505
-0.4730687158
-0.4676025794
-0.4581068811
-0.4451163317
-0.430509522
-0.4176402575
-0.410457497
-0.4114575722
-0.4200474262
-0.4331344046
-0.447098315
-0.459406603
-0.468922667
-0.4755332028
-0.4796345112
-0.4817964952
-0.4826101956
-0.4825887205
-0.482174951
-0.4816705729
-0.4812827669
-0.4811128611
-0.4811979392
-0.4814857195
-0.4818748112
-0.4822622903
-0.4824903818
-0.4824333461
-0.4819755459
-0.4810296171
-0.4795449269
-0.4775055574
-0.4749601362
-0.4719701824
-0.4686486441
-0.4650792822
-0.4613410644
-0.457451064
-0.4533214134
-0.4489295306
-0.444292183
-0.4396986322
-0.4357562192
-0.4333405406
-0.4332447739
-0.4358174112
-0.440763064
-0.4473024368
-0.4544751945
-0.4615175883
-0.4679581225
-0.4736160819
-0.4784325104
-0.4824124466
-0.4855703557
-0.4878822068
-0.489312943
-0.4898320551
-0.4894075224
-0.488022312
-0.4857152696
-0.4825635014
-0.4787105024
-0.4743459423
-0.4697315431
-0.4651918869
-0.4610668034
-0.4577043732
-0.4553902903
-0.4543299688
-0.4545505016
-0.4559677335
-0.4583278911
-0.4613135307
-0.4646052909
-0.4679359042
-0.4710561054
-0.4738394891
-0.4761477236
-0.4778615766
-0.4788930784
-0.4790729726
-0.4782634424
-0.4763437017
-0.4731935797
-0.4687926249
-0.4631943269
-0.4566205192
-0.4494873723
-0.4423034687
-0.4356673974
-0.4301419597
-0.4262149598
-0.4241318044
-0.4239554191
-0.4255889724
-0.4287841743
-0.4332402252
-0.4386378112
-0.4446902558
-0.4511558645
-0.4577962907
-0.4643940166
-0.4707088638
-0.4765187082
-0.4816205662
-0.4858279117
-0.4890346062
-0.4911591169
-0.4921824777
-0.492134688
-0.4911096767
-0.4892344543
-0.4867144502
-0.4838130207
-0.4807636161
-0.4777786954
-0.4749425666
-0.4721393908
-0.4691560036
-0.4657219032
-0.4617134531
-0.4573539394
-0.4532575163
-0.4503714366
-0.4496420117
-0.4516573614
-0.4563602088
-0.4630539759
-0.4706550439
-0.4781488594
-0.4847523292
-0.4900959415
-0.4940844295
-0.4968131706
-0.4984897763
-0.4993466393
-0.4996105342
-0.4994469344
-0.4989936343
-0.4983312418
-0.4975329607
-0.4966225622
-0.495627613
-0.4945584466
-0.4934678045
-0.4923944586
-0.4914008064
-0.4905692909
-0.4899487727
-0.489627911
-0.4896373933
-0.4900166282
-0.4907679964
-0.4918760683
-0.4933086326
-0.49497059
-0.4967888028
-0.4986671178
-0.5005171292
-0.5022412493
-0.5037736679
-0.5050299643
-0.5059675827
-0.5065587821
-0.5068051333
-0.5067419935
-0.506424357
-0.5059069077
-0.5052953335
-0.5046832635
-0.5041383647
-0.503706549
-0.5033696463
-0.5030315006
-0.5025051132
-0.5015354631
-0.4998003845
-0.4969600644
-0.492677227
-0.486756577
-0.479254026
-0.4705795466
-0.461570088
-0.4533713027
-0.4471310438
-0.4435140001
-0.4424975104
-0.4434361124
-0.4454263518
-0.4476410142
-0.4494290909
-0.4504078546
-0.4504238345
-0.4496107102
-0.4483548681
-0.4472629478
-0.4469722119
-0.4479353806
-0.450250577
-0.4536776196
-0.4577455509
-0.4619425936
-0.4658858236
-0.469312018
-0.4721138204
-0.4742788465
-0.4758583485
-0.476917362
-0.4775453914
-0.4778140966
-0.477801004
-0.4775672326
-0.4771688045
-0.4766352063
-0.4759829294
-0.4752325151
-0.474366692
-0.4733850986
-0.4722579114
-0.4709935526
-0.4695855295
-0.4680514168
-0.4664286718
-0.4647611425
-0.4630882613
-0.4614540771
-0.4598633101
-0.4583115181
-0.4567458159
-0.4550640076
-0.4531507172
-0.4508991785
-0.4481704452
-0.444804031
-0.4405868074
-0.4352427389
-0.4284773059
-0.420130944
-0.4105611027
-0.4009841643
-0.3935703577
-0.3906286323
-0.3932107928
-0.4002385412
-0.409166136
-0.4173155016
-0.422945984
-0.4253809221
-0.4247391939
-0.4215167342
-0.4164272045
-0.410306475
-0.4040811428
-0.3987304518
-0.3950694499
-0.3936321007
-0.3944972563
-0.3972848345
-0.4013350384
-0.405916774
-0.4104196303
-0.414385933
-0.4175529125
-0.4198290797
-0.4211930593
-0.4216653322
-0.4213334629
-0.4202763231
-0.4185870593
-0.4163609697
-0.4137101127
-0.4107768991
-0.4077039667
-0.4046180371
-0.4016600346
-0.3989549792
-0.3965849946
-0.3945836314
-0.3929196486
-0.3915655654
-0.3904569598
-0.3895572342
-0.3888695902
-0.3883918992
-0.3881384523
-0.3881250623
-0.3883365096
-0.3887411331
-0.3892773126
-0.3898428568
-0.3903472172
-0.3907028012
-0.3907825823
-0.3905049415
-0.389797253
-0.3885594305
-0.386674396
-0.3840087546
-0.3804445915
-0.375894317
-0.3703950036
-0.3641698379
-0.3577563625
-0.3519690772
-0.3478188781
-0.3461378159
-0.3471976466
-0.3506434673
-0.355614246
-0.3611360764
-0.3664091183
-0.3709304298
-0.3745282939
-0.3772032693
-0.3790714834
-0.3802841843
-0.3809892897
-0.3813023135
-0.3812802846
-0.3809952149
-0.3804308054
-0.3795889625
-0.3784410676
-0.3769212057
-0.3749775409
-0.3725661985
-0.3696668481
-0.366274071
-0.3624438501
-0.3582905466
-0.3539838386
-0.3498098576
-0.346034668
-0.3429562798
-0.3408217004
-0.3397694344
-0.3398095069
-0.3408108469
-0.342537855
-0.3447356136
-0.3471270573
-0.3495019815
-0.3517385402
-0.3537772895
-0.3556077716
-0.3572522222
-0.3586773343
-0.3598572689
-0.3607156005
-0.3611360444
-0.361058089
-0.3604292798
-0.3592618817
-0.3576295401
-0.3556985794
-0.3536351243
-0.3516359893
-0.3498742416
-0.3484453592
-0.347404568
-0.3467215068
-0.3463496593
-0.3462349408
-0.3463076554
-0.3465327969
-0.3468961672
-0.3473859459
-0.3479691876
-0.348637256
-0.3493552979
-0.3501099353
-0.3508674476
-0.3516119826
-0.352316374
-0.3529724703
-0.3535586112
-0.3540754499
-0.3545131315
-0.3548712821
-0.3551203126
-0.3552396283
-0.3552041326
-0.3550206804
-0.354644236
-0.3540558697
-0.3532367455
-0.3522026356
-0.3509441344
-0.3494829585
-0.3478801854
-0.3461906661
-0.3445138442
-0.34292688
-0.3415648762
-0.3405122794
-0.3398638609
-0.3396555163
-0.3398877372
-0.3405008515
-0.341445272
-0.3426240597
-0.3439388162
-0.3453067894
-0.3466500927
-0.3479064081
-0.3490663377
-0.3501226714
-0.3510497186
-0.3518557214
-0.352574617
-0.3531888182
-0.3537272114
-0.3541905116
-0.3545765904
-0.3548991413
-0.3551384688
-0.3553253389
-0.3554304159
-0.3554633078
-0.3554172343
-0.3553065863
-0.3551307119
-0.3549157171
-0.3546820318
-0.3544721077
-0.3543269825
-0.3542792409
-0.3543730096
-0.3546282044
-0.3550551527
-0.3556386352
-0.3563359294
-0.3570963862
-0.3578440407
-0.3585165009
-0.3590545403
-0.3594230028
-0.3596103296
-0.3596055638
-0.3594348247
-0.3591072737
-0.3586543726
-0.3580876738
-0.3574721515
-0.3568338214
-0.3562055651
-0.3556272337
-0.3551301237
-0.3547116948
-0.3543537303
-0.3540076485
-0.3535956321
-0.353079931
-0.3525098112
-0.3520319589
-0.3518899982
-0.3524262025
-0.3539132123
-0.356486675
-0.3600125469
-0.3641668528
-0.3685046126
-0.3725595655
-0.3759679536
-0.3784835277
-0.3799776525
-0.3803995225
-0.3797641747
-0.3781446828
-0.3755944549
-0.3722766054
-0.3683284001
-0.3639838982
-0.3594960517
-0.3551739879
-0.3512829339
-0.34805272
-0.345601846
-0.3439476762
-0.3429841399
-0.3425530481
-0.3424172585
-0.3423156377
-0.3419688233
-0.3411340805
-0.3396959146
-0.3377118207
-0.3355551574
-0.3338876383
-0.3334877699
-0.3350099989
-0.3386018422
-0.343871521
-0.3500672958
-0.3563285535
-0.361972472
-0.3666073148
-0.3700765311
-0.372420537
-0.3737614467
-0.3742472159
-0.3740519634
-0.3733359613
-0.3722182638
-0.3708215515
-0.3692517856
-0.3675881399
-0.3658793707
-0.364114019
-0.3622545484
-0.3601364645
-0.3575379302
-0.3542081376
-0.3499359406
-0.3447501978
-0.3390614533
-0.3338322761
-0.3304025992
-0.3299559248
-0.3329657747
-0.3389064655
-0.3465254554
-0.3545228518
-0.3619313553
-0.3682224334
-0.3732547785
-0.3770618121
-0.3797565175
-0.3814572307
-0.3822981574
-0.3823534504
-0.3817458152
-0.3805562841
-0.3789169312
-0.37694198
-0.3747534803
-0.3725015067
-0.3703157082
-0.3683326984
-0.3666653837
-0.365407988
-0.3646179062
-0.3643199102
-0.3644884795
-0.3650960433
-0.3660976362
-0.3673957024
-0.3689322341
-0.3706448568
-0.3724842495
-0.3744124818
-0.3764196564
-0.3784978925
-0.3806626879
-0.3829157417
-0.3852647539
-0.3876933546
-0.3901872719
-0.3927273228
-0.3952402863
-0.397680327
-0.3999728581
-0.4020234859
-0.4037880959
-0.4052030241
-0.4062204407
-0.406828533
-0.4070164982
-0.4068256581
-0.4062834884
-0.4054746682
-0.4044815285
-0.403403533
-0.4023339563
-0.401340682
-0.4004757223
-0.3997477249
-0.3991735898
-0.398732167
-0.3983911456
-0.3981465377
-0.3980258169
-0.3980697403
-0.3983219675
-0.3988272815
-0.399605485
-0.4006311108
-0.4018669593
-0.4032357366
-0.4046379104
-0.4059977876
-0.4072264558
-0.4082680184
-0.4091280858
-0.4098240834
-0.4104143444
-0.4109804804
-0.4115735625
-0.4122134105
-0.4128992627
-0.4135844654
-0.4142517462
-0.4148688958
-0.415495301
-0.416169276
-0.4169241345
-0.4178018295
-0.4187758205
-0.4198201923
-0.4208583076
-0.4218027993
-0.4225784114
-0.4231096344
-0.4233255956
-0.4231287572
-0.4224182358
-0.4210125535
-0.4187085254
-0.4152678759
-0.4105311626
-0.4045354237
-0.3977453597
-0.3912189702
-0.3864966376
-0.3851470866
-0.3879864764
-0.3946324728
-0.4037118074
-0.4135939229
-0.4230050983
-0.4312127713
-0.4380204242
-0.4435140741
-0.4478925843
-0.451375489
-0.4541412073
-0.4563292795
-0.4580347818
-0.4593196966
-0.4601995136
-0.4606925214
-0.460792792
-0.4604611714
-0.459658608
-0.4583683669
-0.4565527666
-0.4542009421
-0.4513090925
-0.4479253357
-0.444115189
-0.4400019899
-0.4357461724
-0.4315393012
-0.4275887435
-0.4240792414
-0.421127985
-0.4188188045
-0.4171126955
-0.4159168126
-0.415088666
-0.4144585512
-0.4138720257
-0.4132395106
-0.4125221446
-0.4117647597
-0.411012477
-0.410316165
-0.4097361278
-0.4092808375
-0.408966813
-0.4087692489
-0.4086994535
-0.4087905007
-0.4090801283
-0.409622234
-0.4104528084
-0.4115955414
-0.4130555154
-0.4147659708
-0.4166714702
-0.4186635746
-0.420640542
-0.4225162689
-0.4242096177
-0.4256710409
-0.4268836239
-0.4278419068
-0.4285612216
-0.4290724682
-0.429413958
-0.4296310553
-0.4297662545
-0.4298308881
-0.4298551139
-0.4298454166
-0.4297751861
-0.4295940259
-0.4292435483
-0.4285975946
-0.4274956812
-0.4257467379
-0.4231211029
-0.4193398761
-0.4142188714
-0.4076266084
-0.3996613662
-0.3907851513
-0.3818354757
-0.3740052469
-0.3684561108
-0.3659938563
-0.366664944
-0.3698059929
-0.374323645
-0.3790417741
-0.3830390732
-0.3857944473
-0.3872017677
-0.3874479817
-0.3869903448
-0.3863985152
-0.3861621358
-0.3866171445
-0.3878677806
-0.3898052348
-0.3921535968
-0.3945463018
-0.3966543219
-0.3981818711
-0.3989376769
-0.3988313149
-0.397879673
-0.396182043
-0.3939460554
-0.3914127948
-0.3888715621
-0.3866164253
-0.3848715223
-0.3837884583
-0.3834479987
-0.3838460019
-0.384922148
-0.386572036
-0.3886369025
-0.3909649239
-0.3933841693
-0.3957578355
-0.3979523679
-0.3998406069
-0.4013745424
-0.4024975262
-0.403200712
-0.4034897013
-0.4034006299
-0.4029737634
-0.4022553995
-0.4013029118
-0.4001642416
-0.398892817
-0.3975373618
-0.3961376043
-0.3947143594
-0.3932920839
-0.391865339
-0.3904625739
-0.3890636918
-0.3876814597
-0.3863055514
-0.3849098067
-0.3834571003
-0.3818880852
-0.3801571284
-0.3782181786
-0.3760598357
-0.373740104
-0.3713706062
-0.3691386963
-0.367262423
-0.3659687017
-0.3654577769
-0.3658151583
-0.3670046197
-0.3688599269
-0.3711692882
-0.3736731794
-0.3761095625
-0.3782903928
-0.3800990206
-0.3814598234
-0.3823849459
-0.3829372572
-0.3832285072
-0.3833918724
-0.3835943244
-0.384001075
-0.3847568361
-0.3859757253
-0.3876945496
-0.3898809387
-0.3924283185
-0.3952387026
-0.3981561464
-0.4010887795
-0.4039559037
-0.4067596344
-0.409522887
-0.4123183082
-0.4151881913
-0.4181723089
-0.4212648722
-0.4244230028
-0.4275442291
-0.4305179122
-0.4331912829
-0.4354614074
-0.4371904187
-0.4382922273
-0.4386949175
-0.4383526985
-0.4372550402
-0.4354728304
-0.4331368672
-0.4304897822
-0.4278694226
-0.4256657564
-0.4242479888
-0.42388699
-0.4246567588
-0.4264180247
-0.4288894888
-0.4317566107
-0.4347358546
-0.4376943054
-0.4406025058
-0.4435444171
-0.446650889
-0.4500487741
-0.4537843427
-0.4578105253
-0.462013794
-0.4662030175
-0.470185518
-0.4737886755
-0.4768861409
-0.4794178269
-0.4814032295
-0.4829195565
-0.4840861597
-0.4850849914
-0.4860888966
-0.4873149377
-0.488881235
-0.490878327
-0.4933160028
-0.4961436113
-0.4992310826
-0.5024863431
-0.5058676785
-0.5093998544
-0.5131823404
-0.5173441778
-0.5219917994
-0.5271193198
-0.5325592687
-0.5379661769
-0.5429330283
-0.546993644
-0.5497518337
-0.5509594666
-0.5505142162
-0.5485599493
-0.5454142354
-0.5415229799
-0.5373826971
-0.5333781598
-0.5297295936
-0.5263814094
-0.5231875012
-0.519958969
-0.5166145185
-0.5132432176
-0.5100765483
-0.5074871275
-0.5058383367
-0.5054432979
-0.5065006375
-0.5090577366
-0.5130252577
-0.5181547641
-0.5241108963
-0.5305208868
-0.5369755914
-0.5431379025
-0.5486653134
-0.5533126659
-0.5568731505
-0.5592240722
-0.560287985
-0.5600720482
-0.5586591136
-0.5561819173
-0.5528829687
-0.5490659194
-0.5450980152
-0.5413313317
-0.5380404119
-0.5353580919
-0.5332103663
-0.5313928747
-0.529579788
-0.5274496458
-0.5247611998
-0.5214063581
-0.5174205022
-0.5129961207
-0.5083816529
-0.5038601698
-0.4996613138
-0.4959071377
-0.4926183505
-0.4897201112
-0.4871398034
-0.4848115227
-0.482730196
-0.4809231314
-0.4794278037
-0.478282859
-0.4775158759
-0.4771171355
-0.4770386083
-0.477243151
-0.4776575786
-0.4782171571
-0.4788415651
-0.479460523
-0.4800070402
-0.4804049852
-0.4805747282
-0.4804464286
-0.4799480175
-0.4789976607
-0.4775275685
-0.4754714849
-0.4728061142
-0.4695445057
-0.465749648
-0.4615682524
-0.4572319425
-0.4530284268
-0.4493018666
-0.4463420667
-0.4443284058
-0.4433676868
-0.4433668534
-0.4441256488
-0.4453532698
-0.4467488353
-0.4479910212
-0.4488029426
-0.4489601599
-0.4482428227
-0.4464851398
-0.4435733883
-0.4393987726
-0.4339038307
-0.4270628001
-0.4189310119
-0.4096449082
-0.3995279464
-0.3890942298
-0.3791227078
-0.3705948899
-0.3644622702
-0.3613560729
-0.361367416
-0.364066755
-0.3686812198
-0.3744040377
-0.3805433984
-0.3865828811
-0.392124662
-0.3968715389
-0.4006358392
-0.4033484035
-0.4049495977
-0.4055362368
-0.4052507483
-0.4043539519
-0.4031557666
-0.402029704
-0.4013410077
-0.4013217899
-0.4020554174
-0.4034392526
-0.4051960948
-0.4069878045
-0.4084944075
-0.4094360646
-0.40964876
-0.4090626275
-0.4076666912
-0.4055040111
-0.4026518431
-0.3991971709
-0.3952115386
-0.390786459
-0.3859869833
-0.3809135778
-0.3756956021
-0.3705473066
-0.3657282466
-0.3616326729
-0.3586721984
-0.3572665468
-0.3576639213
-0.3598931563
-0.3636367818
-0.3683656167
-0.3734674806
-0.3783644058
-0.3826529854
-0.3860641658
-0.3885365216
-0.3901246187
-0.390935748
-0.3911307004
-0.390887234
-0.390350044
-0.3896228322
-0.3888247612
-0.3880599916
-0.3874477348
-0.3871182375
-0.387159076
-0.3876537905
-0.3885500017
-0.3897170382
-0.390897947
-0.3917973144
-0.3921427081
-0.391698228
-0.3903193369
-0.3879540504
-0.3846671023
-0.3806007019
-0.3760041584
-0.3711939552
-0.3665582725
-0.3625167194
-0.3594369759
-0.3575802928
-0.3570653698
-0.3578092285
-0.3595855713
-0.3621034275
-0.3650529501
-0.3681936219
-0.3712962113
-0.374228855
-0.3768714926
-0.3791063356
-0.3808493014
-0.382004505
-0.3825023897
-0.3823457556
-0.3816019878
-0.3804158055
-0.3790492194
-0.3777902255
-0.3769580034
-0.3767129451
-0.3770292647
-0.3776635715
-0.378158922
-0.3780074967
-0.3767159723
-0.3739750971
-0.369682157
-0.3640444799
-0.3574921293
-0.3506530024
-0.3441990225
-0.3387661561
-0.3348915384
-0.3330069075
-0.3334311754
-0.3362665672
-0.341325746
-0.3481304356
-0.3559682501
-0.3640599546
-0.3717413632
-0.3784934872
-0.3840286114
-0.3881984191
-0.3909643107
-0.3923420754
-0.392404486
-0.39125735
-0.3890783611
-0.386121327
-0.3827910841
-0.3796295725
-0.3772398326
-0.3761561883
-0.3766642493
-0.3786988306
-0.3818451846
-0.3855029099
-0.3890491216
-0.3919508842
-0.3938281813
-0.3944020751
-0.3934615689
-0.3907967719
-0.3862026486
-0.3794748318
-0.370681219
-0.3602246745
-0.3491121982
-0.3388405548
-0.3309238948
-0.3262154693
-0.324593774
-0.325320936
-0.3276861706
-0.3313650559
-0.3363831113
-0.3426938427
-0.3500238816
-0.3578348065
-0.3654762147
-0.3723567163
-0.3780163955
-0.3821989593
-0.3848391937
-0.3860323717
-0.3860061958
-0.3850941317
-0.3836715663
-0.3820960549
-0.3807002316
-0.3796884135
-0.3791712525
-0.3791273513
-0.379445539
-0.3799590049
-0.3804892418
-0.3809247109
-0.3811843386
-0.3812483601
-0.3811532459
-0.3809778865
-0.3808103078
-0.3807520553
-0.3808629671
-0.3812441874
-0.3819023255
-0.3828414761
-0.3840296112
-0.385416659
-0.3869319468
-0.388485421
-0.3899989261
-0.3914280515
-0.3927198703
-0.3938620963
-0.3948373895
-0.3956542866
-0.3963393497
-0.3969284024
-0.3974601858
-0.397970354
-0.3985090145
-0.399101442
-0.3997660387
-0.400524712
-0.4013588723
-0.4022456941
-0.4031253196
-0.4039362344
-0.4045413903
-0.4047809034
-0.4044725604
-0.4033658662
-0.4012232402
-0.3978325367
-0.3931084485
-0.3872294442
-0.3807147137
-0.3745056819
-0.3696786367
-0.3670637208
-0.3668201184
-0.3683092067
-0.3704365917
-0.3720951133
-0.3725898825
-0.3717112112
-0.3696852466
-0.3670379445
-0.3644441445
-0.3625237409
-0.3617719501
-0.3624501891
-0.3645439038
-0.3677876881
-0.3717896526
-0.3760267534
-0.3799987882
-0.3832906267
-0.3855820385
-0.3866919559
-0.3865737379
-0.3852768922
-0.3829063151
-0.3796199472
-0.3755902923
-0.3710449528
-0.3663270448
-0.3619598323
-0.3586230315
-0.3570164088
-0.3576531269
-0.3606794653
-0.3658174731
-0.3724814353
-0.3800207232
-0.3878442833
-0.3955274856
-0.4027782736
-0.4094061753
-0.4152755857
-0.4203006704
-0.4244603539
-0.4277485953
-0.4301967214
-0.4318687103
-0.4327993687
-0.4330790283
-0.4327364601
-0.4318331735
-0.4303966581
-0.4284830229
-0.4260902863
-0.4232523304
-0.4200216526
-0.4164348909
-0.4125476306
-0.4084028643
-0.4040698322
-0.399612838
-0.3950993616
-0.3905734975
-0.3861090501
-0.3817694357
-0.3776447839
-0.3738935842
-0.370694147
-0.36829931
-0.3669931425
-0.367018783
-0.3685283859
-0.3715547799
-0.3759350236
-0.3813666215
-0.3874235594
-0.3936541002
-0.3996557582
-0.4051138645
-0.4098082372
-0.4136088998
-0.4164364525
-0.4183062421
-0.4192196055
-0.4192105054
-0.4183152983
-0.4165861855
-0.4140899994
-0.4109193266
-0.4071621834
-0.4029685217
-0.3985065642
-0.3939909737
-0.3896660994
-0.3857590595
-0.3825136097
-0.3801093538
-0.3786756112
-0.3782879833
-0.378895624
-0.380442336
-0.382780243
-0.385748497
-0.3891837893
-0.3928744117
-0.3966637882
-0.4003881848
-0.4039262523
-0.4071418119
-0.4099312548
-0.4122332516
-0.4139661499
-0.4150937033
-0.4155900256
-0.4154717758
-0.4147426423
-0.4134572513
-0.4116390248
-0.4093301196
-0.406586758
-0.4034545455
-0.4000268337
-0.3964334895
-0.3928778428
-0.389638082
-0.3869950184
-0.3851497465
-0.3841491791
-0.3837975469
-0.383767886
-0.3836164785
-0.3829966059
-0.3816942669
-0.3796945454
-0.3770876436
-0.3740535341
-0.3708219144
-0.3675802628
-0.3645346832
-0.3618498933
-0.3596917925
-0.3582868267
-0.3579027833
-0.3589475725
-0.361774036
-0.366508524
-0.3728609312
-0.3801234883
-0.3873587509
-0.3937168531
-0.3986040631
-0.401722748
-0.4030190662
-0.4026046044
-0.4006648928
-0.3974866833
-0.3934143536
-0.3889236492
-0.3846309863
-0.3812771066
-0.3795899168
-0.3800708687
-0.382840825
-0.3875398356
-0.3934713214
-0.3998081979
-0.4057840457
-0.4108611324
-0.4146950855
-0.4171388622
-0.4181800982
-0.4178540594
-0.4163111044
-0.4137119642
-0.4103082741
-0.4064158633
-0.4023885361
-0.3986047474
-0.3953839896
-0.3929657376
-0.391468992
-0.3908988698
-0.3911516675
-0.3921088756
-0.3936530801
-0.3956958643
-0.3982156915
-0.4011868512
-0.4045594813
-0.4082283872
-0.4120356957
-0.4158004475
-0.4193437843
-0.4225329733
-0.4252612751
-0.4274627796
-0.4291263237
-0.4302367173
-0.4308031359
-0.4308084714
-0.4302906417
-0.429254752
-0.4277307621
-0.4257430806
-0.4233798999
-0.4207325535
-0.4179289254
-0.415135174
-0.4125025469
-0.4101935537
-0.4083065187
-0.4068482305
-0.4057775376
-0.4049629745
-0.4042367776
-0.4034270384
-0.4024065749
-0.4010497232
-0.3993581551
-0.3973691209
-0.3951888431
-0.3929942371
-0.390928732
-0.3891319923
-0.387728588
-0.3867124763
-0.3860398393
-0.3856183186
-0.3853088541
-0.3850292706
-0.384757976
-0.3845428129
-0.3845194081
-0.3848840488
-0.385819172
-0.387520889
-0.3900332123
-0.3933449785
-0.3972915963
-0.4016283695
-0.406073003
-0.4103153195
-0.4141203567
-0.4173592575
-0.4199822446
-0.4220567091
-0.423712167
-0.4250707261
-0.4263048487
-0.4275170401
-0.4287700594
-0.4301033312
-0.4314665029
-0.4328191897
-0.4340752465
-0.4351355626
-0.4358857815
-0.4362020479
-0.4359731711
-0.4350335921
-0.433255421
-0.4304946031
-0.4266371431
-0.4216748656
-0.4157528773
-0.4092225766
-0.4026031768
-0.3964404893
-0.391074751
-0.386360663
-0.3817758527
-0.3767278879
-0.3711532759
-0.3659675519
-0.3628985865
-0.3636145387
-0.3685432833
-0.3766116515
-0.3858985545
-0.3946868833
-0.4020543857
-0.4078131922
-0.4121694548
-0.415483165
-0.4180106506
-0.4199602935
-0.4214184579
-0.4224490763
-0.423102976
-0.4234712127
-0.4236445555
-0.4238103628
-0.4241319617
-0.4247741897
-0.4258302551
-0.4274037421
-0.4294708407
