1.397927426
1.397983176
1.397984522
1.397947192
1.397852445
1.397726501
1.397576128
1.397437803
1.397310593
1.397224164
1.397194108
1.397195298
1.397228759
1.397281144
1.397337119
1.397395843
1.397469818
1.397561619
1.397681996
1.397810492
1.397945133
1.398075081
1.398166165
1.398230348
1.398247924
1.398225631
1.398145754
1.398012391
1.3978326
1.397621359
1.39742196
1.397248328
1.39713126
1.397077153
1.39708666
1.397139041
1.3972187
1.397299563
1.397394914
1.397485073
1.397582547
1.397665004
1.397731881
1.397787849
1.397838377
1.397856869
1.397882044
1.397885243
1.39787179
1.397854152
1.397832072
1.397796524
1.397758242
1.397727062
1.397682262
1.397630612
1.397576492
1.397514763
1.397453756
1.397399666
1.397355099
1.397334772
1.397327277
1.397343001
1.397362792
1.397414669
1.39746068
1.39751323
1.397575912
1.397633614
1.397694683
1.397759495
1.397831589
1.397886406
1.397923266
1.397945031
1.397931671
1.397874177
1.397786991
1.397659167
1.397542637
1.397431388
1.397349111
1.397286878
1.397264572
1.397270963
1.397296887
1.397344213
1.397398684
1.397451765
1.397503171
1.397544311
1.397577134
1.397599888
1.397600055
1.397589816
1.397573062
1.397559414
1.397528462
1.397490771
1.397466007
1.397432669
1.397398943
1.397376837
1.397354161
1.397349523
1.397341611
1.397335594
1.397327395
1.39733668
1.39734513
1.397367438
1.397392264
1.397429724
1.397473528
1.397517495
1.397576539
1.397650555
1.397730602
1.397816999
1.397902009
1.397965414
1.39801424
1.398015528
1.397983885
1.397918056
1.397837099
1.39776439
1.397710176
1.397676381
1.397657724
1.397647077
1.397615611
1.397576436
1.397531221
1.397482561
1.39744677
1.397428461
1.397443632
1.397482702
1.397529715
1.397582789
1.39761893
1.397635968
1.397624102
1.397562606
1.397488919
1.397408974
1.397353729
1.39732986
1.397343191
1.397371801
1.397412712
1.397460038
1.397494261
1.397520137
1.397520022
1.397519049
1.397511343
1.397511247
1.397527287
1.397561616
1.397601403
1.39763457
1.397660484
1.397690705
1.39770199
1.397715065
1.397707554
1.397678793
1.397638281
1.397595482
1.397551199
1.397530995
1.39752424
1.397540264
1.397563844
1.3975871
1.397613397
1.39764901
1.397668428
1.397669288
1.397658256
1.397629431
1.3975972
1.397557739
1.39752872
1.397496642
1.397480446
1.397448458
1.397429761
1.397410129
1.397412884
1.397411519
1.397420012
1.397438667
1.397461441
1.397492868
1.397534093
1.397585516
1.397665901
1.397781133
1.39793202
1.398133612
1.398373245
1.398608984
1.398757909
1.398724394
1.398420806
1.397872378
1.397260995
1.396775314
1.396525607
1.396484196
1.396575404
1.396712519
1.396844026
1.396964356
1.397061753
1.397155638
1.397247131
1.397344179
1.39745494
1.3975787
1.397726822
1.39789741
1.398090581
1.398313755
1.398504015
1.398627684
1.398594773
1.398337282
1.39786021
1.397291417
1.396790178
1.396460658
1.396342488
1.396392617
1.396544939
1.396740581
1.396951965
1.397190639
1.397441338
1.397710672
1.397992815
1.398262479
1.398480785
1.398564431
1.398458539
1.398139786
1.397704213
1.39729447
1.397049218
1.39698072
1.397050431
1.397188728
1.397331076
1.397463544
1.397581281
1.397651303
1.397687161
1.397708582
1.397701035
1.397685041
1.397662105
1.39763313
1.397625623
1.397644524
1.397689854
1.397774725
1.397889302
1.398030955
1.398193363
1.398352898
1.398488934
1.398555413
1.398527549
1.398394146
1.398168807
1.397874318
1.397563368
1.397280551
1.397057423
1.39690626
1.396835574
1.396845263
1.396913685
1.397030655
1.397164734
1.397304672
1.397436816
1.397553716
1.397655294
1.397736072
1.397794281
1.397832017
1.397846094
1.397832964
1.397809779
1.397787445
1.397762309
1.39774113
1.397726178
1.397705922
1.397700752
1.397707178
1.397712912
1.397721099
1.39774545
1.397771412
1.397804847
1.39785414
1.397910361
1.397961626
1.39798951
1.398006788
1.397988576
1.397963874
1.397904387
1.397823341
1.397731678
1.397629827
1.397550947
1.397483123
1.397436594
1.397405992
1.397395369
1.397389235
1.397389426
1.397405777
1.397427531
1.397451356
1.397473834
1.397500815
1.397521426
1.397546079
1.397580598
1.397590745
1.397613655
1.397625067
1.397631648
1.397639937
1.397639792
1.397630479
1.397616228
1.397594842
1.397567516
1.397524768
1.397493578
1.397465671
1.397437102
1.397424184
1.397413384
1.397411114
1.397415547
1.397414678
1.397429345
1.397435353
1.39744219
1.397450637
1.397441412
1.397429867
1.397418554
1.397408729
1.397409142
1.397413944
1.397435095
1.397464197
1.397503196
1.397552795
1.397624703
1.397673395
1.397741177
1.397816436
1.397888583
1.397957588
1.398023756
1.398090805
1.398151292
1.398186156
1.398187585
1.398129806
1.397996485
1.397785344
1.397534444
1.397306108
1.397130673
1.397047331
1.397039522
1.397101326
1.397182493
1.397264912
1.39731287
1.397333823
1.397338026
1.397310901
1.397297583
1.397284835
1.397298713
1.397337942
1.397408711
1.3974802
1.397578041
1.397655308
1.397713455
1.39773042
1.397692092
1.397622479
1.397517268
1.397409073
1.397323195
1.397266226
1.397232022
1.397226577
1.397234869
1.397250585
1.397272817
1.397308422
1.397335644
1.397381416
1.397446835
1.39751787
1.397632767
1.397740437
1.397862487
1.397976544
1.398065731
1.398096097
1.398077142
1.398019722
1.397931785
1.397837621
1.397724953
1.397601084
1.397446054
1.397277595
1.397132236
1.397053574
1.397042746
1.397104154
1.397211319
1.397327219
1.397436782
1.397530701
1.397587794
1.397625141
1.397639389
1.397612905
1.397579488
1.397533869
1.397473702
1.397413053
1.397372039
1.397333471
1.397311116
1.397307105
1.397314672
1.397328261
1.397348872
1.397361125
1.397373989
1.397390301
1.397395081
1.397393373
1.397395855
1.397404315
1.397401765
1.397404357
1.397420806
1.397435717
1.397454554
1.397484765
1.397516824
1.397559661
1.397604828
1.39764957
1.397700591
1.397727845
1.397730365
1.397699693
1.397617914
1.397473736
1.397297152
1.397119703
1.396993112
1.396950829
1.397005938
1.397133524
1.397310274
1.397497348
1.397649809
1.397752648
1.397800691
1.397791043
1.397762554
1.397738189
1.39771903
1.397720622
1.397700192
1.39764914
1.397545955
1.397370243
1.397140415
1.396912773
1.396731458
1.396638437
1.396634428
1.396728877
1.396898494
1.397140301
1.397435623
1.397786872
1.398181655
1.398571971
1.398870301
1.398901278
1.398543213
1.397824153
1.39697761
1.39633982
1.39606404
1.396117897
1.396355522
1.396654904
1.396931505
1.397151507
1.39731595
1.397426104
1.397497785
1.397520182
1.39751601
1.397495658
1.3974756
1.39744948
1.397430355
1.397429412
1.397427481
1.397446384
1.397478019
1.397520114
1.397569432
1.397622008
1.39768065
1.397726869
1.397769077
1.397791382
1.397811551
1.397824688
1.397830376
1.397869251
1.397895892
1.397912726
1.397882226
1.397780625
1.397581787
1.39731919
1.397056459
1.396857678
1.396737548
1.396710253
1.396746567
1.396825383
1.396906019
1.396989984
1.397077445
1.397160526
1.397248634
1.397343081
1.397434189
1.397522657
1.397617293
1.397706812
1.397788352
1.397848786
1.397891199
1.397909583
1.397889844
1.397837249
1.397749366
1.397640626
1.397509113
1.39739159
1.397279556
1.397198286
1.397154714
1.397142327
1.397141089
1.397177518
1.397215804
1.397270169
1.397347787
1.397416838
1.397511923
1.397626239
1.397741444
1.397869318
1.397986991
1.398103043
1.398201529
1.398235484
1.398211977
1.398130188
1.398009186
1.397829134
1.397633435
1.397448721
1.397279315
1.397142966
1.397034119
1.396953544
1.396899569
1.396864219
1.396858414
1.396873241
1.396916197
1.396979053
1.397054113
1.397153639
1.397256103
1.397365871
1.397475518
1.397579813
1.397663621
1.39773747
1.397793324
1.397813571
1.397823605
1.397820547
1.397808021
1.397822028
1.397849091
1.397893906
1.397947233
1.397961475
1.397901546
1.397731644
1.39747821
1.397196627
1.396952559
1.396791561
1.396755593
1.396804352
1.39692946
1.397067472
1.397194585
1.397307438
1.397399699
1.397473449
1.397522271
1.397562512
1.397591708
1.397620905
1.397633975
1.397641887
1.397642619
1.397652183
1.397652871
1.397652921
1.397648897
1.397625983
1.397605652
1.397565049
1.397527139
1.397487019
1.397452149
1.397420499
1.397380348
1.397359791
1.39734823
1.397348616
1.397353687
1.3973698
1.397381466
1.397406054
1.39743682
1.39747381
1.397512096
1.397539473
1.397550978
1.397565882
1.397568908
1.397560592
1.397553
1.397543837
1.397537487
1.397542034
1.397573014
1.397633127
1.397727385
1.397846877
1.398004051
1.398179559
1.398331457
1.398420799
1.398408691
1.398282395
1.398046892
1.397778033
1.397541232
1.397389047
1.397328909
1.397328117
1.397386428
1.397475361
1.397577133
1.39764971
1.397676292
1.397637713
1.397538072
1.397400158
1.397268403
1.397169008
1.397122959
1.397136262
1.397174023
1.397232466
1.397296679
1.397361126
1.39741701
1.397469849
1.397509902
1.397544646
1.397570091
1.397589686
1.397600021
1.397609743
1.39762515
1.397633383
1.397647305
1.397655472
1.397674333
1.397686471
1.397700082
1.397713601
1.397720884
1.397721118
1.397721642
1.397716909
1.397719189
1.397717845
1.397714105
1.397725097
1.397757325
1.397795169
1.397844772
1.39791192
1.398007569
1.398138138
1.398294061
1.398454824
1.398537808
1.398458857
1.398134963
1.397607857
1.397060756
1.396723835
1.396660194
1.396834121
1.39713163
1.397467197
1.397758388
1.397985348
1.398130045
1.398185801
1.398154603
1.398020395
1.397825261
1.397596572
1.397374662
1.397208316
1.397119115
1.397107568
1.397141739
1.397216343
1.397318962
1.397415976
1.397504497
1.397599283
1.397679277
1.397748065
1.397804786
1.397855513
1.397901309
1.397926577
1.397927934
1.397924283
1.39791462
1.397892522
1.397857567
1.397812076
1.397778905
1.397745899
1.397727192
1.397718561
1.397698537
1.397674636
1.397651156
1.39762706
1.397612169
1.39760257
1.397593865
1.397599568
1.397610633
1.397614852
1.397644763
1.397692907
1.39774312
1.397798919
1.397866672
1.397954485
1.398053893
1.398160697
1.398248006
1.398300002
1.398277329
1.398176571
1.397975605
1.397696708
1.397429528
1.397225815
1.397124503
1.397110447
1.397153784
1.39724066
1.397328604
1.39741401
1.397490156
1.397553665
1.397599372
1.397628129
1.397664852
1.397684443
1.39771832
1.397752327
1.397781159
1.397822401
1.39787374
1.397929345
1.397977198
1.398022697
1.398057852
1.398078281
1.39809362
1.398062581
1.398008608
1.397929041
1.39782663
1.397715747
1.397607922
1.397520385
1.397468294
1.397432408
1.397421089
1.397429584
1.397442669
1.397458519
1.397478483
1.397488505
1.397515122
1.397543147
1.397573054
1.39762667
1.397677933
1.397728966
1.397775521
1.397820282
1.397836427
1.397840284
1.397828008
1.397794408
1.397757757
1.397710333
1.397671247
1.397638115
1.39760385
1.397583722
1.397573753
1.397563341
1.39754736
1.397542644
1.397537841
1.397542837
1.397543494
1.397546677
1.397544831
1.397546887
1.397547688
1.397558875
1.397570959
1.397584121
1.397586787
1.397593485
1.397606863
1.397631825
1.39764
1.397654969
1.397676426
1.39770845
1.39772868
1.397752254
1.397779674
1.39779218
1.397799424
1.397787609
1.397781608
1.397755329
1.397726833
1.397682425
1.397633178
1.397583416
1.397555956
1.397529807
1.39751091
1.397501412
1.397495285
1.397497734
1.397518524
1.397534497
1.397537051
1.397548876
1.397566971
1.397567361
1.397578554
1.397581719
1.39758421
1.397593465
1.397597915
1.397616744
1.397616921
1.397624512
1.397627503
1.397632662
1.397629962
1.397630569
1.39762651
1.397624079
1.397615441
1.397600189
1.397587953
1.397572438
1.397559951
1.397547904
1.397536288
1.39752961
1.397522143
1.397523779
1.397531584
1.397548893
1.39757149
1.397590399
1.397613537
1.39762553
1.397637489
1.39764422
1.397664339
1.397666645
1.397662647
1.3976594
1.397655092
1.397646541
1.397643531
1.39764204
1.397639679
1.397650354
1.397669459
1.397673478
1.397650254
1.39760848
1.397529289
1.397432078
1.397320962
1.397239078
1.397197629
1.397196231
1.397242278
1.397319948
1.397416779
1.397519949
1.397629192
1.397739707
1.397829135
1.39792737
1.397990136
1.398043328
1.398067493
1.398072802
1.398041588
1.397991405
1.397920648
1.397844886
1.3977683
1.397712257
1.397667049
1.397644291
1.397644013
1.397672723
1.397729012
1.397783686
1.397830708
1.397832006
1.397755706
1.397609416
1.397395517
1.397191957
1.397060153
1.397007206
1.397035092
1.397121554
1.397228588
1.397345562
1.397449345
1.397535986
1.397615637
1.397677072
1.397712206
1.397739216
1.397757236
1.397765734
1.397769687
1.397772986
1.397793107
1.397808981
1.397847778
1.397916167
1.398005426
1.398110897
1.398187757
1.398205838
1.398106558
1.397857816
1.397519761
1.397179584
1.396925209
1.396826647
1.396845024
1.396927952
1.397050456
1.397172411
1.397287938
1.397393449
1.397494082
1.397569726
1.397649604
1.397710059
1.397771806
1.397812538
1.39783829
1.397857616
1.39785823
1.397849844
1.397828841
1.397799692
1.397760568
1.397714863
1.397663744
1.397624588
1.397588038
1.39754142
1.397513743
1.397492833
1.397477665
1.397466734
1.397463123
1.397458175
1.397455414
1.397444706
1.397433165
1.397419068
1.397415481
1.397419264
1.397415515
1.397427077
1.397436085
1.397445338
1.397475992
1.397503537
1.397533728
1.397571925
1.397606553
1.397647146
1.397674708
1.397708234
1.397731477
1.397747883
1.39775241
1.397743617
1.397730703
1.397714105
1.397708548
1.397694814
1.397676063
1.397665803
1.397662141
1.397653291
1.397635209
1.39761225
1.397583449
1.397551644
1.397532311
1.397516936
1.397507838
1.397512971
1.397515038
1.397523756
1.397542914
1.397551853
1.397558604
1.397563124
1.397555889
1.397546485
1.397543474
1.397538339
1.397544083
1.397545026
1.397564067
1.397565028
1.397556079
1.397552531
1.397540781
1.397541164
1.39753786
1.39753984
1.397554714
1.397577382
1.397607458
1.39764065
1.397688391
1.397737802
1.397812806
1.397910517
1.398037632
1.398170775
1.39828458
1.398327448
1.398231573
1.397973617
1.397575637
1.397146153
1.396807532
1.39663986
1.396628175
1.39670581
1.396843207
1.396985342
1.397106966
1.397204167
1.397275847
1.397333304
1.397381215
1.397423787
1.39745971
1.397503501
1.397542996
1.397572547
1.397607359
1.397655002
1.397698743
1.397747258
1.397794158
1.397846397
1.397888664
1.397926287
1.397950092
1.397956231
1.397942318
1.397903674
1.397843486
1.397786834
1.397720547
1.397669704
1.397634056
1.397607826
1.39759318
1.397595881
1.397605293
1.397622284
1.397620786
1.397610518
1.397603914
1.397589072
1.397580404
1.397562785
1.397555034
1.397548442
1.397531453
1.397507232
1.397473115
1.397439916
1.397410426
1.397373978
1.397355456
1.397336236
1.397329519
1.397335175
1.397344708
1.397362959
1.397387408
1.397408415
1.397428593
1.397448691
1.397467653
1.397484969
1.397495887
1.397496185
1.397505754
1.397514146
1.397518493
1.397528226
1.39755094
1.397571098
1.397604449
1.397660014
1.397734807
1.397827095
1.397965463
1.398106273
1.398250857
1.398378675
1.39843676
1.39840186
1.398228707
1.39795748
1.397622416
1.397320334
1.397117361
1.397028942
1.397057117
1.397168452
1.397311893
1.397431919
1.397531792
1.397589247
1.397579835
1.397525983
1.397448205
1.397372629
1.397312319
1.397279589
1.397294643
1.397337591
1.397410244
1.397498032
1.397588037
1.397665162
1.397731866
1.397768672
1.397787296
1.3977841
1.397745185
1.397683662
1.397614654
1.397541665
1.397474318
1.397413436
1.397355827
1.397320514
1.397301461
1.397307925
1.397321907
1.397340997
1.397383516
1.397420159
1.397462073
1.397501812
1.397541992
1.397573828
1.397598572
1.397620348
1.397636552
1.397654467
1.397672298
1.397686101
1.397692082
1.397695914
1.3976912
1.397695055
1.397686505
1.397689614
1.397690819
1.397691219
1.397694687
1.397700394
1.39771641
1.397732909
1.397752356
1.397775071
1.397785297
1.39778079
1.397750775
1.397701769
1.397640327
1.397556991
1.397465335
1.397380167
1.397328541
1.397297479
1.397285479
1.39730569
1.39734498
1.397384521
1.397434105
1.397480579
1.397516409
1.39753266
1.39753577
1.397521939
1.397494219
1.397458147
1.397407306
1.397350889
1.39729804
1.397270494
1.397242155
1.397235902
1.39723167
1.39724103
1.397244663
1.397248271
1.397236097
1.397225835
1.397216051
1.397211282
1.397206612
1.397215074
1.39722919
1.397270757
1.397312952
1.397375527
1.397444565
1.397515066
1.397585886
1.39766159
1.397723393
1.397771748
1.397791842
1.397770349
1.397706469
1.397613094
1.397498488
1.397383582
1.397294699
1.397242547
1.397214865
1.397216537
1.397217662
1.39721767
1.397208573
1.397188393
1.397151505
1.397113108
1.397092129
1.39708455
1.397101538
1.397135638
1.39718047
1.397234633
1.397296021
1.397350908
1.397391012
1.397420882
1.397425291
1.397422111
1.397382475
1.39734231
1.397301966
1.397264536
1.397221758
1.397201783
1.397194979
1.397185456
1.397165104
1.397127542
1.397078856
1.39702345
1.396975293
1.396951512
1.396983168
1.397048967
1.397156488
1.397300532
1.397455848
1.397626866
1.397771906
1.39787083
1.397922916
1.397925501
1.397905557
1.397862009
1.397845855
1.397842484
1.397852106
1.397862719
1.397854684
1.397828171
1.397752495
1.397638386
1.397499225
1.397351088
1.397212141
1.397080757
1.396978156
1.396914143
1.396882219
1.396900522
1.396937012
1.397009972
1.397098958
1.397209265
1.397327326
1.397458559
1.397589122
1.397699748
1.397798887
1.397868654
1.397909213
1.397910552
1.397878706
1.397825046
1.397759653
1.397717494
1.397695945
1.397710145
1.397756611
1.397822174
1.397889657
1.397951073
1.3979803
1.397988192
1.397974152
1.39794171
1.397902133
1.397858172
1.39782922
1.397805659
1.397790893
1.397770847
1.397739936
1.397704354
1.397667769
1.39762557
1.397582989
1.397556643
1.397531606
1.397515891
1.397502736
1.397499266
1.397503009
1.397509148
1.397522463
1.397550219
1.397587908
1.397630954
1.397683996
1.3977415
1.397808735
1.397872876
1.397926408
1.397971829
1.398003486
1.398011259
1.397997007
1.397938847
1.397847125
1.39775925
1.397654261
1.397563118
1.397494298
1.397460754
1.397449404
1.397472405
1.397526184
1.397592619
1.397687031
1.397806001
1.397927296
1.398056966
1.398186268
1.398319471
1.398441779
1.398552864
1.398615223
1.398616054
1.398532918
1.398344128
1.398066708
1.397749903
1.397454467
1.397212669
1.397055452
1.39697552
1.396959698
1.396980544
1.397032929
1.397121194
1.397234
1.397329517
1.397441918
1.397534139
1.397611418
1.397650696
1.39766163
1.397639809
1.397576572
1.397502293
1.3974311
1.397371827
1.397348622
1.397362716
1.397398189
1.397463081
1.397542927
1.39762212
1.39770148
1.397779496
1.397849582
1.397906629
1.397960501
1.397997225
1.398030338
1.398052577
1.398063733
1.398039763
1.397995198
1.397900411
1.397771421
1.39760148
1.397422582
1.397237759
1.397099202
1.397027222
1.397014934
1.397058993
1.397123088
1.397217604
1.397313436
1.397393266
1.39746803
1.397533501
1.397573894
1.397591315
1.397606822
1.397609519
1.397601209
1.397578291
1.397535803
1.397500446
1.397453448
1.397422034
1.397400635
1.397411382
1.39745919
1.397526769
1.397611608
1.397704213
1.397801543
1.397884256
1.397952407
1.397990158
1.397997103
1.397965958
1.397887131
1.397774384
1.397648478
1.397513154
1.397392817
1.397304035
1.397243957
1.397217517
1.397200223
1.397214744
1.397237901
1.397267502
1.397314431
1.397363703
1.397423117
1.397498648
1.397570068
1.39762418
1.397662973
1.397666152
1.3976518
1.397599752
1.397542627
1.397503199
1.397489599
1.397530534
1.397614199
1.397747344
1.39789845
1.39805819
1.398177762
1.398245872
1.398242404
1.398176238
1.398053145
1.397881215
1.397670821
1.397427161
1.397183946
1.396982336
1.39683953
1.396771111
1.396782616
1.396845278
1.396960693
1.397093982
1.39723388
1.397371846
1.397512377
1.397644726
1.397764231
1.397853683
1.397915517
1.397933082
1.397889813
1.397786465
1.397635717
1.397470979
1.39732702
1.397242448
1.397224594
1.397261925
1.397345749
1.397457343
1.397597085
1.397759688
1.397946288
1.398142392
1.398371413
1.398560039
1.39868627
1.398690483
1.398538592
1.398252563
1.397921672
1.397644934
1.397451592
1.397309334
1.397191402
1.397054875
1.396937256
1.396860689
1.396845825
1.396896103
1.396991346
1.397125496
1.397278991
1.397431433
1.397570011
1.39768548
1.397760833
1.397790959
1.397792548
1.397758906
1.397717845
1.39767012
1.397626869
1.397593168
1.39757649
1.397589445
1.397608508
1.397632561
1.397658256
1.397678607
1.397683459
1.397676206
1.397652425
1.397639854
1.397603267
1.397571985
1.397544598
1.397524035
1.397505308
1.397487191
1.397481571
1.39749233
1.39750136
1.397516251
1.397523225
1.397532346
1.39754446
1.397556047
1.397563995
1.39756793
1.397572606
1.39756654
1.397557579
1.397551576
1.397538124
1.397530948
1.397527561
1.397537804
1.397543588
1.397567604
1.397616309
1.397677154
1.397769606
1.39788383
1.398015197
1.398148266
1.398242461
1.398276644
1.398194217
1.398006278
1.397762176
1.397536741
1.397410102
1.397396688
1.397489332
1.397623879
1.397752896
1.397845202
1.39788089
1.397839592
1.397748728
1.39762091
1.397472499
1.397331894
1.397236838
1.397174533
1.397170766
1.397221957
1.397304353
1.39741219
1.39753432
1.397654194
1.397763242
1.397866064
1.397950605
1.398015995
1.398056751
1.398060742
1.398002712
1.397865638
1.397662281
1.397428582
1.397200599
1.397010182
1.396886801
1.396822799
1.396819868
1.396855973
1.396914384
1.396979612
1.397052809
1.397138707
1.397221409
1.397307115
1.397393443
1.397464765
1.397544316
1.397601427
1.39766285
1.397715161
1.39777098
1.397807187
1.397854788
1.397908813
1.397949715
1.397981315
1.397997929
1.398015388
1.398028691
1.398038074
1.398036886
1.398037318
1.398022187
1.397996616
1.39796644
1.397912438
1.3978482
1.397762492
1.397640389
1.397491403
1.397338658
1.397186599
1.397062373
1.396968286
1.396918631
1.396917549
1.396955996
1.397019636
1.397098637
1.397184804
1.397291162
1.397385431
1.397479646
1.397570205
1.397661042
1.397748789
1.397827255
1.397882379
1.397930166
1.397957531
1.397970232
1.397962737
1.397926153
1.397877366
1.397802548
1.397713822
1.397615426
1.397495628
1.397397019
1.397301809
1.397231034
1.397182586
1.39713842
1.397126499
1.397128867
1.397150819
1.397173881
1.397212836
1.397268204
1.397316762
1.397375386
1.397437118
1.397506861
1.397568383
1.397636684
1.3976894
1.397742708
1.397796489
1.397838456
1.397876379
1.397896844
1.39790063
1.397885119
1.397838409
1.397765147
1.397682294
1.397598215
1.397550574
1.397526646
1.397553164
1.397609654
1.397686148
1.397747093
1.397797471
1.397839152
1.397852714
1.397853994
1.397823197
1.397770397
1.397706102
1.397610671
1.397498296
1.397334017
1.397139522
1.396955564
1.396826472
1.396776343
1.396820262
1.396935089
1.397092934
1.397272536
1.397456249
1.397622547
1.39777319
1.397881737
1.397949818
1.397966187
1.397921511
1.397799103
1.397600762
1.397368584
1.397143278
1.396981081
1.39690152
1.396897855
1.396966495
1.397070714
1.397203743
1.397347663
1.3974803
1.397618289
1.397727236
1.397822288
1.397892058
1.397925813
1.397924873
1.397880817
1.397809483
1.397721613
1.397629832
1.397538231
1.397465543
1.397401333
1.397342472
1.397298402
1.397254207
1.39721304
1.397176877
1.397151345
1.397143023
1.397153005
1.397184027
1.397222705
1.397271798
1.397334675
1.397392165
1.397449873
1.397500007
1.397565943
1.397618909
1.397667692
1.397706163
1.397751123
1.39778071
1.397801117
1.397814115
1.397808412
1.397796288
1.397761987
1.397709069
1.397664165
1.397623187
1.397601583
1.397604623
1.397629211
1.397650073
1.397691686
1.397720591
1.397741475
1.397755822
1.397739328
1.397716044
1.397694471
1.397647771
1.397609506
1.397579049
1.397550665
1.397545446
1.397549475
1.397548104
1.397539787
1.397517292
1.397469917
1.397415423
1.397324154
1.397241317
1.397159668
1.397107238
1.397089927
1.397091683
1.397123489
1.397177261
1.397233036
1.397297193
1.397352257
1.397384023
1.397417246
1.397425193
1.397423504
1.397424128
1.397412966
1.397420182
1.397429842
1.39744631
1.397470821
1.397509078
1.397566799
1.39762621
1.397712115
1.397803463
1.397900787
1.398010002
1.398116777
1.398202867
1.398242883
1.398226089
1.398162295
1.398069098
1.398023353
1.398042239
1.398106931
1.398138906
1.398029747
1.397735656
1.397304685
1.396915116
1.396680211
1.396633254
1.396732794
1.396893064
1.397046439
1.397178277
1.397262687
1.397339293
1.397394726
1.397447764
1.397491285
1.397526217
1.397539408
1.397557652
1.397547269
1.397517228
1.397467474
1.397433767
1.397382618
1.39733764
