9.282531227
9.290959922
9.323834376
9.381638321
9.447763047
9.515931058
9.583943687
9.631465771
9.657579933
9.667012272
9.660899691
9.653636429
9.651757347
9.650752973
9.657803313
9.679979976
9.709517199
9.746775439
9.783343521
9.828020206
9.869404422
9.910059727
9.944065834
9.967456206
9.971083647
9.952395344
9.910566901
9.841415645
9.755076661
9.649097267
9.514664091
9.378833703
9.243717935
9.12254147
9.01841594
8.943729308
8.910590416
8.924396713
8.97933116
9.073367809
9.193553199
9.324257152
9.445007762
9.543704791
9.616558662
9.64652339
9.645246166
9.620177079
9.596836626
9.576819488
9.560439257
9.548748006
9.526314442
9.495465771
9.451662918
9.413901615
9.387915276
9.396035945
9.431683277
9.504370948
9.601255079
9.714600567
9.81736911
9.887465942
9.921357177
9.90321682
9.843862878
9.746118909
9.62872018
9.505144343
9.388903474
9.29338223
9.220931426
9.169709395
9.141797181
9.138187259
9.152115747
9.187136945
9.238556402
9.308236613
9.391872334
9.498377977
9.618473584
9.74898777
9.889592917
10.03350588
10.1580276
10.26887269
10.36744642
10.44423723
10.5027271
10.54303273
10.55437436
10.54875863
10.52407065
10.4659095
10.37741023
10.24569433
10.07400189
9.859125262
9.600598961
9.320131059
9.047665328
8.796083898
8.591632989
8.444411011
8.3663437
8.365281394
8.438394168
8.557443199
8.728094539
8.921358866
9.134744814
9.330463976
9.51657249
9.664313271
9.775525094
9.850945033
9.889595835
9.90255473
9.897233436
9.869219633
9.832238476
9.7819884
9.726301465
9.672196346
9.634346481
9.60975948
9.606815842
9.614172225
9.624967805
9.622904001
9.603606409
9.559982887
9.487538457
9.393081569
9.294250582
9.207767542
9.150140032
9.129754746
9.154002026
9.217681755
9.304591348
9.40524181
9.514256309
9.628128959
9.742125247
9.849278821
9.951329169
10.0460159
10.12565503
10.18713235
10.22679464
10.23336127
10.20519199
10.14809666
10.05975758
9.936848603
9.784854739
9.620302718
9.446915239
9.276855324
9.133578312
9.0338444
8.977736867
8.9585448
8.981551372
9.031186825
9.108242899
9.2006761
9.293692671
9.37810545
9.445155219
9.490978575
9.517789607
9.529322534
9.537866365
9.559637184
9.601651726
9.662153734
9.742451273
9.830179444
9.905750906
9.955338125
9.963928108
9.913003679
9.81751935
9.679882312
9.530218401
9.379590425
9.242867367
9.139141518
9.074753251
9.067475094
9.121749634
9.228856658
9.390938287
9.585114735
9.790957278
9.99627711
10.17210152
10.28910297
10.33317386
10.29585601
10.19176406
10.04015567
9.88613356
9.757991926
9.678281878
9.644662775
9.651786607
9.69165086
9.72852728
9.74979216
9.7529057
9.72636674
9.669155635
9.601773208
9.523644473
9.468463974
9.430016689
9.407767962
9.413125852
9.433909882
9.469425625
9.514134962
9.564172996
9.631648685
9.700859229
9.765394391
9.804145462
9.815026825
9.79246989
9.739052554
9.671603113
9.599884955
9.551619805
9.536706602
9.558462898
9.616651832
9.708856602
9.79870203
9.871667647
9.893439423
9.855725721
9.74174185
9.575958432
9.379699059
9.190073167
9.030991042
8.93137336
8.903215893
8.932875199
9.012109406
9.134511108
9.25907661
9.358653924
9.421679875
9.418445892
9.372107615
9.285743732
9.180852436
9.093420803
9.03329871
9.000805435
9.008045221
9.056658714
9.133752989
9.218958452
9.303111664
9.368421303
9.410909331
9.428321937
9.438602114
9.452974327
9.470343027
9.501959654
9.549976307
9.595304291
9.643362845
9.689818067
9.7263656
9.763088048
9.802912401
9.835948921
9.87328884
9.914667953
9.951389021
9.975901771
9.990691356
9.99119448
9.989308019
9.971369763
9.956575326
9.942477585
9.92743459
9.902835499
9.85766274
9.769076756
9.631098567
9.459093299
9.274843918
9.115548479
8.995850278
8.923150108
8.91627525
8.964302232
9.050055748
9.155645814
9.269998286
9.386538701
9.492093365
9.5839925
9.657988857
9.70431129
9.718414322
9.694367492
9.643016056
9.585770463
9.537952496
9.524915164
9.548142885
9.620687245
9.741439436
9.88592383
10.02983753
10.13255804
10.17086545
10.13160073
10.03883772
9.900635312
9.751348097
9.619547357
9.524853384
9.469553068
9.449111513
9.44438468
9.435897116
9.40486868
9.351216938
9.285189291
9.218348571
9.179862547
9.171892917
9.186794255
9.225121878
9.255548198
9.273443665
9.274324352
9.260351422
9.221500274
9.186495572
9.155627901
9.142766946
9.152548401
9.195017519
9.268564625
9.379165444
9.516865647
9.675677079
9.838148194
9.985405959
10.08562998
10.13620683
10.13044048
10.0711344
9.98020334
9.875265987
9.763637165
9.659589221
9.574765097
9.514996368
9.47871579
9.475430206
9.502713599
9.555254036
9.631475161
9.718289018
9.802578005
9.873896353
9.920019457
9.936751589
9.917658533
9.866800541
9.795271842
9.714629031
9.640816116
9.578548112
9.535436314
9.506209523
9.493345071
9.48916521
9.49734553
9.509035948
9.528522348
9.551936702
9.566859269
9.572163994
9.555877139
9.51254718
9.435137286
9.342299809
9.226151685
9.108875607
9.007119761
8.928524314
8.875062625
8.856085628
8.872503084
8.927402016
9.015125932
9.144275257
9.296357457
9.462057355
9.611989751
9.734277292
9.81312965
9.843396718
9.835891153
9.797295326
9.738731802
9.661013843
9.584896068
9.528370522
9.493065833
9.491725807
9.542448024
9.634884976
9.757980578
9.891743771
10.01374863
10.10743939
10.16008546
10.16444528
10.11479594
10.02057677
9.896284281
9.75295737
9.615145829
9.491404843
9.396838463
9.335351065
9.29984026
9.283699949
9.277437656
9.269798559
9.255714568
9.226838178
9.180324101
9.114307717
9.041856356
8.978783014
8.937968827
8.931951344
8.971670028
9.059145628
9.180790496
9.324830999
9.472065086
9.605319254
9.700599789
9.765518486
9.792952756
9.790729096
9.774395188
9.756088835
9.733827296
9.711932408
9.685155398
9.659404962
9.631692919
9.609190503
9.593278187
9.572391299
9.544115038
9.507858348
9.460204037
9.406027322
9.359003716
9.327808234
9.31222541
9.314754165
9.336595351
9.373077881
9.427001484
9.484295729
9.554589065
9.635812287
9.721136905
9.801334758
9.86050882
9.890358439
9.895252216
9.880672838
9.850793913
9.814918159
9.775314446
9.730932009
9.679310712
9.618927623
9.552012167
9.47782614
9.39561893
9.306856906
9.211066822
9.11587846
9.027513763
8.973518747
8.953096841
8.981653743
9.063221501
9.189732408
9.354515242
9.531224396
9.704451249
9.847592635
9.946372079
9.99864492
9.989190291
9.940340585
9.857897211
9.754201686
9.641031784
9.540551653
9.465284244
9.416105994
9.401951013
9.424541993
9.480983352
9.554047012
9.64676069
9.734323995
9.808507067
9.863746646
9.891460243
9.883364679
9.840203888
9.742423913
9.607415783
9.447665158
9.282225239
9.141201598
9.031970794
8.95954286
8.931644116
8.921834538
8.923892853
8.934393861
8.946439513
8.971199
9.008562881
9.057621775
9.121757265
9.199665301
9.295491588
9.406982057
9.532695559
9.659556986
9.783836546
9.893024018
9.985358647
10.04337444
10.06471689
10.044763
9.997992625
9.936919852
9.877441302
9.84489387
9.835761226
9.852647716
9.890769782
9.939024422
9.985473962
10.01533331
10.0163202
9.978238709
9.908500839
9.816674304
9.714736545
9.615826968
9.539966952
9.477344766
9.429519868
9.380809397
9.334770645
9.284275783
9.241440933
9.204679068
9.188552371
9.19173918
9.206433555
9.240185423
9.283985615
9.334315779
9.396508432
9.462715435
9.536769364
9.602236999
9.649202026
9.676184282
9.675790942
9.66038473
9.633961638
9.607753619
9.585698502
9.569352976
9.549953522
9.531328269
9.498442815
9.470988563
9.449060196
9.442780009
9.446774832
9.464099688
9.486512276
9.49696535
9.507025531
9.52358812
9.554034806
9.605831384
9.662750947
9.703714058
9.712593439
9.687673336
9.633600052
9.54564218
9.455151054
9.36414825
9.305360045
9.271992737
9.267219526
9.283403849
9.31858966
9.368627073
9.420582991
9.462459255
9.487102728
9.502566494
9.505505326
9.499837223
9.501601444
9.520544535
9.542393714
9.570157403
9.592292333
9.607602658
9.594119425
9.556253175
9.496819599
9.427385299
9.351565745
9.276904046
9.22248763
9.186433689
9.175896598
9.19931412
9.252157065
9.334709072
9.427054136
9.527325554
9.60231857
9.653467577
9.673370585
9.663385072
9.646107007
9.627427352
9.611602876
9.607856417
9.614239897
9.63482923
9.660701396
9.690858737
9.715943409
9.728332823
9.725494434
9.699174159
9.655654253
9.606176197
9.56368599
9.533198206
9.523845831
9.529091246
9.54074519
9.552997144
9.549632361
9.530030587
9.496013153
9.448407582
9.399101991
9.364634836
9.331169126
9.316167361
9.309653758
9.31194243
9.322056067
9.344031739
9.395597618
9.468043299
9.557348796
9.646757396
9.730514608
9.788755658
9.807233572
9.792655535
9.736001401
9.645383896
9.530079258
9.408282961
9.287481535
9.188723351
9.115878404
9.086575337
9.09246249
9.136578986
9.206568029
9.295173068
9.388989579
9.476787583
9.548639569
9.599540172
9.63322284
9.659308892
9.678938665
9.690335023
9.706104854
9.715513095
9.729365235
9.753298404
9.774534992
9.78734974
9.780430936
9.743837639
9.674164447
9.582518193
9.470744435
9.361125221
9.275909757
9.223541963
9.224123676
9.260240541
9.328176488
9.409947636
9.486799637
9.559212028
9.627690972
9.704487957
9.781131265
9.851692373
9.889458608
9.879881118
9.810955793
9.682869047
9.529488353
9.381223437
9.252143083
9.156795158
9.11395523
9.101290292
9.115762471
9.148185009
9.206687239
9.275661707
9.360831452
9.460929466
9.565421057
9.670601795
9.765038199
9.838306169
9.892048562
9.932135372
9.957139103
9.975970251
9.990306638
9.993948542
9.986373068
9.95213754
9.892384397
9.805059609
9.704164276
9.602835565
9.514200008
9.444719228
9.408233959
9.408370121
9.455023188
9.531751704
9.632927681
9.73935809
9.824123539
9.869331687
9.869643455
9.809042024
9.705840572
9.57160028
9.437397867
9.319072599
9.240463138
9.214586114
9.241248807
9.329033458
9.460598739
9.624778971
9.785060355
9.914298963
9.987347515
9.992366062
9.932766128
9.809893168
9.644312903
9.456869528
9.273934925
9.117040844
8.998631217
8.929666963
8.903356804
8.926365609
8.985599544
9.075637422
9.172755448
9.27542229
9.371941567
9.469342086
9.54626506
9.587494747
9.594120393
9.552637922
9.479893659
9.379730311
9.283622839
9.202047167
9.157239642
9.163257859
9.215168102
9.307019843
9.418429316
9.523922256
9.597434812
9.626709795
9.604940935
9.532964574
9.428385439
9.314804865
9.212042612
9.146915011
9.128273831
9.160521638
9.242925461
9.351775132
9.482379643
9.613513079
9.737054983
9.843506058
9.915181453
9.964911941
9.980846659
9.962361136
9.920414097
9.85378644
9.786736078
9.731875924
9.693093112
9.679869124
9.686447356
9.711285502
9.738708053
9.772558083
9.810699877
9.850742572
9.883829091
9.912132545
9.93495456
9.939562976
9.925826588
9.894399425
9.843146576
9.767167967
9.673789472
9.576031149
9.482977065
9.408129233
9.348998955
9.301614793
9.270561468
9.251512935
9.251390537
9.275106201
9.331576044
9.410845475
9.503633117
9.59726198
9.685784014
9.746686446
9.772629694
9.752681281
9.67614156
9.569539293
9.429169543
9.274960481
9.136066507
9.037526489
8.985677185
8.976982646
9.003869435
9.058754771
9.131807066
9.210111904
9.278777531
9.345786872
9.405809833
9.459514649
9.517696032
9.582647543
9.644027988
9.693808973
9.726486971
9.718150148
9.675427228
9.599085669
9.503412957
9.412982813
9.340712142
9.306569787
9.305333792
9.339221584
9.399201081
9.468901621
9.548375079
9.626137494
9.704033466
9.778620599
9.859334588
9.940069913
10.01074046
10.06334804
10.09467532
10.10126129
10.08620024
10.04440304
9.987557046
9.92098556
9.839298915
9.75454145
9.659659222
9.56893558
9.494283959
9.427716701
9.386130749
9.376076555
9.399686456
9.463673546
9.544431285
9.648975434
9.746707077
9.832504853
9.877016272
9.877818412
9.823837054
9.717750908
9.557062436
9.375955775
9.1869126
9.000473174
8.853596681
8.755131661
8.727731094
8.776403631
8.904958876
9.112664329
9.38528269
9.680666893
9.96203299
10.19554373
10.32765713
10.35512425
10.29275861
10.16671017
10.0037324
9.834434615
9.67371513
9.539028904
9.43131538
9.347998246
9.281768225
9.237327131
9.202193735
9.17138205
9.148971352
9.125833924
9.11629473
9.122196028
9.146296802
9.190934549
9.262474666
9.345563012
9.446666489
9.562536212
9.674969207
9.773251245
9.837431601
9.85682951
9.836704748
9.784363735
9.723526341
9.647379613
9.579233959
9.512476065
9.462700076
9.441570027
9.446204911
9.480144922
9.540721709
9.617858467
9.694788163
9.772518863
9.840397296
9.885269196
9.908263879
9.916720304
9.92036435
9.922338555
9.922250181
9.910791625
9.886848559
9.832289876
9.744241921
9.633762561
9.515846201
9.383853305
9.262974076
9.162089744
9.092328801
9.050385493
9.051195841
9.082042227
9.134256657
9.199552564
9.265606518
9.333648641
9.398454235
9.455562582
9.502664241
9.538549349
9.55071877
9.54666512
9.528300392
9.513972058
9.515883484
9.543695703
9.593318248
9.664257216
9.738480505
9.800511285
9.845781732
9.866353439
9.867428327
9.853274475
9.820588595
9.781133341
9.73667839
9.683098761
9.614692379
9.546644888
9.47782897
9.422136048
9.386084713
9.364772871
9.363756302
9.358434983
9.345925141
9.328726275
9.314822391
9.32039725
9.347486872
9.395299798
9.464119806
9.530971411
9.591403422
9.641550734
9.668836089
9.682588268
9.691224679
9.702038802
9.712366921
9.74543733
9.773939259
9.808676516
9.851897909
9.896080171
9.931151526
9.95223225
9.959271841
9.946887937
9.919878925
9.894956244
9.869080164
9.840624653
9.809052197
9.773410384
9.719263238
9.660039261
9.594087759
9.535083316
9.485863359
9.451824775
9.436472465
9.43853131
9.44884141
9.457535018
9.466152092
9.455619942
9.43721452
9.408743484
9.378063988
9.343610053
9.300561642
9.249523957
9.1988654
9.145000373
9.101604118
9.069003329
9.055777948
9.057399613
9.088967285
9.145236752
9.242149525
9.36678796
9.522336026
9.705587175
9.898722309
10.08814702
10.26010878
10.38979849
10.46022459
10.45998594
10.3969007
10.272883
10.09926077
9.89360983
9.685081469
9.489187976
9.321967474
9.199794114
9.134468973
9.122928346
9.161567534
9.23737351
9.332276457
9.423197966
9.496366904
9.546081362
9.564287107
9.5571361
9.536435035
9.482686902
9.4026818
9.308792727
9.208464343
9.126041189
9.068840901
9.057111104
9.076501204
9.133047505
9.207107314
9.29560649
9.392188478
9.494610154
9.594133113
9.668574044
9.720823362
9.737087433
9.719313174
9.672945651
9.614583979
9.536528955
9.450542643
9.350466594
9.255879445
9.172466671
9.105864129
9.065904469
9.063016805
9.101476887
9.177641807
9.290202828
9.429083291
9.567273949
9.689562123
9.783388932
9.837468175
9.854828203
9.840159513
9.806197748
9.773216672
9.757162575
9.747261946
9.737541128
9.728460012
9.702272846
9.662128701
9.61324417
9.550269132
9.479703597
9.392535082
9.308348261
9.240719342
9.201687433
9.197569373
9.230912142
9.295346369
9.373515457
9.442252586
9.490764034
9.525195182
9.552736678
9.586011569
9.633783458
9.704098247
9.790112704
9.8781953
9.964090084
10.03404385
10.0702968
10.06202569
10.00955291
9.909851748
9.766978952
9.588805735
9.40601654
9.239905908
9.112154208
9.02386665
8.978648918
8.975502227
8.986955454
9.004749157
9.026573273
9.045094346
9.066465046
9.098031756
9.143502335
9.20152765
9.26931094
9.32553912
9.36053905
9.379902103
9.380707491
9.371320705
9.368787492
9.381255312
9.427112268
9.49803389
9.583558788
9.673735412
9.752722044
9.81544852
9.859515118
9.895512949
9.927390598
9.957153436
9.969685252
9.970057673
9.939004081
9.878681787
9.793288748
9.678349626
9.548096141
9.418731779
9.304795009
9.211306823
9.146740283
9.106644424
9.09086664
9.088854631
9.105491043
9.132501915
9.18318405
9.263781007
9.358101295
9.473296181
9.600409028
9.728063144
9.83921539
9.927829128
9.973694709
9.98227677
9.95986415
9.908815263
9.84660291
9.781400494
9.712636252
9.647107733
9.590242735
9.546210815
9.516029094
9.519944038
9.555398993
9.620706642
9.723186696
9.835192655
9.939188368
10.02140245
10.04848705
10.0221025
9.934689634
9.810214427
9.67196834
9.539182319
9.422503526
9.334214621
9.261300514
9.19937039
9.16121525
9.119518588
9.078964842
9.058099863
9.064367861
9.103279514
9.181136982
9.299833418
9.436259001
9.583681387
9.720782985
9.837998522
9.909839126
9.938210242
9.925614639
9.871579051
9.78449264
9.681103823
9.575477448
9.469923089
9.377817003
9.297964611
9.255983585
9.252600564
9.290692118
9.373514257
9.498034781
9.650398533
9.805298919
9.942278403
10.02974797
10.05612231
10.02240294
9.931268522
9.817332891
9.67876943
9.54546037
9.422227088
9.317696045
9.246038804
9.216113279
9.244514327
9.330047522
9.45933221
9.612535066
9.761938969
9.884999364
9.968222746
10.00674741
10.00977406
9.989406941
9.969088388
9.956426592
9.956187314
9.961554492
9.959302407
9.947818483
9.911642638
9.84505462
9.755983568
9.64718192
9.535069111
9.421866711
9.322836463
9.239627663
9.183562835
9.167067399
9.182201537
9.226239761
9.282092267
9.321268809
9.340157499
9.33165984
9.296899875
9.254936809
9.224219321
9.224777507
9.272650329
9.363751695
9.488310995
9.630988036
9.765293799
9.868888748
9.935441911
9.972645453
9.986554439
9.993416868
9.990017835
9.97696734
9.954311691
9.916323695
9.853211378
9.760072874
9.653100369
9.532020859
9.419559865
9.321913866
9.251945434
9.212539552
9.207526805
9.231535785
9.283895594
9.350915638
9.426040397
9.493250938
9.534248804
9.546309247
9.522488407
9.487687661
9.456606527
9.436665532
9.44808144
9.488378735
9.565843493
9.669076775
9.773931203
9.868902079
9.928959336
9.950053559
9.923801069
9.868818058
9.795070576
9.724883476
9.67858034
9.667919466
9.697264444
9.757980361
9.832993137
9.913561859
9.983533832
10.03526739
10.05761472
10.04820788
10.01029853
9.948011509
9.868052969
9.774828826
9.673734912
9.568746064
9.445503989
9.305388097
9.147676405
8.983854504
8.827961104
8.687410629
8.59512377
8.558456171
8.595117398
8.705385792
8.880823908
9.104447552
9.360877906
9.617988948
9.850627613
10.0228081
10.11769798
10.13233063
10.06632856
9.942833646
9.790655365
9.630654262
9.489260443
9.3775389
9.30918864
9.275850983
9.279735019
9.31572754
9.361686978
9.405544363
9.434009601
9.439510932
9.409819656
9.352209769
9.269186082
9.183212359
9.110178928
9.069591554
9.071776568
9.123226144
9.217234816
9.357935716
9.532410789
9.723607516
9.898671416
10.04967993
10.15443084
10.21744253
10.22777803
10.20380011
10.14812961
10.05764369
9.957091494
9.84222879
9.715854692
9.587586469
9.471075532
9.369339873
9.28885773
9.224462192
9.170624669
9.14171915
9.136249
9.154853669
9.199045184
9.268223754
9.378249178
9.512884219
9.665110396
9.823161938
9.959203022
10.06126282
10.08876217
10.04765816
9.941613179
9.79243382
9.624995485
9.458916738
9.318606681
9.212068786
9.136652396
9.094120601
9.072284466
9.077561035
9.09456818
9.118739657
9.15003301
9.190415662
9.247036841
9.311494536
9.383237886
9.460855897
9.540205331
9.615577135
9.688917045
9.763786635
9.833318753
9.903343536
9.961998157
10.0184594
10.05783814
10.09376657
10.11486126
10.1290835
10.12366526
10.10119037
10.05931833
9.984191196
9.89495742
9.793018472
9.700217389
9.624347362
9.575370179
9.557564926
9.576693434
9.630844897
9.715963178
9.825405562
9.934416006
10.01868706
10.06011761
10.04256764
9.949454568
9.784231748
9.563286235
9.316381223
9.097179103
8.933089792
8.847888892
8.843101472
8.91697762
9.034765597
9.168295423
9.286462421
9.372725245
9.420475878
9.437469944
9.432084937
9.4189221
9.398515811
9.379096425
9.374017473
9.382443559
9.417013011
9.467869403
9.531499343
9.601563812
9.666530426
9.7091861
9.732190385
9.722871315
9.69359347
9.644178646
9.584504981
9.517460945
9.45493223
9.405415081
9.375375067
9.381118751
9.419425855
9.47968737
9.55054886
9.612230207
9.658073715
9.679766792
9.696887561
9.710433724
9.721353079
9.737216643
9.755760884
9.774808448
9.78532753
9.792591427
9.799748626
9.801405691
9.794212817
9.773414692
9.745982068
9.713562162
9.681713958
9.673835759
9.675465893
9.693349473
9.717915183
9.741643796
9.757976049
9.759394649
9.744645894
9.70607914
9.660155789
9.600688685
9.537359918
9.482859805
9.440858904
9.424253372
9.419622555
9.428093743
9.444463315
9.475135261
9.518761602
9.578962538
9.653306734
9.722905044
9.770578048
9.774521842
9.743184422
9.676808154
9.595527945
9.519019221
9.438529281
9.351828377
9.269876518
9.175826575
9.08565632
8.999926382
8.93042968
8.892812894
8.895705145
8.922812482
8.980782747
9.041886584
9.095013643
9.127561124
9.14367544
9.14129068
9.114236788
9.067276362
9.009486603
8.953736682
8.920909866
8.928122935
8.986609637
9.089289314
9.239934574
9.416939651
9.594330429
9.756664933
9.887147589
9.981763996
10.03541616
10.05732395
10.06510137
10.06753986
10.06993174
10.06090328
10.04091591
9.998321343
9.942213663
9.881885895
9.82171069
9.759325124
9.707898444
9.656453965
9.59535303
9.51930692
9.442375022
9.369441247
9.306359684
9.268212559
9.25431861
9.276393349
9.332108346
9.415681949
9.510795084
9.602301673
9.678892055
9.736473961
9.77672579
9.782687398
9.76499637
9.734429707
9.69617315
9.66128676
9.636067054
9.628025121
9.638190865
9.660490752
9.694558355
9.728401698
9.754372444
9.765704464
9.765119838
9.741105078
9.705348758
9.660774574
9.622717803
9.592322412
9.574089148
9.567893133
9.565304752
9.562892324
9.550572288
9.51485548
9.458846223
9.384318139
9.299977534
9.215739241
9.141448263
9.089137538
9.058542295
9.051336571
9.063740338
9.08064731
9.092543986
9.09697945
9.090177075
9.074089922
9.071642199
9.08954659
9.149626026
9.24609497
9.378103157
9.534739635
9.699559581
9.855649838
9.989063932
10.08513916
10.14409428
10.15802614
10.13802163
10.09339445
10.03892411
9.988988325
9.953440095
9.924781544
9.899477058
9.873618776
9.851700879
9.814224387
9.763597105
9.680668585
9.562307636
9.421200401
9.273445548
9.13405841
9.028558144
8.963948558
8.941091822
8.961076041
9.022230484
9.113646189
9.228409335
9.353585865
9.485635925
9.601025397
9.702356018
9.780080004
9.826657924
9.853106854
9.84332778
9.813241346
9.765200094
9.704217371
9.637924621
9.572780696
9.511027912
9.454108401
9.415289202
9.383806446
9.371288079
9.376651673
9.394416149
9.427422134
9.469024777
9.514377437
9.556819694
9.598918123
9.631361959
9.651753867
9.666823164
9.669937187
9.668110507
9.650811739
9.630650203
9.601670095
9.567930977
9.52578467
9.480842974
9.438215805
9.400559568
9.368326063
9.354671866
9.348713061
9.356511513
9.376174766
9.414122664
9.462690442
9.52784171
9.593581457
9.638384674
9.660527139
9.640826074
9.58067453
9.48800811
9.393380599
9.305583992
9.262729305
9.268941567
9.321828292
9.422095605
9.543153382
9.676844486
9.810952567
9.924753779
10.02358491
10.09452129
10.13686487
10.13614263
10.09337724
10.02475472
9.937535224
9.844340783
9.752747524
9.660605278
9.577084102
9.495546651
9.406835783
9.311319293
9.217747576
9.121640459
9.033111065
8.958422989
8.912042937
8.885197355
8.881626121
8.903116366
8.944775643
9.000204743
9.071528031
9.159313259
9.269436421
9.393306224
9.52543295
9.670748478
9.805701853
9.948643416
10.07610992
10.19730898
10.30650341
10.39271349
10.43306449
10.41295623
10.32346518
10.17482596
9.996164821
9.818128188
9.668753668
9.557207934
9.493518126
9.473720304
9.488566433
9.527689801
9.586621122
9.654852104
9.71415317
9.746970114
9.746538307
9.692050339
9.58054843
9.429546425
9.261476481
9.106098782
8.994949845
8.926503212
8.911205758
8.948808417
9.018223219
9.098654726
9.188463165
9.25919417
9.31692403
9.366002513
9.403165092
9.431197244
9.460685472
9.490743476
9.517061103
9.531604036
9.516804173
9.470929256
9.397523952
9.312919292
9.236766564
9.178427354
9.145034291
9.137935009
9.156620573
9.186038253
9.235240627
9.294501627
9.367163954
9.446691835
9.544464759
9.660481799
9.789924332
9.929206437
10.0612499
10.18099418
10.2699379
10.33088841
10.35723127
10.33874514
10.29253081
10.20329438
10.09359239
9.961752378
9.829398246
9.707693021
9.60409455
9.535765552
9.500726578
9.492798343
9.499509563
9.516281126
9.535916946
9.555479833
9.570337346
9.58071497
9.580452176
9.574062015
9.551633725
9.514184233
9.464695909
9.416508776
9.375639931
9.339683023
9.320422052
9.313710697
9.327583062
9.351044843
9.371088041
9.390253449
9.40857543
9.417011999
9.432509231
9.454295492
9.477377991
9.496504844
9.498944663
9.473516983
9.430699647
9.371762737
9.312961407
9.262911896
9.250514625
9.284013914
9.369135779
9.507377928
9.689939468
9.891619028
