1.234797079
1.234379442
1.229668449
1.22076727
1.208950827
1.196240972
1.184889962
1.176733188
1.172529341
1.171885174
1.17354651
1.176023794
1.177980777
1.178385748
1.176803383
1.173072952
1.167346339
1.160028921
1.151542372
1.142400672
1.133229687
1.124606388
1.117219837
1.11195175
1.109742365
1.111346367
1.117215118
1.127478513
1.142149766
1.160984063
1.183275786
1.20761196
1.232237917
1.255270296
1.274823474
1.289103902
1.29637974
1.295406983
1.286047883
1.269270106
1.247238206
1.223001936
1.199951935
1.181189172
1.168806073
1.1633793
1.163852028
1.167951784
1.173045027
1.177269957
1.180167601
1.182627814
1.18616707
1.191830798
1.199374508
1.207183032
1.212846738
1.213931545
1.208712778
1.196747083
1.179290552
1.159308882
1.140683849
1.12725931
1.121813048
1.125426504
1.137428567
1.155850041
1.177909755
1.20076454
1.221964493
1.239793124
1.253282928
1.262161016
1.266662648
1.267241624
1.264300348
1.2581608
1.248940327
1.236539827
1.220786444
1.201660543
1.179500407
1.155073567
1.129598588
1.104505334
1.080988092
1.06000493
1.042075739
1.027502663
1.016523063
1.00935411
1.006079889
1.006744386
1.011506975
1.020853672
1.035751444
1.057481103
1.087237204
1.125386661
1.170825088
1.220875976
1.271658505
1.318606037
1.357514479
1.385209477
1.399902754
1.4012641
1.39016154
1.368372279
1.33825511
1.302851021
1.265329015
1.22889037
1.196370663
1.169871848
1.150395233
1.137748881
1.130979544
1.128859868
1.13031821
1.134765869
1.141840727
1.151057571
1.161361643
1.171074608
1.178433586
1.182299854
1.182573667
1.180263465
1.177186835
1.175498215
1.177337703
1.184194276
1.196429266
1.212920787
1.23109949
1.247519366
1.258826935
1.262791765
1.258881504
1.248231685
1.232915052
1.215077127
1.196313152
1.177513627
1.159040474
1.141117038
1.12403908
1.108330148
1.094730026
1.084221625
1.077781778
1.07615019
1.079577255
1.088011981
1.10143778
1.120069346
1.143909993
1.172100686
1.202561508
1.232101311
1.257369191
1.275891746
1.286745388
1.290365474
1.287667515
1.279669114
1.267211504
1.251550665
1.234685029
1.219170603
1.207340046
1.20036463
1.197784092
1.197845235
1.198090963
1.196233871
1.190613488
1.180573251
1.166604574
1.15045852
1.135085558
1.124093842
1.120778592
1.127056105
1.14279188
1.165823201
1.192851093
1.220255439
1.244837814
1.263925157
1.275327767
1.277413891
1.269211518
1.250674925
1.222832778
1.187834891
1.148851403
1.109989862
1.075974262
1.051674268
1.041025407
1.045705308
1.064036448
1.091129488
1.120249823
1.144991703
1.160996272
1.167027853
1.164646365
1.157360982
1.149342407
1.144140647
1.143951427
1.149274733
1.15912355
1.171513152
1.184051189
1.19447251
1.201297021
1.203984613
1.202845412
1.198631691
1.192219828
1.184043408
1.17431135
1.163251482
1.151507036
1.140584623
1.132822161
1.130532386
1.135036495
1.145799822
1.160438318
1.175344537
1.186647917
1.19143232
1.188219211
1.177427783
1.161314286
1.143544983
1.128717872
1.121753638
1.12677559
1.145406185
1.175446152
1.211485905
1.247059316
1.276539507
1.296070489
1.303615732
1.299043216
1.284100625
1.262337548
1.238751071
1.218822598
1.207075941
1.205800227
1.214413925
1.230004217
1.248474463
1.26573783
1.278525956
1.284684932
1.283291115
1.274695074
1.260565806
1.243638651
1.227188074
1.21411
1.205897485
1.202198677
1.201089543
1.200111344
1.197200927
1.191460793
1.183367224
1.174450181
1.16636365
1.159866471
1.154659983
1.149757207
1.144349115
1.138074572
1.131012955
1.123738576
1.117101975
1.11206487
1.10934007
1.109028468
1.110780191
1.113833831
1.117134747
1.11976013
1.121655087
1.124371972
1.131274472
1.145984267
1.16984952
1.200528883
1.233115494
1.262453761
1.284633144
1.297165082
1.298955858
1.290648401
1.274645862
1.254426127
1.233099794
1.21255629
1.193627638
1.176976828
1.163770549
1.155589798
1.153704825
1.158257369
1.167776646
1.179439112
1.189576761
1.194490384
1.191309969
1.178598764
1.157085972
1.129963897
1.102668449
1.081754265
1.072683555
1.077838611
1.095727401
1.12177703
1.149977449
1.174786764
1.192517205
1.202004727
1.204750974
1.204220589
1.204633928
1.209394315
1.219461785
1.232956366
1.245964235
1.254561227
1.256635379
1.252577681
1.244931814
1.237154421
1.232197786
1.231471066
1.234744599
1.240642104
1.247365294
1.253120597
1.256314806
1.255654333
1.249915772
1.23817118
1.220015795
1.195867295
1.167262854
1.137092482
1.109309002
1.088280306
1.077410038
1.077808884
1.087915696
1.104619481
1.124777646
1.145944592
1.166133231
1.183557742
1.19665841
1.204498632
1.206632147
1.203100491
1.194333616
1.181267336
1.165430488
1.148931107
1.134285898
1.123912959
1.119605822
1.122015455
1.130441927
1.143037584
1.157407685
1.17113824
1.18245679
1.190509309
1.195490245
1.198216264
1.199358295
1.199131029
1.197337012
1.193919046
1.189417124
1.185129579
1.182851461
1.184440865
1.191218617
1.203628376
1.221002393
1.241532753
1.262526465
1.28135035
1.296144355
1.306049119
1.310698581
1.309749777
1.302407277
1.287895632
1.26630884
1.239093211
1.209276763
1.180914711
1.157988973
1.143197223
1.137094275
1.138610649
1.14594238
1.157294558
1.171070743
1.185365467
1.197817476
1.205770001
1.206707288
1.199109832
1.183215272
1.161178633
1.136578233
1.113354075
1.095029992
1.084338908
1.082877919
1.090893355
1.10730039
1.129743551
1.155104733
1.180242044
1.202501635
1.219921274
1.231520557
1.237616953
1.239689356
1.239798146
1.23995629
1.241767331
1.24640556
1.254489271
1.265730964
1.278600164
1.29042606
1.298107522
1.298931357
1.291406121
1.27556651
1.252993701
1.22646501
1.199361194
1.175095692
1.156550631
1.145273125
1.14118495
1.142601015
1.147088096
1.15262578
1.158196013
1.163694875
1.169277146
1.174787382
1.179802951
1.184043802
1.187855712
1.192066386
1.197650246
1.20499973
1.21365593
1.222564029
1.230553465
1.236668948
1.240027482
1.239840611
1.235821407
1.228437427
1.218717058
1.207380714
1.194477072
1.179677147
1.163539417
1.148149344
1.136405305
1.130298768
1.129633898
1.132724696
1.137806854
1.143746209
1.150167352
1.157155664
1.164892534
1.173679828
1.183865785
1.195509439
1.208567281
1.223040136
1.238918235
1.255483453
1.270808716
1.282145626
1.286758135
1.282746612
1.269543803
1.247928447
1.21982561
1.188230654
1.156961555
1.130040394
1.11086253
1.101423005
1.101919256
1.111007034
1.126518694
1.145830091
1.16633408
1.185533589
1.201259465
1.211758785
1.215847152
1.212996791
1.203868954
1.190080102
1.173880883
1.157610479
1.143341132
1.132609798
1.126563482
1.126354364
1.133270425
1.148245829
1.171122295
1.199695918
1.229733613
1.256491344
1.276374363
1.288189586
1.293203535
1.294112673
1.29341025
1.292308367
1.290587574
1.287470342
1.282286244
1.274727427
1.264597594
1.25164533
1.235636379
1.216617427
1.195113141
1.172321204
1.149878828
1.129499437
1.112910531
1.101749512
1.097466306
1.100528783
1.109725899
1.122228831
1.134429679
1.143083259
1.146250199
1.14362183
1.136495289
1.127281008
1.118869674
1.113946676
1.114324783
1.120689247
1.132365417
1.147596689
1.164023364
1.179337433
1.191890965
1.201357815
1.208668792
1.215366149
1.222764072
1.231001187
1.239092408
1.245582027
1.249281757
1.249596278
1.246679858
1.241199446
1.233756523
1.224548137
1.213561972
1.200950507
1.187510032
1.174754471
1.164554831
1.158495823
1.157123436
1.159693132
1.164517946
1.169773445
1.174350477
1.17817208
1.181939091
1.186582315
1.192521047
1.198972169
1.204200309
1.20649404
1.205364392
1.201944644
1.198251272
1.195628978
1.193739921
1.190904327
1.185324394
1.176472047
1.165939776
1.156985235
1.153192255
1.156851738
1.167847635
1.183921101
1.201735195
1.217936893
1.230115597
1.236954214
1.23820718
1.23454945
1.227140935
1.217593958
1.207633844
1.199225193
1.193842981
1.191946729
1.19276649
1.194528596
1.195384774
1.1940811
1.190504153
1.18555846
1.181008679
1.178916742
1.180921893
1.1876801
1.198631008
1.212306701
1.226843403
1.240427259
1.251459749
1.258547784
1.260562398
1.256741458
1.246962315
1.232099002
1.214040596
1.195661087
1.180159377
1.169990738
1.165949195
1.166971405
1.170747343
1.174825659
1.177529158
1.178022715
1.176217133
1.17227458
1.166608733
1.160139498
1.154359388
1.151026486
1.151538398
1.156268501
1.164269651
1.173519075
1.181748808
1.187220832
1.189271427
1.188561529
1.186593574
1.185184954
1.185721153
1.188904483
1.194640707
1.202315503
1.210616048
1.218020576
1.223375909
1.226499468
1.227941925
1.228261133
1.227075275
1.223174409
1.215253255
1.202926867
1.187281954
1.170551593
1.155512227
1.144733253
1.139948749
1.142051994
1.151038605
1.166156325
1.185792393
1.207602508
1.228883523
1.246958128
1.259693267
1.265818692
1.264901638
1.257424045
1.24453772
1.228185228
1.210814129
1.194943725
1.182288142
1.173404081
1.167646538
1.163871966
1.161213064
1.159378025
1.158125019
1.156761983
1.154353394
1.150628339
1.146386707
1.143486339
1.144147165
1.150076718
1.161910448
1.178935401
1.198888798
1.218535487
1.234302815
1.243164408
1.24349737
1.235709991
1.22246295
1.207526939
1.193798572
1.181797896
1.170061896
1.157122963
1.143080677
1.130160214
1.122322942
1.123818719
1.136905323
1.160338721
1.18968511
1.219279569
1.244460609
1.262722042
1.273515935
1.277613342
1.276255726
1.270618872
1.261552711
1.249341091
1.234053977
1.216061041
1.196301589
1.176413224
1.158197359
1.143062618
1.131459987
1.122845932
1.116110872
1.110287164
1.105181635
1.101508277
1.100754045
1.104545113
1.113810143
1.12816013
1.145873822
1.164600497
1.18205505
1.196278365
1.20540801
1.207793107
1.202513143
1.190039899
1.17239783
1.153177665
1.136686275
1.126878259
1.126345351
1.135769852
1.153715799
1.176998819
1.201484692
1.222926847
1.237611672
1.242846199
1.237342212
1.221280326
1.196513697
1.166572948
1.136274594
1.110928347
1.095153639
1.091929374
1.101982699
1.123832532
1.154306315
1.189187156
1.224021917
1.254713226
1.278063705
1.292243325
1.296946667
1.293173823
1.282876771
1.268312402
1.251359471
1.233373016
1.215378584
1.198573326
1.184699883
1.175800343
1.173695473
1.179162379
1.191579505
1.208747958
1.227134036
1.242542973
1.251087387
1.250325737
1.240023785
1.222444281
1.201390751
1.181461576
1.167021507
1.161335071
1.165872076
1.179802239
1.200301711
1.223163313
1.243866446
1.258553138
1.264616614
1.261117948
1.248750999
1.229617424
1.206713679
1.183065456
1.161279731
1.143099177
1.129498222
1.121065355
1.11820131
1.12098354
1.128845121
1.140177488
1.152478474
1.163088789
1.169994142
1.172411566
1.170804418
1.166309794
1.160153073
1.153383468
1.146424349
1.139469416
1.132753872
1.126724835
1.122061387
1.11945274
1.119646441
1.123450674
1.131407042
1.143551809
1.159058021
1.176186502
1.192820492
1.207112623
1.218205409
1.226472259
1.232629124
1.236653011
1.237401417
1.233510501
1.224265041
1.210255286
1.193044274
1.174869484
1.158333245
1.14609255
1.140653161
1.143939716
1.156646869
1.177787136
1.204530054
1.232810119
1.258408088
1.277836179
1.28902358
1.291497315
1.286430421
1.276134472
1.263334329
1.250431608
1.238772666
1.228518703
1.218929412
1.209003691
1.19808958
1.186300765
1.17443043
1.16400401
1.157094556
1.155973719
1.162005859
1.174740818
1.191638578
1.208960845
1.223047324
1.231310231
1.23257836
1.227279257
1.217080283
1.204300441
1.190998304
1.178139618
1.165558288
1.152459445
1.138386952
1.123791053
1.109804641
1.097982332
1.089756898
1.085931277
1.086664648
1.091487487
1.09962095
1.110471793
1.123631941
1.138705811
1.155166372
1.172144839
1.188327165
1.202099805
1.211689056
1.215592594
1.213027717
1.204065182
1.189709344
1.171865782
1.153254537
1.137070947
1.126569822
1.124390304
1.132100216
1.149894895
1.176500539
1.209446902
1.245228676
1.279711283
1.308613482
1.328140121
1.335220963
1.327920764
1.305718937
1.269468723
1.221873782
1.167858987
1.114839903
1.071796006
1.046322765
1.04111282
1.053424413
1.077664555
1.108136473
1.14017893
1.170191754
1.19572811
1.215649999
1.229960742
1.23974247
1.246695513
1.252327439
1.257675516
1.26287641
1.267354498
1.270074978
1.269907426
1.266108086
1.258479195
1.247160333
1.232331497
1.214227646
1.193625087
1.172419336
1.15366872
1.140605274
1.13534808
1.137881627
1.146189671
1.157481598
1.16954443
1.181342577
1.19210207
1.20048109
1.204788405
1.203825186
1.197475138
1.186569824
1.172597018
1.157328238
1.142869358
1.131143451
1.123374886
1.119466276
1.118195771
1.117933753
1.117619986
1.117285537
1.118159764
1.122042271
1.13057983
1.144542813
1.163475671
1.185862169
1.209558598
1.232242878
1.251698467
1.266045434
1.273937317
1.274972581
1.269838738
1.260277086
1.248410357
1.236052051
1.224325015
1.213601082
1.204078509
1.196235803
1.190971211
1.189169444
1.190932731
1.194873799
1.198569408
1.199297764
1.195199843
1.185967054
1.172964629
1.158765761
1.146017361
1.136679141
1.131509739
1.130340847
1.132415654
1.13698141
1.143550425
1.151926037
1.162197869
1.174275436
1.187427603
1.200155521
1.210685145
1.217734837
1.221272762
1.22262587
1.223699463
1.226046205
1.229739536
1.233219021
1.234157256
1.230712047
1.222385386
1.210349635
1.196821931
1.184311319
1.17454669
1.16808732
1.164335213
1.16202283
1.15973421
1.156438366
1.151735437
1.145516605
1.137907092
1.129340463
1.120628725
1.113031005
1.107807139
1.105802671
1.106954978
1.110418321
1.114981557
1.119761335
1.124734106
1.130551463
1.138027011
1.147607472
1.159112243
1.171724275
1.184074481
1.194621554
1.202228328
1.206495752
1.207763749
1.207090736
1.206046537
1.206050392
1.207911735
1.211635152
1.216655357
1.222361714
1.22858585
1.235390326
1.242975459
1.251287736
1.259848236
1.267791182
1.274083022
1.277643924
1.27764291
1.273380427
1.264215843
1.249567299
1.2289976
1.202566397
1.171060489
1.136329386
1.101228563
1.069292688
1.044149537
1.028860483
1.025389685
1.0342658
1.054508211
1.083740475
1.118599375
1.155391268
1.190578244
1.220922989
1.243876537
1.257651369
1.261378168
1.255590411
1.242482075
1.22568396
1.209415563
1.196892136
1.189315085
1.186139707
1.186497189
1.190315853
1.19835509
1.211115401
1.227696036
1.245385819
1.26067505
1.270484213
1.273218871
1.268979126
1.25915325
1.245602696
1.229945549
1.213347666
1.196816417
1.181782913
1.169947283
1.162895071
1.161359906
1.165037391
1.172999463
1.184112465
1.19739074
1.212068447
1.227353097
1.242334243
1.255849004
1.266295047
1.271873233
1.27096996
1.262655794
1.247056271
1.225411187
1.200069634
1.174273811
1.151455639
1.134524519
1.125405211
1.12435612
1.129634831
1.137889353
1.145741421
1.151161104
1.154139962
1.156099359
1.158722699
1.162942339
1.169012313
1.177031509
1.187336535
1.200111409
1.214757162
1.229433524
1.241412183
1.248028075
1.247651067
1.240320887
1.227840923
1.213333879
1.200085135
1.190290694
1.184254153
1.180291876
1.175713481
1.168368599
1.157451482
1.143549225
1.128149571
1.113191822
1.100962274
1.093918898
1.094277209
1.10343665
1.121579573
1.147610484
1.179029815
1.212211883
1.242885466
1.267273248
1.28312023
1.290488164
1.291301227
1.288473905
1.284676863
1.281391171
1.27873332
1.275624508
1.270488224
1.262278463
1.251180852
1.238872297
1.227842748
1.220380174
1.21743136
1.218322547
1.220919086
1.222462254
1.220293702
1.212798533
1.199849976
1.183010171
1.165233368
1.149666389
1.138110016
1.130139055
1.124051462
1.118519073
1.113441089
1.109864669
1.109231555
1.112950537
1.122230457
1.137576002
1.158149106
1.181789858
1.20556562
1.226762247
1.243699623
1.255831036
1.263505045
1.26748977
1.268548651
1.267016686
1.2627413
1.255118425
1.243483829
1.227512679
1.207510535
1.184724911
1.161319897
1.140127469
1.123811899
1.114187006
1.11175894
1.115543872
1.123797157
1.134687671
1.146868887
1.159489168
1.171923331
1.183381563
1.192717026
1.198485347
1.199262663
1.19396991
1.18224799
1.16485944
1.143893926
1.12281261
1.1062236
1.098643746
1.102725921
1.117992637
1.140929482
1.166674413
1.191148971
1.211910939
1.228332896
1.241082648
1.251344452
1.260320601
1.268638865
1.275984252
1.281162175
1.282152862
1.276802542
1.26382122
1.243509465
1.218110106
1.191006085
1.165748673
1.145214915
1.131417709
1.125482592
1.127515923
1.136571904
1.15102299
1.168894271
1.188188457
1.20716711
1.224285338
1.23806925
1.24703908
1.249592817
1.244383059
1.230795887
1.2094548
1.182626893
1.154298481
1.129599364
1.113384806
1.108605202
1.115219577
1.130718035
1.151699897
1.175195182
1.199044868
1.221539317
1.240774356
1.254373237
1.259715956
1.25480432
1.239311107
1.215285301
1.186754291
1.158730656
1.135767091
1.120727099
1.114083971
1.114083465
1.117647401
1.121644971
1.123901021
1.123785772
1.122155795
1.120918577
1.122216677
1.127760244
1.138407595
1.153833251
1.172711983
1.193274393
1.213624632
1.231973036
1.246566136
1.255765801
1.258436015
1.254563337
1.245773976
1.235037647
1.225879586
1.221217067
1.222429341
1.228667111
1.237156324
1.244064966
1.245516288
1.238879783
1.223629439
1.201599741
1.176527427
1.152810449
1.13394909
1.121523471
1.115126499
1.113049083
1.113320454
1.114582079
1.116569984
1.120062949
1.126326172
1.13657747
1.151266301
1.16979222
1.190441755
1.210821254
1.228400733
1.241131925
1.247829266
1.248195533
1.242694511
1.23248896
1.219338288
1.205496903
1.193650458
1.186297265
1.18492232
1.189217028
1.197020559
1.205028598
1.209884277
1.209145099
1.201729727
1.18804151
1.16983749
1.150053573
1.132265536
1.119932011
1.115432462
1.119329502
1.130026238
1.144225886
1.157933138
1.167371287
1.170086059
1.165493378
1.154705246
1.140115805
1.124589601
1.110854359
1.100955761
1.096120043
1.096846884
1.102970286
1.11371046
1.127928078
1.144437377
1.162542
1.1822416
1.204221291
1.229142427
1.257203168
1.287512774
1.317915151
1.344957965
1.36460474
1.373283061
1.368821199
1.350732769
1.320106045
1.279492356
1.232768672
1.18486319
1.141389949
1.107758625
1.088080266
1.084024925
1.094443731
1.115972181
1.143888163
1.173339479
1.20010964
1.221149085
1.234770507
1.240581258
1.239348096
1.232795984
1.223424649
1.213908426
1.206999812
1.205029871
1.209297576
1.219622923
1.234163273
1.249853201
1.263410038
1.271855985
1.272927719
1.265358885
1.248819764
1.224026099
1.193017747
1.159209929
1.126897265
1.10002146
1.081100006
1.070862764
1.068730052
1.073513977
1.083884115
1.098481373
1.116001111
1.135510359
1.156274615
1.177391082
1.19744001
1.215048527
1.229571122
1.240967767
1.249500236
1.255104092
1.257300342
1.255386803
1.248742653
1.236816775
1.219196758
1.195970514
1.168369017
1.139238518
1.112912663
1.094322882
1.087461192
1.094000184
1.112622359
1.139620016
1.170294682
1.200342752
1.226572335
1.247015082
1.260918046
1.268669603
1.271696368
1.271668516
1.269819394
1.266633993
1.261981111
1.255366369
1.246557115
1.235763529
1.223590777
1.210816596
1.198103482
1.185718707
1.17348555
1.161182553
1.148800741
1.136826744
1.125962562
1.116660736
1.108945942
1.10259428
1.097523586
1.094137696
1.093384523
1.09633208
1.103712553
1.115547922
1.130978373
1.14833186
1.165531865
1.180357209
1.190918933
1.195790016
1.194100733
1.185695447
1.171217442
1.152466822
1.132479653
1.115217868
1.10514815
1.106344662
1.121265516
1.149750801
1.188491897
1.231470766
1.271447492
1.30162158
1.317403613
1.31738086
1.303417022
1.280296351
1.254398944
1.231746483
1.216021779
1.208111951
1.206578398
1.209201863
1.213897697
1.218930526
1.22289144
1.224648154
1.223321055
1.218394328
1.209766794
1.198092689
1.184957059
1.172794405
1.163972052
1.159999299
1.160917989
1.165857667
1.173799983
1.183911456
1.195272706
1.206445375
1.215500172
1.220368978
1.219557914
1.212858481
1.201639324
1.188608719
1.17684435
1.168619948
1.164397327
1.162929288
1.16225585
1.160743058
1.158043018
1.154877919
1.15220248
1.150341216
1.149096298
1.148344883
1.148549992
1.150567216
1.154859357
1.161010903
1.167582478
1.172879341
1.175545566
1.174919293
1.17141622
1.166155873
1.160739482
1.156739418
1.155368948
1.15732804
1.162788824
1.171378019
1.182030881
1.193083606
1.202497489
1.208549116
1.21061348
1.20944058
1.206460946
1.202613317
1.19741704
1.189358742
1.177418998
1.162587643
1.148143505
1.138398442
1.136502501
1.142953024
1.155691057
1.171415484
1.187451068
1.202620114
1.217220612
1.232282665
1.248534139
1.265716989
1.282204974
1.295420034
1.302870867
1.303230966
1.296999433
1.286309636
1.274240789
1.263545696
1.255985771
1.252412606
1.253075798
1.258037059
1.26680149
1.277775829
1.288246291
1.294743924
1.294162698
1.284626402
1.265869872
1.239200066
1.207279984
1.173831876
1.142940917
1.11808797
1.101163118
1.091897591
1.088229928
1.087442263
1.087534087
1.088032416
1.089896692
1.094489889
1.102423543
1.112904733
1.124253818
1.135110086
1.144877345
1.15392175
1.163129606
1.173512018
1.185638698
1.199405927
1.213685007
1.22649893
1.235539451
1.238955781
1.236013777
1.2271824
1.213866755
1.198082857
1.181899918
1.167266842
1.155766026
1.148520154
1.145934424
1.147671457
1.152574966
1.15890025
1.164752549
1.168704666
1.169970273
1.168408094
1.164420831
1.158767147
1.152533093
1.147094965
1.14387796
1.143903628
1.147473392
1.153879292
1.161772377
1.169509332
1.175737356
1.17964587
1.181172801
1.181046253
1.180724506
1.182046416
1.186816697
1.195923779
1.209030792
1.224535717
1.240105721
1.253519174
1.26319151
1.268439712
1.269469904
1.267256869
1.263535255
1.260394393
1.259603955
1.261671274
1.265355936
1.268023541
1.266474274
1.258152908
1.242167458
1.219438468
1.192204547
1.163247358
1.135328797
1.110916757
1.092145118
1.080558334
1.076666561
1.079483629
1.0867918
1.095923382
1.104643505
1.111735734
1.116988349
1.120920683
1.124369948
1.128233304
1.133659653
1.142255334
1.155869504
1.175614364
1.200730633
1.228165416
1.25370458
1.273637937
1.285799195
1.289697082
1.285879162
1.27539903
1.25950577
1.239700469
1.217760803
1.195707445
1.175498135
1.158675028
1.146294056
1.138896207
1.136616122
1.13912121
1.1456539
1.155081706
1.16622855
1.177899653
1.189130087
1.199301981
1.207970837
1.214722555
1.219122331
1.220762434
1.219327113
1.214766269
1.207474887
1.198295185
1.188494798
1.179302471
1.171487417
1.165363266
1.160908521
1.158149061
1.157110159
1.157781361
1.160133606
1.164109413
1.169755805
1.176959031
1.18530509
1.194111735
1.20248644
1.209674565
1.21503561
1.218285016
1.219285771
1.217904341
1.213847177
1.2067432
1.196569751
1.183988516
1.17079755
1.159880814
1.154410475
1.156774329
1.167335984
1.18408738
1.203103404
1.219735422
1.229965193
1.231348928
1.223531521
1.208016803
1.187535989
1.165071134
1.143137185
1.123493573
1.107482037
1.096296371
1.091091957
1.092505197
1.100300332
1.113174493
1.129231323
1.146437415
1.163150529
1.178549911
1.192666445
1.206152441
1.219972081
1.234755011
1.250454839
1.266297769
1.280939057
1.292906577
1.301069941
1.304833665
1.304160175
1.299576721
1.291788884
1.281415727
1.268605666
1.253080348
1.234378742
1.212452543
1.188120883
1.162648972
1.137282733
1.112658505
1.088820046
1.065829443
1.044562036
1.027279483
1.017456392
1.01892606
1.033796426
1.060616291
1.094269724
1.128250689
1.157267782
1.178508495
1.191380782
1.196654628
1.195657707
1.189876974
1.180746148
1.170002875
1.159853923
1.153270947
1.153686489
1.163788747
1.184058936
1.211960782
1.242634213
1.270666192
1.291590685
1.302850239
1.303974616
1.296267714
1.282317398
1.265382903
1.248588308
1.234227143
1.223274208
1.215514868
1.209805615
1.204746168
1.199229838
1.193227538
1.187888512
1.185193188
1.187243497
1.195103205
1.208024661
1.223459915
1.238262694
1.249712198
1.256529283
1.258703387
1.257026472
1.252485774
1.245929197
1.237623753
1.227350821
1.214430011
1.198090089
1.177957084
1.154490906
1.129078003
1.103723601
1.080644937
1.061868348
1.04888238
1.042544767
1.04317756
1.050758658
1.064895315
1.084564173
1.107988266
1.132605503
1.155644779
1.174682327
1.188222384
1.196012006
1.198892005
1.198362718
1.196054994
1.193283651
1.190758053
1.188821905
1.187667044
1.187650266
1.18937816
1.193306074
1.199507751
1.207396189
1.215882029
1.223610723
1.229343759
1.232188837
1.231896465
1.22880669
1.223948089
1.218863868
1.214806545
1.212167001
1.210276866
1.207870866
1.204296378
1.200129593
1.197109106
1.197172581
1.201475157
1.209934129
1.221049016
1.232517225
1.241608911
1.245493874
1.24135593
1.227081999
1.202316793
1.169309867
1.133024109
